hid1:
[[1.89783409e-01 3.25605720e-02 1.37055591e-01 2.24947315e-02 1.49129421e-01 0.00000000e+00 4.68276769e-01 3.41608405e-01 1.75596531e-02 0.00000000e+00 0.00000000e+00 3.05263877e-01 3.38678837e-01 3.21605563e-01 2.95814365e-01]
 [3.22694391e-01 9.03385878e-02 1.88874006e-01 0.00000000e+00 7.51401931e-02 0.00000000e+00 2.51241177e-01 5.84802151e-01 4.12285626e-02 0.00000000e+00 0.00000000e+00 3.26160878e-01 4.33390558e-01 4.51953232e-01 3.93702835e-01]
 [2.64967829e-01 1.16507344e-01 1.17197812e-01 0.00000000e+00 1.80151835e-01 0.00000000e+00 3.72696042e-01 4.55759555e-01 0.00000000e+00 0.00000000e+00 0.00000000e+00 4.60067540e-01 3.17535251e-01 2.48672113e-01 3.65978539e-01]
 [3.39118838e-02 2.56696969e-01 1.47717953e-01 2.18444601e-01 9.69295055e-02 3.00806817e-02 2.46221542e-01 1.85657412e-01 0.00000000e+00 0.00000000e+00 0.00000000e+00 3.16254586e-01 2.59436406e-02 1.53611287e-01 6.92621022e-02]
 [6.08429350e-02 2.53370047e-01 1.61148563e-01 1.38588443e-01 9.83114820e-04 0.00000000e+00 3.19543064e-01 2.81735569e-01 0.00000000e+00 0.00000000e+00 0.00000000e+00 3.66783440e-01 1.06555954e-01 6.47332370e-02 3.59318592e-02]
 [9.92711633e-02 2.22530127e-01 2.04476357e-01 2.23539099e-01 0.00000000e+00 0.00000000e+00 2.18400791e-01 3.33647162e-01 7.29284957e-02 0.00000000e+00 0.00000000e+00 2.12301120e-01 1.51983172e-01 1.51699498e-01 9.02891345e-03]
 [8.27982277e-02 2.51616210e-01 1.28575325e-01 2.10019961e-01 9.06458311e-03 7.10169505e-03 1.79259971e-01 1.75896049e-01 0.00000000e+00 2.01577097e-02 0.00000000e+00 3.17192644e-01 0.00000000e+00 2.76912339e-02 0.00000000e+00]
 [9.90863964e-02 1.84808955e-01 1.57381698e-01 1.02485999e-01 8.46063625e-03 0.00000000e+00 2.15489820e-01 2.95147866e-01 0.00000000e+00 0.00000000e+00 0.00000000e+00 2.53524810e-01 7.17309043e-02 1.79741144e-01 6.43613189e-02]
 [4.63013723e-02 1.75586849e-01 1.80007339e-01 1.80292800e-01 0.00000000e+00 0.00000000e+00 2.05587029e-01 2.97157019e-01 1.09722070e-01 0.00000000e+00 0.00000000e+00 3.08745682e-01 1.51507273e-01 2.00068131e-01 1.41960857e-02]
 [7.63752609e-02 2.32403204e-01 1.54105902e-01 2.44375110e-01 0.00000000e+00 0.00000000e+00 1.83601826e-01 2.77918428e-01 4.46607061e-02 0.00000000e+00 0.00000000e+00 2.12022260e-01 1.94178909e-01 1.34463415e-01 6.43200055e-02]
 [1.25483021e-01 2.40096658e-01 1.15032703e-01 1.55550942e-01 0.00000000e+00 7.41318241e-03 1.28095895e-01 2.16773003e-01 0.00000000e+00 0.00000000e+00 3.73336981e-04 3.29962462e-01 0.00000000e+00 1.00697778e-01 0.00000000e+00]
 [5.14926873e-02 2.24960029e-01 1.90347433e-01 1.49787158e-01 0.00000000e+00 0.00000000e+00 1.53100803e-01 2.90643394e-01 1.22322008e-01 0.00000000e+00 0.00000000e+00 1.89410090e-01 1.76047534e-01 1.84908614e-01 6.93197176e-02]
 [1.93446018e-02 3.28369170e-01 1.46685898e-01 2.81798959e-01 0.00000000e+00 2.67899111e-02 2.27351621e-01 1.58439502e-01 5.58712594e-02 0.00000000e+00 0.00000000e+00 2.42012858e-01 0.00000000e+00 9.16834474e-02 0.00000000e+00]
 [1.21859424e-01 1.95664495e-01 1.15692377e-01 1.52135491e-01 0.00000000e+00 4.81160320e-02 1.67773560e-01 2.31293172e-01 6.16699681e-02 0.00000000e+00 0.00000000e+00 3.07709128e-01 8.52275491e-02 1.15783833e-01 3.27061340e-02]
 [3.96071039e-02 2.21305907e-01 1.43729255e-01 1.43368334e-01 5.87817915e-02 5.36779687e-02 2.69681096e-01 2.55049109e-01 3.39353196e-02 2.17301026e-02 0.00000000e+00 3.16577286e-01 0.00000000e+00 1.11070737e-01 5.09733260e-02]]
hid2:
[[ 1.88354492e-01  2.40758404e-01  2.21116975e-01  8.04100633e-02  1.56368867e-01  2.39172243e-02  2.15214401e-01  4.73992229e-01 -4.26535234e-02  7.88463876e-02 -3.93659696e-02  3.79349977e-01  2.72373646e-01  2.74099976e-01  3.20780426e-01]
 [ 2.06391320e-01  2.39942163e-01  2.31093347e-01  6.73813969e-02  1.95251927e-01  2.47972682e-02  2.23178685e-01  5.22717178e-01 -5.91373257e-02  8.94506574e-02 -3.87526862e-02  4.00968343e-01  3.14977109e-01  3.23836863e-01  3.87454510e-01]
 [ 2.04291999e-01  2.43463248e-01  2.30251491e-01  7.38974139e-02  1.77473575e-01  2.60342304e-02  2.20710054e-01  5.04433393e-01 -4.79288697e-02  8.65167826e-02 -3.76961567e-02  3.93225998e-01  2.98221588e-01  3.03699583e-01  3.57479632e-01]
 [ 1.25321940e-01  2.36078262e-01  1.79221109e-01  1.36992097e-01 -4.11009267e-02  1.58656389e-02  1.58525825e-01  2.39597932e-01  3.30565870e-02  2.75964439e-02 -4.94489297e-02  2.63223886e-01  7.21996278e-02  4.87175882e-02 -1.24556795e-02]
 [ 1.11290179e-01  2.33596310e-01  1.77945644e-01  1.22940794e-01  3.04283239e-02  1.28593575e-02  1.84969619e-01  3.12530756e-01 -5.62027656e-03  3.75648439e-02 -4.82517183e-02  3.07507545e-01  1.27641872e-01  1.14087790e-01  1.02892816e-01]
 [ 8.06940496e-02  2.33786300e-01  1.63469777e-01  1.37055188e-01  7.77719542e-04  9.51269362e-03  1.82820022e-01  2.72101223e-01  2.31432309e-03  2.57179327e-02 -4.95965630e-02  2.94113785e-01  8.74557719e-02  6.96865842e-02  4.93219085e-02]
 [ 1.35713771e-01  2.39123270e-01  1.84097782e-01  1.38776794e-01 -4.94532362e-02  1.73732936e-02  1.55436829e-01  2.37331495e-01  4.03943062e-02  2.85752956e-02 -4.89617251e-02  2.60454148e-01  7.00322166e-02  4.69037667e-02 -2.50245668e-02]
 [ 6.97434917e-02  2.31797844e-01  1.58119544e-01  1.38757318e-01 -1.05248764e-03  7.74202030e-03  1.83314577e-01  2.65456557e-01 -4.35488299e-04  2.27337833e-02 -5.05207665e-02  2.92600125e-01  8.07567686e-02  6.25633672e-02  4.48702872e-02]
 [ 9.83238816e-02  2.32435137e-01  1.73652634e-01  1.20622456e-01  5.01066372e-02  1.13116754e-02  1.94316372e-01  3.28457206e-01 -1.76889636e-02  3.84950601e-02 -4.78031114e-02  3.19877148e-01  1.38367966e-01  1.26342282e-01  1.33295879e-01]
 [ 8.29359218e-02  2.30108917e-01  1.64365783e-01  1.29006311e-01  2.16228757e-02  9.25432518e-03  1.86399475e-01  2.90838093e-01 -8.79699364e-03  2.95745432e-02 -4.97151837e-02  3.01975429e-01  1.06452502e-01  9.00622383e-02  8.45091492e-02]
 [ 1.51247293e-01  2.47906014e-01  1.90583333e-01  1.49349704e-01 -9.09159184e-02  2.29185335e-02  1.44835696e-01  2.00336918e-01  7.12418631e-02  2.61003897e-02 -4.59343232e-02  2.39626989e-01  4.05753702e-02  9.48235858e-03 -9.17103514e-02]
 [ 9.50990170e-02  2.33155087e-01  1.73149049e-01  1.21201068e-01  5.53695932e-02  1.03787770e-02  1.97487503e-01  3.35873902e-01 -2.14184243e-02  3.87168936e-02 -4.80026677e-02  3.25485229e-01  1.41691506e-01  1.32017463e-01  1.41194671e-01]
 [ 1.27778769e-01  2.39954129e-01  1.81356505e-01  1.39656484e-01 -4.54816818e-02  1.76486075e-02  1.59853622e-01  2.37440258e-01  3.91436592e-02  2.81901173e-02 -4.77280617e-02  2.63421983e-01  6.91765770e-02  4.41270247e-02 -1.97881665e-02]
 [ 1.07837193e-01  2.41396770e-01  1.74762055e-01  1.42631948e-01 -3.34168151e-02  1.57660749e-02  1.70612514e-01  2.46012479e-01  3.07506397e-02  2.66740248e-02 -4.68710400e-02  2.75236577e-01  6.99978247e-02  4.60236035e-02 -3.43284942e-03]
 [ 1.14220485e-01  2.44203061e-01  1.78025514e-01  1.45499289e-01 -4.15112339e-02  1.62594467e-02  1.68356717e-01  2.44068876e-01  3.62245329e-02  2.66640577e-02 -4.69295643e-02  2.73753077e-01  6.63895756e-02  4.38943319e-02 -1.62527300e-02]]
topics:
[[-0.03687799 -0.07870527 -0.03223854  0.5621509  -0.19667141 -0.06644996 -0.01468681 -0.00373132  0.2685971  -0.06217835 -0.06214303  0.04629723 -0.03398469 -0.16982384 -0.15324788]
 [-0.10755127  0.05777224  0.14201051  0.00503705 -0.11028302  0.07480688 -0.02219795  0.05249841 -0.00331841  0.13839243 -0.06528899  0.03648348 -0.40510008 -0.10331403 -0.18912497]
 [ 0.22046271  0.23939516  0.23720059  0.06180523  0.20373185  0.02614402  0.22193925  0.53559184 -0.06086126  0.09380527 -0.0385792   0.40362713  0.32907096  0.33942562  0.40369704]
 [-0.01006268  0.02413895 -0.05993859 -0.00872334 -0.03077354 -0.07737048 -0.01438169  0.0031396   0.00600576 -0.09538709  0.00986508 -0.01475813  0.03170715  0.07194233 -0.08364249]
 [ 0.73827374  0.3991464   0.45377463  0.21593995 -0.5560694   0.12973203 -0.039916   -0.01195162  0.5106386   0.0878247  -0.0024359   0.02354898 -0.08801033 -0.1624665  -0.7838871 ]
 [ 0.22091332 -0.12200716  0.15764265  0.02675087 -0.11028574 -0.36871493 -0.14549299 -0.18882774 -0.68628955 -0.31544355  0.14648333 -0.05721049 -0.04614253 -0.26219514  0.12605844]
 [-0.27874896  0.1730193   0.2446281   0.05431842 -0.27239868 -0.25168428 -0.02584801  0.07400695 -0.28549317 -0.25951642 -0.99534106  0.05423125 -0.03175213 -0.07776743 -0.62595546]
 [ 0.13791905  0.06239446  0.10101066 -0.08031996  0.0324719   0.08894382  0.052775   -0.14245774  0.06167797  0.05013976 -0.00986791 -0.0556888   0.09421156 -0.19888404  0.15325458]
 [-0.76882863  0.66860175  0.01620623  0.5230684   0.37782156  0.05838522  0.92812395  0.7128441   0.02858961  0.01855217  0.14846447  1.0501878  -0.02836889 -0.08475913  0.46710154]
 [ 0.1695027   0.09954225 -0.22553696 -0.14875351 -0.32044888  0.15687661 -0.04940036 -0.0500595  -0.13616875  0.12922926 -0.02260575  0.17051543  0.0140297   0.29033893 -0.40896767]]
R:
[[0.01123154 0.01123154 0.8499639  0.01123154 0.03217154 0.01123154 0.01123154 0.0182031  0.03227222 0.01123154]
 [0.00326267 0.00326267 0.9627432  0.00326267 0.00326267 0.00326267 0.00326267 0.00326267 0.0111555  0.00326267]
 [0.00514663 0.00514663 0.9188825  0.00514663 0.02197674 0.00514663 0.00514663 0.00820082 0.02006016 0.00514663]
 [0.05252805 0.05252805 0.3326296  0.05252805 0.17637052 0.05252805 0.05252805 0.06530338 0.11052825 0.05252805]
 [0.04460807 0.04460807 0.47473004 0.04460807 0.10698874 0.04460807 0.04460807 0.05002938 0.10060336 0.04460807]
 [0.05379565 0.05379565 0.36966357 0.05379565 0.12257233 0.05379565 0.05379565 0.05870948 0.12628077 0.05379565]
 [0.05185181 0.05185181 0.32994932 0.05185181 0.19001621 0.05185181 0.05185181 0.06041606 0.10850754 0.05185181]
 [0.05622259 0.05622259 0.351345   0.05622259 0.11836081 0.05622259 0.05622259 0.06138667 0.131572   0.05622259]
 [0.04362828 0.04362828 0.5001436  0.04362828 0.08461196 0.04362828 0.04362828 0.05013337 0.10334148 0.04362828]
 [0.05076157 0.05076157 0.41617984 0.05076157 0.10168988 0.05076157 0.05076157 0.06043198 0.11712889 0.05076157]
 [0.0528699  0.0528699  0.25332192 0.0528699  0.24119551 0.0528699  0.0528699  0.0709538  0.11730935 0.0528699 ]
 [0.04364451 0.04364451 0.51079977 0.04364451 0.07933204 0.04364451 0.04364451 0.04364451 0.10435665 0.04364451]
 [0.05158741 0.05158741 0.32441005 0.05158741 0.18540972 0.05158741 0.05158741 0.06669755 0.1139582  0.05158741]
 [0.05239638 0.05239638 0.3252243  0.05239638 0.16992553 0.05239638 0.05239638 0.06547571 0.12499621 0.05239638]
 [0.05268638 0.05268638 0.320013   0.05268638 0.1814637  0.05268638 0.05268638 0.05756196 0.12484308 0.05268638]]
distance_matrix:
[[ 1.9704733   2.1020784   2.003786    5.7543187   3.7678537   4.804495    5.94113     4.9675307   3.4401531   4.23495     7.526713    3.3354855   5.9167805   5.682955    5.864045  ]
 [ 2.5630693   2.426837    2.4289074   7.573338    5.264249    6.5560713   7.7606235   6.766948    4.883238    5.879962    9.512644    4.754713    7.751587    7.522626    7.7117577 ]
 [ 2.9080744   2.7238626   2.7449741   8.1675625   5.769252    7.0959835   8.362032    7.310572    5.3641806   6.3986015  10.159569    5.2269344   8.347855    8.100657    8.295918  ]
 [ 2.5452957   3.7744694   3.2302809   1.1471972   0.72400475  0.794662    1.2526917   0.8144512   0.72970295  0.709815    1.9749937   0.7454214   1.2192962   1.0910022   1.1773303 ]
 [ 1.9961162   3.115552    2.6101418   1.1109896   0.5547557   0.7304654   1.2152758   0.77123547  0.53825045  0.6035485   2.000113    0.54393053  1.1865118   1.0582469   1.1469309 ]
 [ 3.5172763   5.0838      4.381101    0.50413465  0.64965296  0.4551425   0.549479    0.45577765  0.8000636   0.54334354  0.9177427   0.8602452   0.5278895   0.47239852  0.5026419 ]
 [ 3.752143    5.354291    4.6391335   0.5733814   0.7598076   0.5300665   0.6194792   0.52346563  0.916461    0.6320734   0.96892214  0.97931194  0.5960953   0.5391052   0.56857085]
 [ 2.5637617   3.9057598   3.3143606   0.62922335  0.37921906  0.3564725   0.72365     0.36422873  0.424613    0.3216195   1.3477249   0.4554844   0.69089913  0.5810001   0.65678096]
 [ 2.4281063   3.7123585   3.1386204   0.75108767  0.44511604  0.4805417   0.8385949   0.5026455   0.48607254  0.42897415  1.4843559   0.51128864  0.8124807   0.7086189   0.7794125 ]
 [ 2.479404    3.7448359   3.1756835   0.8874011   0.5701957   0.62851095  0.9711633   0.65710497  0.6126056   0.5713382   1.6173563   0.6379237   0.9474752   0.8497784   0.9188926 ]
 [ 5.061171    6.9475255   6.10282     0.49386883  1.1761475   0.7292738   0.48976994  0.70645475  1.4618335   0.9728985   0.5430374   1.5664697   0.48172402  0.49986196  0.4839809 ]
 [ 2.6936188   4.0414696   3.4328222   0.6886859   0.53254986  0.5344343   0.75316286  0.56187487  0.6203356   0.52031994  1.3012819   0.6602516   0.7373378   0.6711705   0.7241113 ]
 [ 3.359868    4.8261137   4.170616    0.82305145  0.79876137  0.6814523   0.8857064   0.6874714   0.90616703  0.719532    1.3605599   0.9519234   0.86146855  0.78335404  0.8288686 ]
 [ 2.6358624   3.9917212   3.3943224   0.63372564  0.40532303  0.37059975  0.72619486  0.37696838  0.45593166  0.34276104  1.3379827   0.488142    0.6940105   0.5861752   0.65974355]
 [ 3.0966759   4.5908213   3.9339924   0.45126176  0.42022514  0.26398492  0.5306165   0.25431037  0.5133457   0.30059218  1.0257447   0.55973244  0.4962244   0.39952564  0.45844793]]
