hid1:
[[ 8.1494451e-04 -5.9729117e-01 -3.4208608e-01 -5.0707453e-01 -1.1332109e+00 -7.0506066e-01 -1.0164957e+00 -8.4318805e-01 -1.8485102e-01 -3.3346379e-01 -1.1241125e+00 -5.7950050e-01 -1.0034487e+00 -1.4577388e+00 -1.1873617e+00]
 [ 1.0331468e-01 -1.4577388e+00 -3.8306189e-01 -6.7426383e-01 -1.2875496e+00 -7.4430037e-01 -1.1747328e+00 -8.5170233e-01 -3.5834509e-01 -4.6049893e-01 -1.2388709e+00 -5.4505432e-01 -1.4577388e+00 -2.2771955e-01 -1.2021827e+00]
 [ 1.3133493e-01 -1.4577388e+00 -1.4577388e+00 -6.7455328e-01 -1.2858577e+00 -7.7373892e-01 -1.2450565e+00 -7.3787475e-01 -3.8646144e-01 -1.4577388e+00 -1.4577388e+00 -2.3508453e-01 -1.1648979e+00 -7.1640745e-02 -1.2378983e+00]
 [-3.1505066e-01 -6.6851580e-01 -4.6363103e-01 -6.0001981e-01 -9.4765341e-01 -5.0643492e-01 -9.8666584e-01 -8.0318457e-01 -3.7160116e-01 -1.4577388e+00 -1.4577388e+00 -6.5478623e-01 -7.7905560e-01 -5.4143810e-01 -8.7699330e-01]
 [-3.4954733e-01 -6.2996548e-01 -4.3781614e-01 -5.1938337e-01 -9.3023264e-01 -4.9189752e-01 -9.0419090e-01 -7.0965809e-01 -3.3714426e-01 -4.7510940e-01 -8.5951364e-01 -6.7347705e-01 -7.6409918e-01 -5.3918356e-01 -8.6540997e-01]
 [-3.1566346e-01 -1.4577388e+00 -4.7221118e-01 -6.3036191e-01 -9.2206216e-01 -5.0438613e-01 -9.7240758e-01 -8.0646509e-01 -4.3894351e-01 -5.2932942e-01 -8.7897742e-01 -6.4164269e-01 -1.4577388e+00 -5.5488485e-01 -8.6924839e-01]
 [-1.4577388e+00 -1.4577388e+00 -4.5468843e-01 -5.6015563e-01 -9.0645015e-01 -4.3515265e-01 -9.2299259e-01 -7.4711853e-01 -3.5353488e-01 -5.0976610e-01 -7.4247199e-01 -6.6030228e-01 -7.4171036e-01 -6.3597524e-01 -7.7556753e-01]
 [-1.4577388e+00 -6.5905195e-01 -4.6127743e-01 -5.6616187e-01 -1.4577388e+00 -4.2606854e-01 -9.5373857e-01 -7.3621613e-01 -3.7944579e-01 -4.9850398e-01 -1.4577388e+00 -6.6946292e-01 -7.9379052e-01 -5.6685960e-01 -8.2670224e-01]
 [-2.8316915e-01 -1.4577388e+00 -3.6352950e-01 -5.5589080e-01 -9.2301321e-01 -1.4577388e+00 -9.2819834e-01 -7.1532935e-01 -3.1859672e-01 -1.4577388e+00 -8.6143005e-01 -5.7196915e-01 -7.9943186e-01 -6.3712716e-01 -8.7062919e-01]
 [-3.0354831e-01 -6.4428937e-01 -3.9669991e-01 -5.5578715e-01 -9.2145658e-01 -4.7058946e-01 -8.9197588e-01 -7.5270909e-01 -3.4618348e-01 -5.0224054e-01 -7.5023723e-01 -6.8280721e-01 -7.8594792e-01 -5.2859175e-01 -7.4892002e-01]
 [-3.5153246e-01 -5.3343970e-01 -4.6990258e-01 -4.9174863e-01 -6.9634217e-01 -3.9628917e-01 -8.0385518e-01 -6.5370303e-01 -3.1816149e-01 -4.1365582e-01 -6.7706352e-01 -1.4577388e+00 -6.2238312e-01 -6.7452776e-01 -6.8044949e-01]
 [-2.2103426e-01 -6.4590275e-01 -4.3466908e-01 -5.3461391e-01 -8.9063430e-01 -1.4577388e+00 -9.2639673e-01 -7.1452928e-01 -3.6509550e-01 -5.0248194e-01 -8.2397264e-01 -6.8735313e-01 -8.1951118e-01 -5.8568823e-01 -1.4577388e+00]
 [-3.2214963e-01 -6.3488489e-01 -4.5796102e-01 -5.5208439e-01 -8.6122680e-01 -4.2782784e-01 -9.5256186e-01 -7.5592804e-01 -4.0105975e-01 -5.1596451e-01 -8.4782875e-01 -7.1509093e-01 -7.3721570e-01 -5.8632445e-01 -7.9708666e-01]
 [-3.9247054e-01 -6.6195440e-01 -4.6877217e-01 -5.6160706e-01 -8.1557226e-01 -4.8080683e-01 -9.1835415e-01 -7.5475001e-01 -3.7634629e-01 -1.4577388e+00 -8.6221552e-01 -6.3614231e-01 -7.2947699e-01 -5.8659530e-01 -7.4225861e-01]
 [-4.1528189e-01 -5.8549982e-01 -1.4577388e+00 -1.4577388e+00 -8.0951351e-01 -1.4577388e+00 -8.7865746e-01 -7.2304553e-01 -3.8183355e-01 -4.6050006e-01 -1.4577388e+00 -6.1156648e-01 -7.2747159e-01 -6.1320883e-01 -7.4185538e-01]]
hid2:
[[-0.28012422 -0.6912458  -0.46778202 -0.6080596  -0.9646266  -0.50958645 -0.9838451  -0.7911563  -0.38155317 -0.53447586 -0.9261347  -0.6681584  -0.8417966  -0.5493731  -0.9250535 ]
 [-0.13278481 -0.01150383 -0.04468803 -0.02471175 -0.10363567 -0.11745267 -0.02215916 -0.05386245 -0.0885831  -0.07882567 -0.11334431  0.06522302 -0.12326989 -0.11411256 -0.07191789]
 [-0.28012428 -0.6912459  -0.4677821  -0.6080597  -0.9646267  -0.5095865  -0.98384523 -0.7911564  -0.3815532  -0.5344759  -0.9261348  -0.66815853 -0.8417966  -0.54937315 -0.9250536 ]
 [-0.27711928 -0.6620654  -0.4493899  -0.584874   -0.92632645 -0.4951079  -0.94275826 -0.7623089  -0.36862978 -0.515037   -0.8921511  -0.63393813 -0.8119879  -0.53215486 -0.88736165]
 [-0.282041   -0.5894358  -0.4029865  -0.533126   -0.8249406  -0.4669126  -0.8412744  -0.70158565 -0.33589745 -0.46600395 -0.809853   -0.53648806 -0.7404976  -0.4943563  -0.7871438 ]
 [-0.28012276 -0.6912406  -0.4677787  -0.608055   -0.96462023 -0.5095833  -0.98383766 -0.7911503  -0.38155085 -0.5344724  -0.9261284  -0.66815317 -0.84179103 -0.54936963 -0.92504716]
 [-0.27924374 -0.68289477 -0.46253544 -0.6013468  -0.95360243 -0.5053637  -0.9720884  -0.78292423 -0.37790608 -0.5288372  -0.91632855 -0.65824306 -0.8331802  -0.5444079  -0.9141098 ]
 [-0.2801238  -0.69124436 -0.46778107 -0.60805833 -0.9646248  -0.50958556 -0.983843   -0.7911547  -0.3815525  -0.53447485 -0.9261329  -0.668157   -0.841795   -0.549372   -0.92505175]
 [-0.28012276 -0.6912399  -0.46777833 -0.60805446 -0.9646193  -0.509583   -0.9838367  -0.79114974 -0.3815506  -0.534472   -0.9261276  -0.6681523  -0.8417903  -0.5493692  -0.9250462 ]
 [-0.28012216 -0.69123846 -0.4677774  -0.6080532  -0.9646176  -0.509582   -0.9838347  -0.7911478  -0.38154992 -0.5344711  -0.9261259  -0.6681511  -0.8417887  -0.54936826 -0.9250446 ]
 [-0.27875173 -0.6844884  -0.46356645 -0.6023255  -0.9560448  -0.50576687 -0.9742897  -0.7838963  -0.378621   -0.5299648  -0.9180952  -0.66082007 -0.8346985  -0.5450927  -0.9165761 ]
 [-0.28012162 -0.69123644 -0.46777615 -0.60805136 -0.96461505 -0.5095808  -0.98383176 -0.79114556 -0.38154906 -0.5344697  -0.92612344 -0.66814905 -0.84178656 -0.5493669  -0.9250422 ]
 [-0.2781206  -0.66719943 -0.4525542  -0.58938307 -0.93305373 -0.4981527  -0.9500076  -0.7676807  -0.37073067 -0.51866174 -0.8984475  -0.6399175  -0.8175786  -0.5354648  -0.8942511 ]
 [-0.27719194 -0.6562854  -0.4460208  -0.57929957 -0.9170016  -0.49138507 -0.9347213  -0.7580013  -0.36701256 -0.5096758  -0.8840628  -0.62375456 -0.8046651  -0.5284523  -0.8763215 ]
 [-0.28012428 -0.69124603 -0.4677821  -0.60805976 -0.96462685 -0.5095866  -0.9838454  -0.79115653 -0.38155323 -0.534476   -0.9261349  -0.66815865 -0.8417967  -0.5493732  -0.92505366]]
topics:
[[ 0.02200859 -0.24950188  0.04306255  0.42738205 -0.15640506 -0.22296892  0.01877088  0.02266903 -0.39370602 -0.0823637  -0.01457094  0.14830588 -0.00812514  0.00825166 -0.12835704]
 [-0.03526285  0.09971356  0.2052789   0.10675398 -0.1450872   0.13394043 -0.0207023   0.03857072 -0.01494638  0.1648193  -0.10697813  0.08310763 -0.11685627 -0.18959963 -0.20346195]
 [-0.3918608   0.10335887  0.0268474  -0.00209342  0.24617724 -0.17141312  0.11971982 -0.2205687  -0.07131793  0.08161552  0.04041624  0.59776     0.00892173 -0.13014244  0.36892548]
 [-0.00531708  0.01682119 -0.06446489 -0.00879841 -0.01767614 -0.00801828 -0.00192444  0.01174184  0.00359454 -0.04877741  0.0188823  -0.01556479  0.03624332 -0.08141258 -0.05872792]
 [-0.28012434 -0.6912463  -0.4677823  -0.60806    -0.9646272  -0.50958675 -0.9838458  -0.7911568  -0.38155335 -0.53447616 -0.92613524 -0.6681589  -0.841797   -0.5493734  -0.925054  ]
 [ 0.21662197  0.45284435  0.1505738   0.3052482  -0.12587577 -0.2151726  -0.14000446 -0.16713534 -0.25852206 -0.3181593   0.03430196 -0.00537965  0.0243143   0.14800052  0.05607633]
 [-0.15789315  0.2051297   0.15575649 -0.13590464 -0.07851775 -0.29534233  0.2917338   0.27987275  0.20410088 -0.22710833 -0.16575383 -0.18248053 -0.22503814 -0.11848479 -0.41334036]
 [ 0.17449266 -0.04672755  0.13482836 -0.04758903  0.04262588  0.1214179  -0.06445445 -0.08047609  0.02120288 -0.0219106  -0.00851864 -0.0574899  -0.01648606 -0.09135441  0.12384886]
 [-0.61987525 -0.21328342 -0.58073914 -0.17325498 -0.01761856 -0.07128125  0.42675668  0.69977754 -0.08117586 -0.13546531 -0.20632367 -0.11077079 -0.29620633 -0.22350506  0.20295274]
 [ 0.09500647  0.05460994 -0.14567998 -0.14097737 -0.28605247  0.13588911 -0.05692819 -0.10950951  0.06345797  0.11951786 -0.00390171  0.152421    0.02596828  0.10788065 -0.33018902]]
R:
[[6.8424534e-08 6.8424534e-08 6.8424534e-08 6.8424534e-08 9.9999940e-01 6.8424534e-08 6.8424534e-08 6.8424534e-08 6.8424534e-08 6.8424534e-08]
 [8.8228993e-02 8.8228993e-02 2.0593905e-01 8.8228993e-02 8.8228993e-02 8.8228993e-02 8.8228993e-02 8.8228993e-02 8.8228993e-02 8.8228993e-02]
 [5.3857324e-08 5.3857324e-08 5.3857324e-08 5.3857324e-08 9.9999952e-01 5.3857324e-08 5.3857324e-08 5.3857324e-08 5.3857324e-08 5.3857324e-08]
 [2.2673621e-03 2.2673621e-03 1.6099147e-02 2.2673621e-03 9.6227533e-01 2.2673621e-03 5.7540443e-03 2.2673621e-03 2.2673621e-03 2.2673621e-03]
 [2.5485868e-03 2.5485868e-03 8.4908672e-02 2.5485868e-03 8.7302262e-01 2.5485868e-03 2.4228668e-02 2.5485868e-03 2.5485868e-03 2.5485868e-03]
 [8.5018411e-07 8.5018411e-07 8.9341279e-07 8.5018411e-07 9.9999225e-01 8.5018411e-07 8.5018411e-07 8.5018411e-07 8.5018411e-07 8.5018411e-07]
 [6.7973329e-04 6.7973329e-04 4.6727322e-03 6.7973329e-04 9.8915046e-01 6.7973329e-04 1.4187287e-03 6.7973329e-04 6.7973329e-04 6.7973329e-04]
 [2.8044101e-07 2.8044101e-07 2.8044101e-07 2.8044101e-07 9.9999738e-01 2.8044101e-07 2.8044101e-07 2.8044101e-07 2.8044101e-07 2.8044101e-07]
 [8.8939106e-07 8.8939106e-07 1.4488198e-06 8.8939106e-07 9.9999142e-01 8.8939106e-07 8.8939106e-07 8.8939106e-07 8.8939106e-07 8.8939106e-07]
 [1.1727127e-06 1.1727127e-06 1.1727127e-06 1.1727127e-06 9.9998939e-01 1.1727127e-06 1.1727127e-06 1.1727127e-06 1.1727127e-06 1.1727127e-06]
 [8.3056738e-04 8.3056738e-04 2.2264943e-03 8.3056738e-04 9.9098372e-01 8.3056738e-04 9.7589858e-04 8.3056738e-04 8.3056738e-04 8.3056738e-04]
 [1.4755972e-06 1.4755972e-06 1.4755972e-06 1.4755972e-06 9.9998665e-01 1.4755972e-06 1.4755972e-06 1.4755972e-06 1.4755972e-06 1.4755972e-06]
 [1.5983168e-03 1.5983168e-03 1.4023662e-02 1.5983168e-03 9.6922481e-01 1.5983168e-03 5.5632740e-03 1.5983168e-03 1.5983168e-03 1.5983168e-03]
 [2.8505495e-03 2.8505495e-03 2.3013117e-02 2.8505495e-03 9.5418245e-01 2.8505495e-03 2.8505495e-03 2.8505495e-03 2.8505495e-03 2.8505495e-03]
 [3.1121100e-08 3.1121100e-08 3.5428247e-08 3.1121100e-08 9.9999964e-01 3.1121100e-08 3.1121100e-08 3.1121100e-08 3.1121100e-08 3.1121100e-08]]
distance_matrix:
[[ 35.376976 124.98594   35.376984  36.345108  39.57005   35.37712   35.628464  35.37696   35.37713   35.377167  35.58909   35.377266  36.153275  36.536148  35.37697 ]
 [ 45.14147  151.01558   45.14145   46.806976  51.785656  45.141876  45.594162  45.141594  45.1419    45.141907  45.51513   45.142006  46.488586  47.16597   45.14148 ]
 [ 48.79119  150.6187    48.7912    50.277588  54.778713  48.79149   49.191788  48.791252  48.791496  48.791565  49.12458   48.791664  49.992203  50.583115  48.791214]
 [ 24.702446 113.97018   24.702454  25.645905  28.803173  24.70259   24.949142  24.7024    24.702599  24.702621  24.91053   24.702675  25.451614  25.873367  24.702454]
 [ 24.98999  100.62742   24.990013  25.35836   27.103168  24.990105  25.070839  24.990036  24.990112  24.990074  25.063095  24.990158  25.269768  25.448692  24.990013]
 [ 19.171944 101.81839   19.171951  19.815582  22.148296  19.17212   19.331573  19.171959  19.172066  19.172104  19.314095  19.172188  19.675186  19.952927  19.171967]
 [ 21.628716 100.19676   21.628708  22.131851  24.24612   21.628769  21.748093  21.628685  21.628807  21.628876  21.731224  21.628822  22.020996  22.250198  21.628708]
 [ 33.127373 123.12231   33.12738   34.079803  37.15156   33.12755   33.37526   33.127495  33.127556  33.1277    33.34249   33.127678  33.884827  34.27089   33.127396]
 [ 34.602547 118.16299   34.60254   35.292847  37.75886   34.602646  34.77478   34.602516  34.60267   34.602737  34.75408   34.60276   35.147156  35.426147  34.602554]
 [ 23.823662 103.721115  23.823654  24.372528  26.551495  23.823746  23.955704  23.823647  23.823784  23.823807  23.939156  23.823753  24.25322   24.487976  23.823654]
 [ 29.124084  94.59369   29.124077  29.04763   29.644413  29.124138  29.076988  29.124146  29.124084  29.124184  29.096039  29.1241    29.037743  29.034447  29.124107]
 [ 22.134285 102.88768   22.134293  22.701828  24.869518  22.134369  22.272476  22.13433   22.134407  22.13446   22.257607  22.134377  22.574753  22.832123  22.134308]
 [ 22.54657  100.56313   22.546562  23.012794  24.985966  22.546593  22.655388  22.5466    22.5466    22.546547  22.643143  22.546646  22.906364  23.122108  22.546547]
 [ 26.231552 106.86749   26.231544  26.811531  29.084751  26.231712  26.373817  26.231506  26.231705  26.231636  26.354156  26.231659  26.68328   26.960487  26.231575]
 [ 23.432335 100.319405  23.432343  23.850433  25.706982  23.432495  23.52774   23.432442  23.432472  23.43251   23.517754  23.432533  23.751892  23.954285  23.432373]]
