hid1:
[[-1.44583702e-01  8.73679742e-02  1.37454912e-01  1.08839944e-01 -1.65144548e-01 -1.55327365e-01 -3.23723182e-02  2.04561464e-03 -8.21389332e-02 -1.53812349e-01 -1.93501990e-02  2.78675705e-02  1.09276190e-01  1.67205911e-02 -2.74179094e-02]
 [-1.71434879e-01  7.30170608e-02  1.24300569e-01  8.39972645e-02 -2.31047988e-01 -8.92156810e-02 -2.54924446e-02  1.49109177e-02 -1.12791158e-01 -1.60783231e-01  2.63343994e-02  3.79482545e-02  9.31961238e-02  5.24080992e-02 -2.90448014e-02]
 [-1.52408004e-01  1.14075989e-01  1.37490213e-01  1.21121511e-01 -2.65632987e-01 -2.01484188e-01 -4.51888591e-02  2.23795231e-02 -1.29668444e-01 -1.56179741e-01  5.74707426e-02  3.70354839e-02  1.17507905e-01  7.08740279e-02 -2.53332569e-03]
 [ 6.87894924e-03 -6.15420460e-04  1.06085487e-01 -4.67475653e-02  3.70593481e-02 -1.51146445e-02  1.28521426e-02  1.39042437e-02 -3.45087126e-02  4.88387533e-02  8.53540897e-02  1.17951604e-02 -5.06213307e-02 -3.72623280e-02 -2.28635818e-02]
 [-6.33717552e-02 -1.89989768e-02  8.49403664e-02  1.87170021e-02 -2.04639435e-02 -7.16561638e-03 -1.45369805e-02  1.94288492e-02 -7.42129013e-02  2.89445184e-03  7.38431737e-02 -1.17428992e-02  2.53235046e-02 -1.91148650e-02 -4.21357527e-02]
 [ 8.12076405e-02 -3.80137637e-02 -1.46833686e-02  3.80399846e-03 -4.69113700e-03  8.57912563e-03 -4.51833848e-03  1.77382678e-03 -2.52508037e-02  2.52320021e-02  2.59827897e-02  2.10896209e-02  1.60354767e-02 -1.61447246e-02 -5.85931316e-02]
 [ 4.85042669e-02 -3.53464345e-03  1.33771671e-03 -3.69781069e-02  3.45031768e-02  2.79621053e-02 -1.53132039e-03 -2.08331086e-03 -4.57412042e-02  6.09159991e-02  5.84698170e-02  1.14724673e-02 -4.36642990e-02 -4.53662686e-02 -6.81528822e-02]
 [ 6.66878968e-02 -1.71347037e-02 -9.55183292e-04 -9.62080725e-04  1.50757851e-02 -5.85310999e-03 -3.41328909e-03  5.45678101e-03 -1.22008557e-02  3.26753557e-02  3.79706770e-02  2.39655599e-02  9.42971837e-03 -1.29831508e-02 -4.03891914e-02]
 [ 1.28880683e-02 -1.85714627e-03 -2.95133572e-02  3.45287025e-02 -9.38868336e-03  3.61159928e-02  2.97481418e-02  6.41500019e-03 -6.14012107e-02  6.81167245e-02  6.10133186e-02  1.99577156e-02 -2.63549242e-04  3.23285572e-02 -6.92053959e-02]
 [ 7.27905482e-02 -3.41734523e-03 -5.66624440e-02  1.50075089e-03 -1.95491817e-02  1.11274412e-02  3.96159710e-03 -5.91256656e-03 -6.54724091e-02  8.68659541e-02  5.17521985e-02  2.32859477e-02 -5.18589234e-03  3.69704142e-02 -6.92724735e-02]
 [ 2.45139003e-02 -2.31571421e-02 -1.43451309e-02 -6.37300983e-02  4.17925008e-02  7.23503232e-02  1.42551512e-02 -1.14686391e-03 -3.90459001e-02  1.43281117e-01  4.76249494e-02 -2.92927143e-04 -6.01574406e-02 -7.55892098e-02 -9.51076075e-02]
 [ 2.69274693e-02  7.26393773e-04 -9.46395844e-03 -1.56829432e-02  7.51554221e-03  2.09773425e-02  1.37886954e-02 -7.15146959e-03 -4.32907566e-02  5.51564917e-02  4.28280868e-02  1.34549290e-03 -1.60554703e-02  1.86511129e-02 -5.38976267e-02]
 [ 4.46705753e-03 -2.30308436e-02  3.47983949e-02 -5.84242642e-02  2.31793001e-02  4.74412255e-02 -7.67651852e-03  3.03030154e-03 -5.40641621e-02  4.76659350e-02  4.01073471e-02  5.71669918e-03 -2.02586353e-02 -5.39280027e-02 -6.08959831e-02]
 [-4.93365945e-03  5.56671107e-03  7.07316101e-02 -3.43871564e-02  6.74260855e-02  3.27444114e-02  8.02388601e-03  3.88717838e-02 -2.10226998e-02  5.77839017e-02  6.19524531e-02  8.14108178e-03 -4.37660739e-02 -7.55109265e-02 -4.60310988e-02]
 [ 9.79167968e-02 -2.45521534e-02 -4.45674136e-02 -1.86668225e-02  5.75559475e-02  4.72176783e-02 -1.52805867e-03  5.98200690e-03  7.75043527e-03  5.98495230e-02  1.49439480e-02  7.09502213e-03 -2.62177223e-03 -5.31186424e-02 -6.21858053e-02]]
hid2:
[[-0.01298688  0.00991756 -0.01547301 -0.00037441 -0.0525251  -0.00111228 -0.02310596 -0.00317549 -0.01151762 -0.00206484  0.00420176  0.00034518  0.00029368 -0.05576918 -0.08472444]
 [-0.04518808  0.03405217  0.01622403  0.00994374 -0.14635168 -0.04229628 -0.044956   -0.004428   -0.03083917 -0.09413505 -0.04422136  0.02863799 -0.0390479  -0.02120847 -0.16023564]
 [-0.01281117  0.01422551 -0.01294603 -0.00033972 -0.06147008 -0.00155246 -0.02462293 -0.00443999 -0.01246087 -0.0122447  -0.0010663   0.0020682  -0.00279845 -0.05342265 -0.09163913]
 [-0.00446919  0.00742637 -0.02690596 -0.00370381 -0.03351261  0.01024401 -0.01599601 -0.00140949 -0.00595127  0.01690388  0.01448762 -0.00667069  0.01071254 -0.06390791 -0.07292812]
 [-0.00506766  0.01091117 -0.01897675 -0.00215135 -0.04296207  0.0080338  -0.01958723 -0.00422677 -0.00833481  0.00594352  0.00732682 -0.00400504  0.00507155 -0.06208368 -0.07719615]
 [-0.00425445  0.00567023 -0.02450284 -0.00282741 -0.03002136  0.01012665 -0.01645209 -0.00205814 -0.00627983  0.02053734  0.01515698 -0.00704825  0.01050055 -0.06579329 -0.06831282]
 [-0.00218865  0.00545346 -0.02811002 -0.00417359 -0.02661366  0.01298173 -0.01482437 -0.00168509 -0.00480894  0.0235736   0.01770727 -0.00858905  0.01310735 -0.06657529 -0.06668655]
 [-0.00446136  0.00765186 -0.02087426 -0.00237186 -0.03544796  0.00914884 -0.01837266 -0.00361193 -0.00741413  0.01406076  0.01156336 -0.00562483  0.00767386 -0.06418724 -0.07102621]
 [-0.00518711  0.01162926 -0.01649189 -0.00207905 -0.04604099  0.00737731 -0.02118993 -0.00559357 -0.00909169  0.00184584  0.00555408 -0.00307543  0.00327581 -0.06047936 -0.07800869]
 [-0.01002907  0.03150611  0.03590553  0.0053816  -0.11032212 -0.0084393  -0.04872026 -0.02729514 -0.02529873 -0.07596186 -0.03836001  0.01579515 -0.03461839 -0.03996298 -0.10345045]
 [-0.00346152  0.00492721 -0.02960138 -0.00407614 -0.0264253   0.01192584 -0.01425999 -0.00049541 -0.00476184  0.02468433  0.01843967 -0.00847072  0.0136219  -0.066327   -0.06785485]
 [-0.01944159  0.00934863 -0.01678868  0.00304112 -0.05357105 -0.00747975 -0.02082085  0.00236574 -0.01271261  0.00261807  0.0027337   0.00165839 -0.00020251 -0.05881645 -0.09114376]
 [-0.0035738   0.00657777 -0.02484924 -0.00344933 -0.03158081  0.01084656 -0.0166808  -0.00258096 -0.00612205  0.0182116   0.01471498 -0.00696047  0.01038256 -0.06476223 -0.06945121]
 [-0.00516706  0.00740566 -0.01853772 -0.00143029 -0.03584061  0.00800833 -0.01907946 -0.00390587 -0.00812403  0.01395794  0.01047092 -0.00513247  0.00648654 -0.06476597 -0.07043637]
 [-0.01000455  0.03379989  0.03294793  0.00464845 -0.11366443 -0.00794286 -0.04761675 -0.02616117 -0.02476118 -0.07904924 -0.03929558  0.01593431 -0.03409174 -0.03897657 -0.10875116]]
topics:
[[ 3.52437049e-02 -1.71349421e-01  1.45492610e-02  3.56928498e-01 -1.63285956e-01 -2.14026392e-01 -2.58190390e-02  4.56244424e-02 -5.65368950e-01  5.34220561e-02 -3.17260325e-02 -1.91420078e-01 -1.52208991e-02  7.96006247e-03 -1.22281641e-01]
 [-7.66278524e-03  1.25547573e-01  1.12701654e-01  9.52074975e-02 -1.35784313e-01 -1.38390418e-02  1.12380711e-02  2.89766099e-02 -3.94481234e-02 -1.91871505e-02 -1.79536387e-01  1.08611649e-02 -7.11749494e-02 -2.35814989e-01 -1.97341740e-01]
 [-4.61133957e-01 -6.04037046e-02  2.75771946e-01  4.74847704e-02  1.95286274e-01 -3.48173440e-01 -1.74459234e-01  2.59387076e-01 -7.87604377e-02 -6.05566725e-02  1.09000847e-01  1.66189820e-01  1.03679039e-02 -3.87332402e-02  3.34612787e-01]
 [-2.57053948e-03 -9.58682911e-04 -4.20268402e-02 -6.14315039e-03 -1.01835877e-02  1.53915063e-02 -8.21258593e-03  4.29879967e-03 -9.57925688e-04  4.37994748e-02  3.00005060e-02 -1.29348338e-02  2.27873959e-02 -7.03177601e-02 -6.02416433e-02]
 [-2.80938059e-01 -7.32180119e-01  3.62747937e-01 -8.08701143e-02 -5.22084236e-01 -3.01436543e-01 -1.10242891e+00 -6.33039594e-01  6.25115335e-02 -1.07874803e-01  1.77835181e-01 -2.63917595e-01 -2.75871139e-02  4.71887505e-03 -6.66034877e-01]
 [ 2.41300091e-01  2.72085458e-01  1.09446578e-01  3.86983067e-01 -9.25114006e-02 -1.54529214e-01 -9.12941173e-02 -1.70028448e-01 -5.09229414e-02 -1.34747863e-01  2.06443202e-02  8.28896701e-01  3.52523923e-02  1.61532745e-01  6.51381984e-02]
 [-7.83270374e-02  4.06476855e-01  1.41446546e-01 -1.15206890e-01 -1.72923803e-01 -2.49618649e-01  3.28531116e-01  2.69343853e-01  1.20864987e-01  7.41524100e-02 -6.04472101e-01 -4.00519520e-02 -4.76848304e-01 -2.83521377e-02 -4.50417191e-01]
 [ 1.63817897e-01  3.59620973e-02  8.70322734e-02 -3.72734182e-02  2.93428916e-02  1.65790543e-01 -6.09302036e-02 -1.33122832e-01  1.05110044e-02 -3.14600728e-02 -3.76656628e-03 -4.53672484e-02 -1.69838069e-03 -9.64801908e-02  1.22831672e-01]
 [-6.48751080e-01 -2.15069458e-01 -1.77117512e-01 -1.35875106e-01  3.21888998e-02 -5.86743839e-02  4.67707932e-01  3.63823920e-01 -3.28166857e-02  1.25133991e-01  1.59357294e-01 -1.83072444e-02 -1.22937381e-01 -9.40837041e-02  2.41487503e-01]
 [ 9.05631781e-02  1.51889995e-01 -1.97580189e-01 -1.24030314e-01 -2.64114916e-01  1.31810486e-01 -7.31844828e-03 -3.54642943e-02  4.32138592e-02 -3.11687648e-01 -8.86707474e-03 -6.30832976e-03  4.39792164e-02  1.10603042e-01 -3.14611822e-01]]
R:
[[0.02368782 0.05829109 0.02368782 0.65524715 0.02368782 0.02368782 0.02368782 0.0590128  0.02368782 0.08532194]
 [0.0673176  0.1786767  0.0673176  0.0673176  0.0673176  0.0673176  0.0673176  0.0673176  0.0673176  0.28278255]
 [0.02629789 0.07376549 0.02629789 0.594447   0.02629789 0.02629789 0.02629789 0.06671429 0.02629789 0.10728593]
 [0.01148285 0.03872675 0.01148285 0.7995643  0.01148285 0.01148285 0.01148285 0.04330164 0.01148285 0.04951028]
 [0.01655055 0.05742048 0.01655055 0.7095924  0.01655055 0.01655055 0.01655055 0.06590495 0.01655055 0.06777883]
 [0.01148248 0.03642531 0.01148248 0.80568016 0.01148248 0.01148248 0.01148248 0.05091398 0.01148248 0.03808569]
 [0.00875444 0.03032713 0.00875444 0.8369961  0.00875444 0.00875444 0.00875444 0.04610246 0.00875444 0.03404775]
 [0.01419502 0.04498815 0.01419502 0.75741017 0.01419502 0.01419502 0.01419502 0.06248399 0.01419502 0.04994754]
 [0.01861071 0.05951119 0.01861071 0.6780259  0.01861071 0.01861071 0.01861071 0.07576653 0.01861071 0.07503206]
 [0.05639652 0.1545047  0.05639652 0.05639652 0.05639652 0.05639652 0.05639652 0.24216975 0.05639652 0.20854992]
 [0.00852459 0.02879057 0.00852459 0.84957254 0.00852459 0.00852459 0.00852459 0.03720839 0.00852459 0.03328099]
 [0.02344583 0.07292055 0.02344583 0.685659   0.02344583 0.02344583 0.02344583 0.02344583 0.02344583 0.07729968]
 [0.01169404 0.03672687 0.01169404 0.7959565  0.01169404 0.01169404 0.01169404 0.05326103 0.01169404 0.04389136]
 [0.01520025 0.04824185 0.01520025 0.7460549  0.01520025 0.01520025 0.01520025 0.06659836 0.01520025 0.04790338]
 [0.05564952 0.15999746 0.05564952 0.05564952 0.05564952 0.05564952 0.05564952 0.23121737 0.05564952 0.21923861]]
distance_matrix:
[[1.8291931  1.5683084  1.7603143  2.0555942  1.934667   2.0790942  2.133097   2.0082636  1.8951292  1.6286589  2.143163   1.8452941  2.0629604  1.9962573  1.6173737 ]
 [1.8291872  1.482141   1.7540141  2.0821624  1.9474496  2.1042285  2.1644502  2.0261416  1.9022139  1.5334758  2.1764905  1.8516856  2.0873446  2.0113947  1.5256577 ]
 [2.0358927  1.5918173  1.9542488  2.3137336  2.168014   2.336295   2.402315   2.2525241  2.119097   1.6743155  2.4145913  2.055078   2.319158   2.2355542  1.6668301 ]
 [0.36420617 1.147027   0.38435334 0.34487525 0.34201145 0.3452903  0.3508079  0.34068567 0.3464085  0.92400205 0.35416308 0.36694658 0.3438471  0.34059507 0.9263489 ]
 [0.29728693 0.91251934 0.30414033 0.31981874 0.2973876  0.32279092 0.33689362 0.30733722 0.29421633 0.72964513 0.34149235 0.30303004 0.3193074  0.30475754 0.7314531 ]
 [0.23235866 1.0321476  0.2553149  0.20897895 0.2108435  0.20988603 0.21406019 0.20751305 0.21637553 0.822213   0.21637857 0.23423308 0.20862518 0.2083337  0.8242618 ]
 [0.26912078 1.12711    0.29749903 0.23453623 0.24153042 0.23291583 0.23520249 0.2335646  0.24867412 0.8891358  0.2376793  0.27257547 0.23261298 0.23442706 0.89372814]
 [0.34644756 1.1186535  0.3663892  0.3269693  0.32707962 0.32986307 0.33438528 0.3263049  0.33217788 0.92700744 0.33643433 0.34711814 0.32793605 0.32754096 0.9268222 ]
 [0.22879297 0.9002459  0.24057338 0.23972082 0.22246048 0.24062376 0.25264564 0.22816943 0.22102085 0.6921792  0.257335   0.23574248 0.23796828 0.2258158  0.6959083 ]
 [0.2821849  1.005512   0.2979663  0.27840373 0.26894662 0.2797786  0.28828102 0.27135617 0.27038282 0.7968447  0.2920492  0.28750068 0.27746445 0.27055165 0.7993022 ]
 [0.54147005 1.4547195  0.5720258  0.49055633 0.50301796 0.4892109  0.4877964  0.4927745  0.5125898  1.1958714  0.49040356 0.54589283 0.48886305 0.49501547 1.1990476 ]
 [0.23046833 0.9238962  0.24397436 0.23502493 0.22129393 0.23625593 0.24670023 0.22559689 0.22112566 0.71703506 0.25092947 0.23666167 0.23371847 0.22398469 0.7200953 ]
 [0.35612804 1.1553605  0.377597   0.33348677 0.33238795 0.3336693  0.3382733  0.32986796 0.33701473 0.9240741  0.34171355 0.36121234 0.3321383  0.33018935 0.92687124]
 [0.35792333 1.1569306  0.37974575 0.33526462 0.33438882 0.33522624 0.34005475 0.33169234 0.33935782 0.9298055  0.34326947 0.36088505 0.33401704 0.33178777 0.9326287 ]
 [0.3926275  1.2738913  0.42276022 0.3491924  0.36254185 0.3498152  0.3491057  0.35326654 0.37154424 1.0529841  0.35037783 0.3957003  0.3490513  0.35618156 1.0549722 ]]
