hid1:
[[0.         0.         0.         0.         0.         0.         0.         0.37051967 0.         0.         0.         0.         0.         0.         0.        ]
 [0.         0.7093969  0.00899614 0.         0.1676799  0.07755655 0.35193446 1.8292918  0.14538434 0.5163073  0.74083686 0.27501413 0.7469568  0.36059082 0.19718531]
 [0.         0.5181865  0.00451379 0.         0.19344294 0.         0.23287952 1.0984832  0.         0.3945491  1.6164818  0.00317728 1.2336867  0.04933467 0.09361052]
 [0.28362066 0.17510158 0.10219646 0.16057387 0.16700189 0.18731043 0.23437779 0.08117164 0.2212469  0.19826642 0.04778122 0.22462533 0.14588737 0.3640624  0.02519854]
 [0.18083964 0.         0.         0.         0.11467543 0.12156052 0.19429353 0.         0.15047295 0.         0.         0.23854993 0.14058924 0.         0.10954565]
 [0.18333344 0.2151531  0.48910442 0.50821465 0.09112636 0.2060578  0.1759021  0.2581927  0.13724631 0.4296372  0.09852342 0.26739427 0.27814445 0.27756205 0.098796  ]
 [0.23376219 0.5345351  0.29440564 0.35305423 0.11184663 0.16415472 0.22681178 0.25614765 0.24845067 0.42589632 0.1628256  0.20283031 0.29069275 0.3455596  0.03416001]
 [0.15583326 0.61163896 0.05663082 0.32214117 0.14149265 0.15127946 0.29732406 0.49364498 0.11779033 0.3309708  0.03658159 0.2595644  0.6048583  0.37652147 0.11759579]
 [0.1582529  0.19318911 0.56909543 1.0534159  0.1196136  0.28677016 0.22590688 0.         0.1518498  0.18267931 0.18805645 0.29891428 0.10107854 0.25293022 0.06224895]
 [0.12852688 0.         0.         0.         0.17138816 0.20954344 0.         0.         0.12849958 0.         0.         0.         0.         0.         0.12713327]
 [0.17724715 0.31906417 0.56777114 0.         0.0881495  0.16106462 0.10624928 0.         0.04595832 0.         0.         0.27306864 0.04722703 0.18422775 0.07702796]
 [0.20073085 0.40594998 0.5734071  0.97594637 0.09085509 0.21623467 0.22106633 0.31094432 0.12473363 0.39535284 0.26737115 0.24986218 0.05747592 0.47594583 0.1628771 ]
 [0.19263156 0.         0.         0.         0.1512712  0.13529831 0.07616755 0.         0.1594174  0.         0.         0.151871   0.         0.         0.09417637]
 [0.218612   0.84763426 0.55421376 0.58776474 0.13969278 0.07208829 0.303082   0.60253793 0.16213956 0.377324   0.43352848 0.26420885 0.43662637 0.3994934  0.04752129]
 [0.24959134 0.03910743 0.3737181  0.5666112  0.06677236 0.1197808  0.10607084 0.         0.14098044 0.12819737 0.         0.24851076 0.         0.30992547 0.00903051]]
hid2:
[[-2.23674215e-02  2.06036884e-02 -4.15998474e-02 -1.98837463e-03 -1.30653018e-02  1.69753265e-02 -1.06967962e-03  1.24841388e-02  4.74518631e-03 -1.01933451e-02  1.42409652e-02 -1.76201053e-02  2.95109078e-02 -8.76367241e-02 -5.22635318e-02]
 [ 4.75318134e-02  2.91737407e-01  1.40761852e-01  2.52210289e-01  1.60318494e-01  1.51434854e-01  4.35914993e-01  5.23438692e-01  1.01594515e-01  2.21698880e-01  1.69957757e-01  5.75950921e-01  4.38939452e-01  2.85493791e-01  2.58749306e-01]
 [ 4.49982285e-02  1.79448813e-01  7.64966831e-02  1.41130731e-01  7.71716386e-02  9.45701003e-02  2.33835742e-01  2.80154407e-01  7.03058615e-02  1.19180992e-01  9.85060185e-02  3.03822666e-01  2.51935989e-01  1.21614076e-01  1.10542424e-01]
 [ 1.61456615e-01  2.05857456e-01  1.46823883e-01  1.57547861e-01  1.75533332e-02  9.45660919e-02  1.94629848e-01  2.18428507e-01  1.11997828e-01  1.05941080e-01  7.75265768e-02  2.58073330e-01  2.10829332e-01  1.46539047e-01  1.56885805e-03]
 [ 9.22161490e-02  1.92192510e-01  1.11718290e-01  1.50102839e-01  5.02780713e-02  9.28707570e-02  2.21695483e-01  2.55990356e-01  8.22591558e-02  1.12746641e-01  8.31881985e-02  2.88642198e-01  2.30201006e-01  1.37065426e-01  6.52715862e-02]
 [ 1.09206133e-01  1.67961657e-01  1.06645241e-01  1.23952344e-01  2.12048497e-02  7.86140487e-02  1.64690599e-01  1.84075356e-01  8.02038014e-02  8.50175694e-02  6.13513552e-02  2.12833315e-01  1.76285669e-01  9.86416563e-02  1.38216913e-02]
 [ 1.61866069e-01  2.14696810e-01  1.50007740e-01  1.65374264e-01  2.67522987e-02  1.00263752e-01  2.10062876e-01  2.37418339e-01  1.16404690e-01  1.15288034e-01  8.59011635e-02  2.79491633e-01  2.28395179e-01  1.57292396e-01  1.71506759e-02]
 [ 1.02292746e-01  1.54050052e-01  9.75214690e-02  1.10379972e-01  1.46539509e-02  7.15189055e-02  1.44439399e-01  1.58705160e-01  7.23671392e-02  7.35737234e-02  5.17179035e-02  1.84574097e-01  1.54927567e-01  7.92005360e-02  3.95028247e-03]
 [ 1.44583330e-01  2.08522618e-01  1.42738074e-01  1.62067950e-01  2.86764894e-02  9.65475291e-02  2.12251931e-01  2.40510538e-01  1.05320990e-01  1.12407938e-01  8.11831951e-02  2.80018985e-01  2.23957524e-01  1.54003158e-01  2.32327469e-02]
 [ 1.55356377e-01  2.16457024e-01  1.53644696e-01  1.67414546e-01  2.90285647e-02  9.92781967e-02  2.17983425e-01  2.43381053e-01  1.09214507e-01  1.16178483e-01  8.07165653e-02  2.88033456e-01  2.27347001e-01  1.62179708e-01  2.56176572e-02]
 [ 1.88440844e-01  2.02307791e-01  1.56500623e-01  1.50344551e-01 -4.58649360e-04  9.06985700e-02  1.67460680e-01  1.81628525e-01  1.20080717e-01  9.51187536e-02  6.80661201e-02  2.23533943e-01  1.86829790e-01  1.35476202e-01 -3.10731884e-02]
 [ 1.20562881e-01  2.16956764e-01  1.38667122e-01  1.78628728e-01  3.96662503e-02  1.00224793e-01  2.47843996e-01  2.91238457e-01  9.84371081e-02  1.24229528e-01  9.10872072e-02  3.25492710e-01  2.51875699e-01  1.80038720e-01  4.11732122e-02]
 [ 1.62609130e-01  2.09848121e-01  1.48963392e-01  1.59308329e-01  2.36167759e-02  9.74979848e-02  2.00237513e-01  2.23229557e-01  1.13880284e-01  1.10366739e-01  8.05005804e-02  2.65949309e-01  2.17647076e-01  1.48632377e-01  1.32761635e-02]
 [ 1.54730886e-01  1.98025495e-01  1.42286599e-01  1.49070635e-01  1.62131973e-02  9.03482884e-02  1.84929088e-01  2.03981891e-01  1.04710132e-01  9.98274311e-02  7.00847879e-02  2.43726179e-01  1.97886497e-01  1.34856537e-01  2.35962728e-03]
 [ 1.87517732e-01  2.28569657e-01  1.66777223e-01  1.75207406e-01  2.47719102e-02  1.06509618e-01  2.15431631e-01  2.41107941e-01  1.30843878e-01  1.22103289e-01  9.10724401e-02  2.89294362e-01  2.37812191e-01  1.70608401e-01  1.18885441e-02]]
topics:
[[ 1.74709242e-02 -2.77060747e-01 -8.11533704e-02  4.95313823e-01 -2.22754866e-01  1.68366224e-01 -8.76977015e-03 -1.80073886e-03  2.33162254e-01  1.93035260e-01 -2.81657875e-02  9.12192538e-02  2.81347670e-02 -1.13077678e-01 -1.63716942e-01]
 [-9.23817828e-02  1.14396051e-01  1.42726645e-01  2.69724224e-02 -1.33280441e-01  8.07769969e-02 -3.16085387e-03  5.68916164e-02 -3.28976028e-02  1.12193748e-01 -8.64761025e-02  3.29215787e-02 -2.58912385e-01  2.14417111e-02 -1.73036292e-01]
 [ 4.94370945e-02  3.04536521e-01  1.44434437e-01  2.63378620e-01  1.73890710e-01  1.60291225e-01  4.57274288e-01  5.50643742e-01  1.09913379e-01  2.35624671e-01  1.83940023e-01  6.06186867e-01  4.65796888e-01  3.00292343e-01  2.80654222e-01]
 [-2.80851349e-02  1.63639504e-02 -4.67613973e-02 -4.74553695e-03 -1.38866734e-02  1.51696801e-02 -4.12916671e-03  1.05968667e-02  2.04151007e-03 -1.25888940e-02  1.35374572e-02 -2.20945217e-02  2.66836360e-02 -9.16243047e-02 -5.42747080e-02]
 [ 7.03799605e-01  1.89693585e-01  3.28106403e-01  1.09140433e-01 -3.40119183e-01  5.14025390e-02 -2.35164866e-01 -3.04032534e-01  3.37194502e-01 -5.41066043e-02 -8.97886790e-03 -2.67568797e-01 -1.10374644e-01  5.71155138e-02 -7.05719233e-01]
 [ 1.52695745e-01  4.98031348e-01  1.25133187e-01  1.07980676e-01 -7.77699351e-02 -4.29313481e-01 -1.31123394e-01 -1.76207870e-01 -6.51520193e-01 -4.51795042e-01  3.23795825e-02  5.94920255e-02 -1.39811426e-01  3.09623666e-02  9.34589952e-02]
 [-2.61125714e-01  4.50559019e-04  2.33844340e-01 -1.01827852e-01 -2.76753187e-01  1.06031269e-01  1.09990649e-01  1.91602662e-01 -1.26418516e-01  8.03347826e-02 -7.11304724e-01  1.11958221e-01  2.55821296e-03  1.62445873e-01 -5.63731015e-01]
 [ 1.41085744e-01  8.37710872e-02  7.82646388e-02 -4.38514128e-02  6.53426796e-02  5.85868768e-02 -4.27133329e-02 -1.61408424e-01  5.56214340e-02  2.62943767e-02 -1.53473513e-02 -6.30494803e-02  3.97158507e-03 -1.58737212e-01  1.48352027e-01]
 [-6.44092262e-01 -1.38968274e-01  5.12973256e-02 -7.02008903e-02  4.60490972e-01  1.32522285e-01  7.22563207e-01  6.16409421e-01 -2.07459122e-01  7.05077574e-02  3.37609239e-02  1.15495346e-01 -8.38579461e-02  7.09935799e-02  4.62462485e-01]
 [ 1.23893209e-01  2.60628033e-02 -1.70874521e-01 -9.25737023e-02 -2.58922547e-01 -2.82652140e-01 -1.02711581e-02 -1.21492269e-02 -6.86616749e-02 -2.67471790e-01 -7.99597614e-03  1.33783802e-01  4.84011993e-02  1.46960512e-01 -3.31137955e-01]]
R:
[[5.07764926e-04 5.07764926e-04 9.12122708e-03 9.72265303e-01 4.70722700e-03 5.07764926e-04 5.07764926e-04 1.08596310e-02 5.07764926e-04 5.07764926e-04]
 [5.74444234e-03 5.74444234e-03 9.48300004e-01 5.74444234e-03 5.74444234e-03 5.74444234e-03 5.74444234e-03 5.74444234e-03 5.74444234e-03 5.74444234e-03]
 [3.88477347e-03 3.88477347e-03 5.31377256e-01 3.58765543e-01 3.43456753e-02 3.88477347e-03 3.88477347e-03 5.22028469e-02 3.88477347e-03 3.88477347e-03]
 [1.83267314e-02 1.83267314e-02 5.09094715e-01 8.83585215e-02 1.96163356e-01 1.83267314e-02 1.83267314e-02 9.64230075e-02 1.83267314e-02 1.83267314e-02]
 [1.70485023e-02 1.70485023e-02 5.21569312e-01 1.89171299e-01 1.01934426e-01 1.70485023e-02 1.70485023e-02 8.50339085e-02 1.70485023e-02 1.70485023e-02]
 [1.91008262e-02 1.91008262e-02 4.12198901e-01 2.29147732e-01 1.31985918e-01 1.91008262e-02 1.91008262e-02 1.12062499e-01 1.91008262e-02 1.91008262e-02]
 [1.56556703e-02 1.56556703e-02 5.44100463e-01 7.53522739e-02 1.91324547e-01 1.56556703e-02 1.56556703e-02 9.52886268e-02 1.56556703e-02 1.56556703e-02]
 [2.05146726e-02 2.05146726e-02 3.64074677e-01 2.62129515e-01 1.25672221e-01 2.05146726e-02 2.05146726e-02 1.25035509e-01 2.05146726e-02 2.05146726e-02]
 [1.96490809e-02 1.96490809e-02 5.33114254e-01 8.53133947e-02 1.72816873e-01 1.96490809e-02 1.96490809e-02 9.08610672e-02 1.96490809e-02 1.96490809e-02]
 [2.22361479e-02 2.22361479e-02 5.48374176e-01 2.22361479e-02 1.82610273e-01 2.22361479e-02 2.22361479e-02 1.13362521e-01 2.22361479e-02 2.22361479e-02]
 [1.95410531e-02 1.95410531e-02 4.68617111e-01 6.05023205e-02 2.32494965e-01 1.95410531e-02 1.95410531e-02 1.21139303e-01 1.95410531e-02 1.95410531e-02]
 [2.22832039e-02 2.22832039e-02 5.89952171e-01 1.02311857e-01 1.51753545e-01 2.22832039e-02 2.22832039e-02 2.22832039e-02 2.22832039e-02 2.22832039e-02]
 [1.69985630e-02 1.69985630e-02 5.22303641e-01 7.01996014e-02 1.91245049e-01 1.69985630e-02 1.69985630e-02 1.14260331e-01 1.69985630e-02 1.69985630e-02]
 [2.09478941e-02 2.09478941e-02 4.81160015e-01 8.69141221e-02 1.86447352e-01 2.09478941e-02 2.09478941e-02 1.19791180e-01 2.09478941e-02 2.09478941e-02]
 [1.41837215e-02 1.41837215e-02 5.73034108e-01 1.41837215e-02 2.19178542e-01 1.41837215e-02 1.41837215e-02 1.08501293e-01 1.41837215e-02 1.41837215e-02]]
distance_matrix:
[[52.92088   52.322174  48.929226  49.37408   49.009666  49.16844   49.34503   49.335308  49.273922  49.43448   49.72068   49.300694  49.355507  49.367188  49.626606 ]
 [44.115036  20.491117  27.411917  28.486172  27.557375  30.42093   27.669727  31.701687  27.686193  27.435638  29.904163  26.159805  28.176783  29.058094  27.383007 ]
 [48.428417  28.063654  33.734398  35.781376  34.26334   36.944103  35.06217   38.011063  34.90313   34.76494   37.30116   33.421246  35.48961   36.183594  35.06922  ]
 [17.549469   8.941887   8.79563    7.753504   8.061274   8.811232   7.535117   9.374662   7.60877    7.4653273  8.089006   7.3701887  7.6649365  7.953307   7.373125 ]
 [ 4.363604   9.684452   3.4837332  2.9387083  3.0534     2.3399894  3.1806822  2.1931562  3.0769887  3.2381153  2.8383446  3.6148033  3.0128055  2.7329807  3.5337958]
 [18.953463  11.4440365 10.44781    7.4145308  8.908485   9.163385   7.28683    9.754815   7.594465   7.3557997  7.2533846  7.6974077  7.3969235  7.7126017  6.8045444]
 [19.920284  10.363485  10.312693   7.589696   8.906019   9.443674   7.375869  10.128115   7.6817565  7.422042   7.5706797  7.645005   7.529925   7.929515   6.870926 ]
 [17.24885    5.77981    6.7839355  5.146779   5.7878532  6.7451773  4.8460417  7.4749584  5.018558   4.783059   5.4580126  4.693877   5.0373883  5.4614305  4.4886246]
 [21.178545  14.298136  12.961962   9.855464  11.356627  11.500225   9.757001  12.035802  10.052231   9.78732    9.635737  10.286468   9.821461  10.0926285  9.283276 ]
 [ 4.9477897 13.792765   5.8785906  4.554842   5.1349564  3.8724205  4.941813   3.5713675  4.8928328  5.0641584  4.1337857  5.7778606  4.6873875  4.2838397  5.2690125]
 [16.891554  18.106495  13.102221   9.340992  11.297426  10.42603    9.535758  10.597228   9.843235   9.712984   8.66279   10.617608   9.441277   9.419853   9.197698 ]
 [28.598257  15.272778  16.71734   13.090905  14.916399  15.705687  12.772292  16.61444   13.221941  12.834634  13.013745  13.084386  13.0082855 13.590245  11.989794 ]
 [ 4.5403647 11.640066   4.5577006  3.572413   3.9510274  2.9481018  3.8874688  2.7238178  3.8201113  3.9806743  3.295659   4.5539236  3.6731682  3.3337698  4.215792 ]
 [36.454018  16.161646  20.837305  18.027695  19.352982  21.08106   17.441048  22.31583   17.871622  17.409302  18.410263  17.188248  17.837706  18.686653  16.57677  ]
 [15.348498  15.832378  11.229628   7.7597666  9.557803   8.836563   7.919362   9.045612   8.204411   8.0940485  7.185848   8.850894   7.8561673  7.863697   7.6103706]]
