hid1:
[[0.12838908 0.         0.         0.11621376 0.         0.         0.         0.         0.15310675 0.13276228 0.10429809 0.1011042  0.13912743 0.         0.        ]
 [0.08718935 0.         0.         0.         0.         0.         0.         0.         0.         0.11860793 0.11078659 0.13958952 0.14981636 0.02995474 0.        ]
 [0.13818865 0.         0.         0.10469418 0.         0.         0.         0.         0.11880579 0.0803827  0.1103503  0.11785076 0.15397811 0.         0.        ]
 [0.01789219 0.         0.         0.         0.         0.         0.         0.         0.04419599 0.01642452 0.0135633  0.01989598 0.01133542 0.         0.        ]
 [0.05662033 0.04718776 0.         0.04283438 0.         0.         0.         0.         0.03250001 0.03328103 0.02501086 0.03039333 0.02774927 0.00017239 0.        ]
 [0.         0.07608485 0.         0.00756114 0.         0.         0.         0.         0.00212175 0.01902229 0.         0.         0.01406914 0.         0.        ]
 [0.00215692 0.00364227 0.         0.         0.         0.         0.         0.         0.01325318 0.         0.         0.00858869 0.01592067 0.         0.        ]
 [0.         0.00585038 0.         0.         0.         0.         0.         0.         0.0003893  0.00654233 0.00802152 0.00540219 0.00422284 0.00272506 0.        ]
 [0.01382369 0.04606662 0.         0.02504696 0.         0.         0.         0.         0.         0.02051481 0.         0.00396007 0.02947845 0.         0.        ]
 [0.         0.08607672 0.         0.         0.         0.         0.         0.         0.00982737 0.         0.         0.         0.         0.         0.        ]
 [0.         0.06719621 0.         0.02054281 0.         0.         0.         0.         0.         0.00031465 0.         0.         0.         0.         0.        ]
 [0.         0.04298044 0.         0.         0.         0.         0.         0.         0.03857044 0.0181594  0.         0.         0.         0.         0.        ]
 [0.01851639 0.02549603 0.         0.01955367 0.         0.         0.         0.         0.01745747 0.00608087 0.         0.00179369 0.01255096 0.         0.        ]
 [0.01657018 0.         0.         0.         0.         0.         0.         0.         0.01333982 0.         0.         0.0063392  0.00078379 0.         0.        ]
 [0.         0.02981217 0.         0.         0.         0.         0.         0.         0.         0.00788222 0.         0.         0.         0.         0.        ]]
hid2:
[[ 1.45175634e-02  2.79435981e-02 -3.56469899e-02  3.14195501e-03 -2.11843196e-02 -4.00562119e-03 -1.15285292e-02 -2.30188994e-03  6.21553231e-03  1.23620499e-02  1.81657821e-02  1.16345077e-03  3.12253423e-02 -6.16970733e-02 -5.20140715e-02]
 [-2.74593104e-03  5.97320125e-02  4.55190502e-02  3.77197415e-02 -1.30609572e-01 -3.44311520e-02 -4.15407307e-02 -3.90929729e-03 -3.46053317e-02 -8.70096684e-03 -5.24809957e-02  6.32868558e-02 -6.05942085e-02 -5.74880913e-02 -1.43172354e-01]
 [ 1.42105985e-02  2.73051821e-02 -3.90492454e-02  3.16370558e-03 -1.89592764e-02 -2.53179064e-03 -9.76779964e-03 -1.43248064e-03  7.37040071e-03  1.43936332e-02  2.08846517e-02 -7.42707984e-04  3.43679897e-02 -6.20452352e-02 -5.16119897e-02]
 [ 2.04727352e-02  3.43206786e-02 -1.87044851e-02  3.60238738e-03 -3.37546095e-02  1.72006758e-03 -1.61612984e-02 -1.01846941e-02  2.05579330e-03  1.46347135e-02  6.68905675e-03  6.85747433e-03  1.76678412e-02 -6.26953393e-02 -5.53231835e-02]
 [ 2.03156546e-02  3.33958045e-02 -2.25911960e-02  3.35844373e-03 -3.01630013e-02  3.65272490e-03 -1.40394531e-02 -9.30338819e-03  3.59602645e-03  1.70022454e-02  1.00651029e-02  4.04467620e-03  2.16499958e-02 -6.34911209e-02 -5.37015684e-02]
 [ 2.19161436e-02  3.77702154e-02 -1.00621860e-02  5.61814196e-03 -3.46780494e-02 -3.09076626e-04 -1.88748166e-02 -1.25316363e-02 -5.59754786e-04  1.11552700e-02  2.18780059e-03  7.34582962e-03  1.23601966e-02 -6.41284361e-02 -5.19192517e-02]
 [ 2.08728127e-02  3.44214439e-02 -1.91556141e-02  3.85819678e-03 -2.89959423e-02  1.84079516e-03 -1.54175134e-02 -1.01637840e-02  2.65080621e-03  1.43676298e-02  8.47160537e-03  3.78020434e-03  1.99161675e-02 -6.41170442e-02 -5.05557060e-02]
 [ 2.31617633e-02  3.82303223e-02 -9.03026946e-03  4.94516082e-03 -3.62505838e-02  9.84710641e-04 -1.93373784e-02 -1.38162207e-02 -6.28901413e-04  1.18410923e-02  1.22175412e-03  8.23429227e-03  1.13581941e-02 -6.35190308e-02 -5.23352697e-02]
 [ 2.13780999e-02  3.57835405e-02 -1.49100572e-02  3.67743382e-03 -3.93396094e-02  7.37945549e-04 -1.84067506e-02 -1.17844325e-02  4.55595320e-04  1.30995139e-02  2.91834259e-03  1.07480148e-02  1.32404109e-02 -6.08141497e-02 -5.85435480e-02]
 [ 4.38405648e-02  6.08111173e-02  5.01056984e-02  6.08394668e-03 -8.36541578e-02  1.33373719e-02 -3.93084176e-02 -4.15642112e-02 -1.66764054e-02  1.18153300e-02 -4.11996953e-02  3.36014517e-02 -3.82657759e-02 -6.09763153e-02 -6.54117540e-02]
 [ 2.18644813e-02  3.71208340e-02 -1.18901432e-02  5.07018203e-03 -3.40642482e-02 -2.79091299e-04 -1.85249895e-02 -1.22326082e-02 -2.45461706e-06  1.13012008e-02  3.18013737e-03  7.22723641e-03  1.36232171e-02 -6.34966195e-02 -5.19037917e-02]
 [ 6.96374848e-03  3.32506672e-02 -2.03076005e-02  1.16464067e-02 -4.77631949e-02 -1.54062044e-02 -1.85109302e-02  6.45412132e-04 -3.39419488e-03  4.99528274e-03  2.57110503e-03  1.74748935e-02  1.05592255e-02 -5.93934506e-02 -7.73440674e-02]
 [ 2.23382320e-02  3.52726914e-02 -1.69488750e-02  3.09514487e-03 -3.30268219e-02  2.49573076e-03 -1.68294180e-02 -1.19460681e-02  1.97506370e-03  1.42736603e-02  6.02960121e-03  6.50398666e-03  1.71894003e-02 -6.24780320e-02 -5.26301861e-02]
 [ 2.22810842e-02  3.80990505e-02 -9.70774796e-03  5.43198967e-03 -3.72615531e-02  9.61259939e-05 -1.92939714e-02 -1.30362445e-02 -8.41759145e-04  1.15377447e-02  1.25876628e-03  8.93816166e-03  1.12468116e-02 -6.30976036e-02 -5.41132577e-02]
 [ 4.38930169e-02  6.73800409e-02  6.42297193e-02  1.06039559e-02 -6.32875934e-02  9.23538581e-03 -3.61271054e-02 -4.25687060e-02 -1.97286960e-02  3.03214137e-03 -4.26065475e-02  1.95976086e-02 -4.12469655e-02 -7.22449571e-02 -3.41682658e-02]]
topics:
[[-2.33278908e-02 -2.81538397e-01  3.35548744e-02  3.50179851e-01 -1.65384024e-01 -2.29440570e-01 -5.59158288e-02  4.81127165e-02 -4.88467693e-01 -2.41161525e-01 -2.45426688e-02  1.47645354e-01 -1.90842021e-02  1.05515786e-03 -1.27103940e-01]
 [-4.81408872e-02  6.47653490e-02  1.21945076e-01  8.94752145e-02 -1.37217134e-01  9.81462896e-02  2.56614946e-02  2.72627324e-02 -3.90135385e-02  1.52971238e-01 -6.17996790e-02 -1.70291252e-02 -9.52614471e-02 -2.22575203e-01 -2.02059895e-01]
 [-2.57771254e-01  1.28662422e-01  2.98874110e-01  3.06239985e-02  1.91083848e-01 -2.68987060e-01 -2.55745590e-01  2.65908182e-01 -5.29898815e-02 -1.16729476e-01  4.51675355e-02  6.98019922e-01 -8.82181246e-03 -5.80585524e-02  3.29902023e-01]
 [ 1.12355724e-02  2.36384552e-02 -4.69470583e-02  2.23266357e-03 -1.40640531e-02 -5.38918376e-03 -7.96450302e-03  2.30827089e-03  9.34317708e-03  1.31226834e-02  2.56639291e-02 -2.47651641e-03  4.00643684e-02 -6.12766705e-02 -5.10207750e-02]
 [ 5.49603462e-01  8.31576288e-02  2.96352535e-01 -8.49108249e-02 -5.25665700e-01 -3.20475906e-01 -1.14732993e+00 -6.56031549e-01  8.57757330e-02 -2.31197342e-01  6.47299886e-02 -1.13122016e-01 -9.80850607e-02 -8.06425326e-03 -6.56082928e-01]
 [ 2.06019685e-01  5.62629461e-01  1.30965278e-01  4.12876606e-01 -8.36936310e-02 -1.60531342e-01 -6.19514659e-02 -1.65825546e-01 -1.63638577e-01 -1.59210786e-01  3.84754241e-02 -2.25538462e-02  3.99306566e-02  1.77457809e-01  7.66181499e-02]
 [-2.99824715e-01  3.86995822e-02  1.39655888e-01 -1.40979767e-01 -1.70274600e-01 -2.90809423e-01  3.37733358e-01  2.82679647e-01  1.42540187e-01 -3.59000385e-01 -7.42326379e-01  1.23724332e-02 -4.42319155e-01 -6.85244724e-02 -4.58816290e-01]
 [ 1.57131001e-01  9.22905877e-02  8.66822451e-02 -3.78566459e-02  3.58878374e-02  1.42673671e-01 -2.35861596e-02 -1.34296760e-01  1.70010794e-02  7.92687163e-02 -1.28535992e-02 -6.08020872e-02  1.18767843e-02 -9.27286372e-02  1.29251972e-01]
 [-4.18700874e-01 -9.35495496e-02 -3.21384490e-01 -1.44660562e-01  4.68634963e-02 -8.53025019e-02  5.18972814e-01  3.49346966e-01 -7.67270394e-04 -8.43529403e-02  3.56926806e-02 -5.24932295e-02 -1.32180735e-01 -1.15427941e-01  2.35033825e-01]
 [ 7.40084127e-02 -3.95102017e-02 -2.01859996e-01 -1.32204607e-01 -2.71221071e-01  1.32668555e-01 -8.64259806e-03 -4.89693657e-02  5.94515726e-02  1.45725280e-01  1.43280867e-02  1.73218057e-01  3.87731753e-02  1.08404867e-01 -3.20075452e-01]]
R:
[[0.00583441 0.01857417 0.00583441 0.8971163  0.00583441 0.00583441 0.00583441 0.03737715 0.00583441 0.01192598]
 [0.06649902 0.28567296 0.06649902 0.06649902 0.06649902 0.08575465 0.06649902 0.06649902 0.06649902 0.16307923]
 [0.00298258 0.01638928 0.00298258 0.92767155 0.00298258 0.00442131 0.00298258 0.02765725 0.00298258 0.00894774]
 [0.01368286 0.05355071 0.01368286 0.7290078  0.01368286 0.01368286 0.01368286 0.0984318  0.01368286 0.03691265]
 [0.010168   0.04949737 0.010168   0.7679128  0.010168   0.01121268 0.010168   0.08921262 0.010168   0.03132451]
 [0.01785064 0.06014596 0.01785064 0.6788177  0.01785064 0.01785064 0.01785064 0.1220848  0.01785064 0.03184768]
 [0.01210154 0.04722555 0.01210154 0.75447935 0.01210154 0.01210154 0.01210154 0.10009646 0.01210154 0.02558927]
 [0.01847191 0.06166795 0.01847191 0.6599731  0.01847191 0.01847191 0.01847191 0.13021812 0.01847191 0.03730939]
 [0.01733891 0.05954013 0.01733891 0.67786413 0.01733891 0.01760842 0.01733891 0.1093376  0.01733891 0.04895514]
 [0.05106997 0.1662612  0.05106997 0.05106997 0.05106997 0.05135963 0.05106997 0.34223202 0.05106997 0.13372734]
 [0.01715866 0.05617614 0.01715866 0.69011265 0.01715866 0.01715866 0.01715866 0.11843142 0.01715866 0.03232788]
 [0.0204324  0.07728641 0.0204324  0.7284826  0.0204324  0.02410549 0.0204324  0.0204324  0.0204324  0.04753121]
 [0.01427208 0.05047647 0.01427208 0.7159111  0.01427208 0.01427208 0.01427208 0.11134385 0.01427208 0.03663615]
 [0.01859186 0.06306778 0.01859186 0.6624093  0.01859186 0.01920252 0.01859186 0.12354313 0.01859186 0.03881794]
 [0.05236658 0.15625851 0.05236658 0.05236658 0.05236658 0.05236658 0.05236658 0.39803717 0.06210107 0.06940383]]
distance_matrix:
[[1.2581995  2.3118706  1.2592037  1.2834204  1.269846   1.306203   1.2751523  1.3154364  1.3065531  2.067339   1.3011549  1.306684   1.2891397  1.3137529  2.129345  ]
 [1.27673    2.4314694  1.2732306  1.3225813  1.3037016  1.3546727  1.3126799  1.3656015  1.3514111  2.1922054  1.347748   1.3452799  1.3304033  1.3632663  2.2696953 ]
 [1.311118   2.5788894  1.3029065  1.373443   1.3486853  1.412977   1.3606544  1.425287   1.4087212  2.3162315  1.4046369  1.4056296  1.3823875  1.4230608  2.4036794 ]
 [0.20784554 0.99994886 0.21963894 0.17912614 0.1792243  0.18730627 0.18048277 0.18978424 0.18421374 0.7416835  0.18533093 0.20207551 0.18044005 0.18885365 0.82151353]
 [0.19823906 1.001839   0.21095341 0.16899808 0.16986908 0.17422697 0.16907436 0.17675978 0.17383622 0.7241149  0.17242217 0.19609088 0.16906074 0.17633083 0.78769433]
 [0.23327594 0.9320275  0.25122023 0.18321317 0.1901168  0.17850584 0.1850326  0.1794251  0.1820353  0.65040296 0.17865945 0.20958227 0.18118893 0.17970656 0.6990934 ]
 [0.19162649 0.9778954  0.20429629 0.16057155 0.16166106 0.16798136 0.16240808 0.17001027 0.16451955 0.711756   0.16602805 0.18467209 0.16140214 0.16923574 0.79239136]
 [0.16882044 0.97134775 0.18058747 0.14090571 0.14070016 0.14801276 0.1411683  0.15091771 0.14702246 0.70725876 0.14625725 0.16594991 0.14208049 0.15026805 0.77895236]
 [0.17302902 0.959584   0.18691395 0.13841814 0.14053647 0.14201672 0.13904338 0.14398012 0.14203288 0.67284894 0.14060608 0.16785645 0.13800907 0.14388214 0.73762083]
 [0.21775922 0.9045483  0.23508173 0.16918111 0.17577322 0.16752596 0.17260687 0.16828361 0.16753893 0.644087   0.1672764  0.18964437 0.16823027 0.16791332 0.70732814]
 [0.2376152  0.90122724 0.2561838  0.18386738 0.19200203 0.18047401 0.188158   0.18051596 0.18023819 0.6360023  0.18047416 0.20476156 0.18224572 0.1802673  0.69987565]
 [0.17427535 0.93451226 0.18888628 0.13575934 0.1388389  0.13794933 0.13699265 0.13963199 0.13822307 0.65466654 0.13690943 0.16332051 0.13524918 0.13948543 0.7189542 ]
 [0.18547381 0.9296714  0.20034884 0.14527899 0.14893638 0.14837576 0.14783028 0.14956713 0.14647053 0.6572134  0.14719446 0.17025241 0.14496394 0.1491416  0.72874075]
 [0.205509   0.9861637  0.21829376 0.17405005 0.17531618 0.18087944 0.17583227 0.18294182 0.17779595 0.7228354  0.17901292 0.19730458 0.17479631 0.18212631 0.80214   ]
 [0.24225883 0.9137533  0.26003507 0.19086793 0.19814534 0.18888076 0.19507839 0.18916212 0.18803939 0.6540384  0.18869372 0.21083282 0.18971585 0.18873337 0.72203004]]
