hid1:
[[0.05445371 0.08305035 0.02975302 0.05912502 0.12366387 0.04930043 0.02440332 0.10293713 0.08547887 0.         0.10491133 0.11419661 0.         0.11436556 0.        ]
 [0.0131924  0.05543904 0.         0.02454429 0.15196356 0.04082126 0.         0.18821903 0.15981442 0.01309033 0.06751619 0.155184   0.         0.1727361  0.        ]
 [0.02006128 0.09096453 0.         0.04757256 0.1166229  0.         0.07635135 0.15361334 0.11689234 0.         0.0839822  0.14686136 0.         0.1156687  0.        ]
 [0.06905295 0.09344795 0.01966032 0.06108604 0.02598852 0.02447113 0.07019971 0.06646629 0.06458563 0.05445704 0.07142713 0.03227284 0.         0.04060924 0.        ]
 [0.06316189 0.07640254 0.         0.03725147 0.03535436 0.04426811 0.0536358  0.06185919 0.06516304 0.05999762 0.04858704 0.11300394 0.         0.02429832 0.02694136]
 [0.06047374 0.07791147 0.02554686 0.0837574  0.02560291 0.02551712 0.03842859 0.07846174 0.09019103 0.04967036 0.08391829 0.02277201 0.         0.00119979 0.        ]
 [0.06492369 0.07279966 0.02547638 0.06805978 0.01041677 0.03391473 0.06245522 0.07712872 0.06283163 0.06371986 0.05549884 0.04790182 0.         0.02826251 0.        ]
 [0.07379341 0.09449865 0.01758328 0.03461192 0.00962658 0.         0.05198837 0.06896022 0.0809736  0.06143138 0.08909134 0.07152171 0.         0.0421145  0.01681121]
 [0.04182723 0.07633525 0.         0.04533369 0.01062665 0.02600374 0.12930071 0.11954405 0.05990985 0.05002969 0.05406459 0.05483114 0.         0.09495956 0.05440441]
 [0.05433933 0.0672227  0.04820798 0.06176956 0.01902607 0.04797143 0.06385802 0.04677583 0.05168119 0.03674528 0.01969714 0.0647693  0.         0.00467736 0.        ]
 [0.10546432 0.10186071 0.04061766 0.07339714 0.         0.01325161 0.07932283 0.00824546 0.07490512 0.07031792 0.05673928 0.01856833 0.         0.00498127 0.        ]
 [0.03187379 0.07619707 0.02070892 0.07923622 0.04297194 0.06684014 0.07502858 0.08691247 0.01974344 0.02011673 0.         0.0681392  0.         0.10213734 0.05018957]
 [0.06322318 0.10331504 0.00080905 0.06951566 0.02448306 0.04757209 0.04556475 0.05440608 0.0462968  0.05319417 0.05259698 0.         0.         0.02857948 0.        ]
 [0.03023655 0.05741611 0.00353531 0.06093239 0.01903448 0.03181965 0.06261864 0.06092304 0.03117562 0.07575702 0.06646629 0.03782411 0.         0.05030095 0.00990524]
 [0.10374817 0.07308143 0.02549923 0.05461255 0.         0.02477798 0.08543752 0.03507958 0.0701056  0.06002912 0.09342857 0.03756334 0.         0.         0.        ]]
hid2:
[[ 0.05123868  0.06787778  0.06006396  0.06649525  0.00983869  0.03334014  0.04898667  0.05171631  0.04828077  0.04283242  0.05197469  0.04940196 -0.00904108  0.03723178 -0.02026791]
 [ 0.0249582   0.06921718  0.04003998  0.06317894  0.03490026  0.04869477  0.09093302  0.06626879  0.00019479  0.03830243  0.0832782   0.09262816 -0.02509724  0.04946084  0.02480198]
 [ 0.04832954  0.06343932  0.05902728  0.06612054  0.00690525  0.0332947   0.04889265  0.04855077  0.03967093  0.04072466  0.05221611  0.04487002 -0.01275191  0.03273847 -0.02274147]
 [ 0.04410116  0.07205635  0.05047673  0.05915052  0.01460519  0.03483546  0.0569749   0.05117234  0.03558957  0.03871294  0.05230563  0.06937595 -0.01401655  0.04514366 -0.00911169]
 [ 0.04784923  0.07134926  0.05443573  0.06152431  0.01195367  0.03400049  0.05285285  0.05056708  0.04208827  0.04043583  0.05090368  0.06216082 -0.01209179  0.04284774 -0.01513113]
 [ 0.04328922  0.07300436  0.04984118  0.05980143  0.01779009  0.03531993  0.05950681  0.054437    0.03624282  0.03925215  0.05444733  0.07215628 -0.01232117  0.04674399 -0.00411213]
 [ 0.04505914  0.07940423  0.05000648  0.05974283  0.02248635  0.03964912  0.06515364  0.05674767  0.03982163  0.04221649  0.05930214  0.08373229 -0.01412385  0.05396852 -0.00100633]
 [ 0.04105334  0.07253791  0.04815821  0.05934082  0.01870124  0.03626535  0.0622556   0.05468937  0.03144606  0.03848454  0.05627869  0.07465921 -0.01417609  0.04709425 -0.0019062 ]
 [ 0.0466461   0.06907429  0.05362095  0.06073395  0.00901376  0.0328965   0.0512877   0.04807896  0.0380806   0.03876624  0.04891602  0.05923333 -0.01364159  0.04056482 -0.01809566]
 [ 0.04173728  0.06658596  0.04956589  0.05858578  0.01009884  0.03206372  0.05341074  0.04798501  0.02940533  0.03576416  0.04889681  0.06115469 -0.01483507  0.03929734 -0.0125665 ]
 [ 0.04191686  0.07462064  0.04848122  0.05918515  0.02002193  0.0378458   0.06375625  0.05485748  0.03282372  0.03955068  0.05778636  0.07817862 -0.01513078  0.0492187  -0.00146139]
 [ 0.04428904  0.06948246  0.05149547  0.06106513  0.01013141  0.03351062  0.05519105  0.05031519  0.03375062  0.03814824  0.05094228  0.06313464 -0.01439872  0.04260881 -0.01554306]
 [ 0.04385542  0.0739299   0.04998111  0.05881635  0.01841273  0.03605974  0.0593298   0.0532657   0.03706375  0.0395553   0.0544938   0.07380866 -0.0131998   0.04726441 -0.00382415]
 [ 0.04107057  0.07287151  0.04851829  0.06180242  0.02380685  0.03398486  0.06266467  0.06241075  0.03830525  0.03952995  0.05700448  0.07347111 -0.00582672  0.04783343  0.00719148]
 [ 0.04524872  0.08269225  0.05004119  0.06066848  0.0271095   0.04264518  0.07015003  0.06015279  0.04138307  0.04429013  0.06420581  0.0905816  -0.01436346  0.05797686  0.00388182]]
topics:
[[-1.38034252e-02 -9.33560207e-02  1.92442462e-02 -3.80015257e-03 -7.37026334e-02 -7.06128478e-02  1.47973830e-02  1.72512364e-02  6.18974492e-02 -1.63211003e-01 -1.63346715e-02 -8.45678989e-03 -2.33182926e-02  3.22748460e-02 -5.86422570e-02]
 [ 7.85713270e-02  5.91806602e-03  6.01741038e-02 -2.21389439e-03 -6.34460673e-02  2.62851045e-02  3.09132431e-02  6.82357326e-02 -1.22366324e-02  4.36241701e-02 -1.91322818e-01  6.40030624e-03 -5.65519221e-02  6.53506368e-02 -7.74008855e-02]
 [ 6.12859316e-02  1.58468112e-01  4.60145138e-02  5.82663715e-02  1.05736852e-01  8.03825930e-02  1.32729128e-01  1.11058883e-01  1.05757214e-01  7.70893395e-02  1.14845827e-01  2.28736073e-01 -2.14695954e-03  1.44333422e-01  8.86172354e-02]
 [-1.16964569e-02  3.57163546e-04 -2.14424934e-02  1.75675246e-04 -3.76605988e-03 -2.92406930e-03  3.43690161e-03  9.64142475e-03 -1.53440947e-03  2.61744787e-03  8.93512368e-03 -5.76286018e-03  1.50000220e-02 -3.81088965e-02 -1.79172698e-02]
 [ 1.51742220e-01  7.59462044e-02  1.44208193e-01  1.10453919e-01 -6.82166070e-02 -3.80904786e-03 -6.45917729e-02  3.64365838e-02  2.31153533e-01  7.87128434e-02 -1.93631221e-02 -9.26915333e-02  5.13226464e-02  1.44897755e-02 -1.84214279e-01]
 [ 1.61870793e-02  2.11852193e-01  2.13806871e-02  7.49081522e-02 -6.25871047e-02 -1.69334441e-01 -6.68496564e-02 -6.90291971e-02 -2.23425999e-01  1.38690025e-01 -6.23907186e-02  9.94697213e-02  5.00670169e-03 -3.82175446e-02  2.29860302e-02]
 [ 3.50064002e-02  2.30382700e-02  5.79721704e-02  2.19793487e-02 -1.20692059e-01  9.38598439e-02  4.46306504e-02 -1.39006257e-01 -1.61348209e-01  1.39008211e-02  5.71012646e-02  2.62859967e-02 -2.25111902e-01 -2.15335861e-02 -2.44040534e-01]
 [ 2.28220653e-02  5.06414287e-03  3.35596800e-02 -3.77329849e-02  2.15147398e-02 -3.43989767e-03 -6.22165352e-02 -6.63689300e-02  1.51026854e-02 -1.06100291e-02 -3.75403427e-02 -1.32579384e-02 -1.89431235e-02 -6.99948221e-02  6.15533106e-02]
 [-8.25767815e-02 -5.06482683e-02  3.71859521e-02  1.81608230e-01  1.29311070e-01  7.35186860e-02  2.32528031e-01  2.30362386e-01 -1.55815348e-01  4.39808331e-02  2.67637044e-01 -2.60609742e-02  1.83297768e-02 -4.52725478e-02  2.14176238e-01]
 [-3.36090103e-02  2.54883040e-02 -6.87891170e-02  2.08187327e-02 -8.46862420e-02  6.35858551e-02  3.01493495e-03  3.48407775e-03 -3.19381207e-02 -1.32096112e-01  5.96779026e-03  3.04946192e-02  1.57797001e-02  4.97489087e-02 -1.34217530e-01]]
R:
[[0.03836863 0.03836863 0.2987526  0.03836863 0.23760659 0.03836863 0.086876   0.07339357 0.11152817 0.03836863]
 [0.04449393 0.04449393 0.40677163 0.04449393 0.04449393 0.04449393 0.11858258 0.04449393 0.1631883  0.04449393]
 [0.03958123 0.03958123 0.2743088  0.03958123 0.22909313 0.03958123 0.10192584 0.07613339 0.12063275 0.03958123]
 [0.04894209 0.04894209 0.3467327  0.04894209 0.16079429 0.04894209 0.0883663  0.06429216 0.09510407 0.04894209]
 [0.04522556 0.04522556 0.33054578 0.04522556 0.19317049 0.04522556 0.08798818 0.06620736 0.09596039 0.04522556]
 [0.04877228 0.04877228 0.35814136 0.04877228 0.1552523  0.04877228 0.07990794 0.06349619 0.09934086 0.04877228]
 [0.04446825 0.04446825 0.4042839  0.04446825 0.14440377 0.04446825 0.08597185 0.05297642 0.09002282 0.04446825]
 [0.04992291 0.04992291 0.36195314 0.04992291 0.14001031 0.04992291 0.08497048 0.06042082 0.10303061 0.04992291]
 [0.04791756 0.04791756 0.31441253 0.04791756 0.19012731 0.04791756 0.0939026  0.06552455 0.09644521 0.04791756]
 [0.05297945 0.05297945 0.30965114 0.05297945 0.16147637 0.05297945 0.09182751 0.06991924 0.10222851 0.05297945]
 [0.0478272  0.0478272  0.37651607 0.0478272  0.13760157 0.0478272  0.08876012 0.05878206 0.09920423 0.0478272 ]
 [0.05129552 0.05129552 0.3228896  0.05129552 0.17450893 0.05129552 0.0944781  0.05129552 0.10035021 0.05129552]
 [0.04701871 0.04701871 0.36485106 0.04701871 0.15280057 0.04701871 0.08267315 0.06953794 0.0950437  0.04701871]
 [0.05061791 0.05061791 0.36627367 0.05061791 0.15100507 0.05061791 0.05061791 0.06561018 0.11340365 0.05061791]
 [0.0409822  0.0409822  0.43274537 0.0409822  0.13646872 0.0409822  0.08616325 0.04818955 0.0915221  0.0409822 ]]
distance_matrix:
[[4.9562864  4.295577   5.0788345  4.2358727  4.4466305  4.1541834  3.9172716  4.110721   4.5478253  4.4870787  4.0305867  4.4232574  4.1152334  4.124788   3.7996464 ]
 [6.35118    5.719693   6.5113735  5.651217   5.8498573  5.5592747  5.2709284  5.5244794  5.9759383  5.9509945  5.4270062  5.8545585  5.514553   5.523051   5.1208534 ]
 [7.981262   7.211046   8.164769   7.2512603  7.462202   7.14406    6.806319   7.1041045  7.607899   7.59149    6.9913754  7.4752536  7.095004   7.091656   6.6208754 ]
 [1.8687763  3.048088   1.9010334  1.8154521  1.7565947  1.8447394  1.9497528  1.9150224  1.7689128  1.8350761  1.9366088  1.7879205  1.8545728  1.9130564  2.0661736 ]
 [1.3527265  1.4709377  1.3744402  0.8947468  1.0059419  0.87844133 0.8817258  0.8723211  1.0269794  0.9616802  0.86712456 0.9630852  0.87021637 0.8994198  0.9232402 ]
 [1.0442438  2.311799   1.0471668  1.0460753  0.97048044 1.0859146  1.2408147  1.1584821  0.9661603  1.025315   1.1958184  0.993464   1.1032543  1.1593356  1.3853693 ]
 [0.92744446 2.4880729  0.93152237 1.0361843  0.91604614 1.0881238  1.279046   1.1815038  0.90720844 0.9966829  1.2292724  0.95708466 1.1115255  1.1693244  1.448647  ]
 [1.1043248  2.373075   1.1098237  1.0984368  1.0244036  1.1388664  1.2890449  1.2114415  1.020381   1.0807936  1.2472539  1.0465412  1.1555715  1.2158356  1.4325423 ]
 [1.7983437  2.2220392  1.8069563  1.4969134  1.5484586  1.4962664  1.543683   1.5108819  1.5628467  1.5371392  1.5177054  1.5247893  1.4969935  1.5325189  1.610878  ]
 [1.3868885  2.5912843  1.3987608  1.3781643  1.3079691  1.4106817  1.5468307  1.4811292  1.3126101  1.373533   1.5124412  1.3375773  1.4251328  1.4743257  1.6763668 ]
 [0.96266365 2.675109   0.9428997  1.1549802  1.0050178  1.2202177  1.4537745  1.3210435  0.98271847 1.0822856  1.3814602  1.0449328  1.2511363  1.3155999  1.6488447 ]
 [1.7947197  2.558948   1.7735147  1.6355186  1.6339073  1.6564589  1.7878561  1.6910529  1.6265283  1.6165764  1.7234397  1.6175923  1.6690063  1.7049661  1.9070477 ]
 [1.070528   2.4886112  1.0870514  1.1065402  1.0121412  1.1517773  1.3041868  1.2363372  1.0113025  1.0928037  1.2717032  1.0504837  1.1674094  1.2361712  1.4528351 ]
 [1.229393   2.447856   1.2328668  1.1846919  1.1251287  1.2246351  1.3752546  1.2927623  1.1179585  1.1641233  1.3290792  1.1404476  1.2393174  1.3014159  1.5209107 ]
 [0.8895283  2.6389794  0.8913288  1.0860534  0.9301872  1.1484823  1.3529224  1.2551742  0.9202838  1.0399992  1.3052258  0.98690844 1.1740518  1.2478318  1.5327501 ]]
