hid1:
[[-1.78194381e-02 -5.61710536e-01 -1.32940185e+00  5.73260009e-01  1.07515097e-01  1.70823705e+00  6.65757805e-02 -3.93791832e-02  1.69494957e-01 -1.35743722e-01  7.27073908e-01  3.87584239e-01 -4.72215176e-01 -5.66258371e-01  3.34944241e-02  1.95096135e-01]
 [-7.43705183e-02 -1.37026966e-01 -1.06344104e+00  4.50625539e-01  5.95477559e-02  1.26565838e+00  2.02480286e-01  2.24318266e-01 -1.78200342e-02 -4.37606037e-01  3.96141499e-01  5.85380606e-02 -1.59777105e-01 -5.24720609e-01  6.50303483e-01 -1.50868312e-01]
 [-8.68795887e-02 -2.14108840e-01 -1.15992832e+00  4.04664099e-01 -5.74406572e-02  1.35588062e+00  1.09234147e-01  3.53779085e-02  7.00414851e-02 -3.66884917e-01  5.08215964e-01  1.05386242e-01 -2.02460185e-01 -6.15587950e-01  5.05441666e-01  2.10543405e-02]
 [-3.50057855e-02 -5.53871632e-01 -1.30419648e+00  5.72951913e-01  1.68158472e-01  1.55136144e+00  5.81684373e-02  2.34545097e-02  8.54060650e-02 -2.47666329e-01  7.05684662e-01  2.86364764e-01 -4.10922110e-01 -5.49467146e-01  1.27466366e-01  7.88882002e-02]
 [-5.81957027e-02 -1.24623671e-01 -1.05397832e+00  6.28473341e-01 -1.68548971e-01  1.19212949e+00  1.13811374e-01  1.10406622e-01 -6.07466325e-04 -3.31080258e-01  2.90109903e-01 -1.07667558e-02 -7.80035257e-02 -6.78250313e-01  6.83822572e-01  1.46387424e-03]
 [-1.50518492e-01 -3.56567413e-01 -1.08639765e+00  6.09087706e-01 -4.95963246e-02  1.25118661e+00  1.64261609e-01  1.07058465e-01  5.46765849e-02 -3.09205979e-01  4.08801138e-01  1.04939565e-01 -2.30220214e-01 -5.27388513e-01  5.56527913e-01  4.48190719e-02]
 [-1.90728605e-01 -2.48295978e-01 -1.10641241e+00  5.99405646e-01 -1.99121982e-02  1.29736745e+00  9.33780968e-02  6.34264126e-02  5.29779866e-02 -3.09455127e-01  4.26835597e-01  1.68248564e-01 -1.82514191e-01 -5.98754227e-01  5.65481722e-01  2.51974165e-01]
 [-1.75951988e-01 -1.20577581e-01 -9.95266736e-01  6.25207841e-01 -1.38481215e-01  1.08421254e+00  1.25379115e-01  1.88087612e-01  2.23209634e-02 -4.13251132e-01  3.67158592e-01  2.23255716e-03 -9.94109213e-02 -6.13621294e-01  7.36069560e-01 -1.75086968e-02]
 [-1.02751724e-01 -5.92138134e-02 -1.01790679e+00  5.41847169e-01 -1.92996502e-01  1.24143541e+00 -1.90381911e-02  7.37650990e-02 -7.35187624e-03 -3.67536426e-01  2.91605145e-01  9.40116867e-02  4.70396504e-02 -6.84100270e-01  6.69571698e-01 -7.40960091e-02]
 [-5.55391908e-02 -2.08702996e-01 -1.07902765e+00  6.06170833e-01 -1.59330890e-01  1.25042105e+00  1.60642803e-01  6.32915944e-02  3.04915570e-02 -3.91656637e-01  3.88741225e-01  9.32492167e-02 -1.47997290e-01 -6.47708714e-01  5.99295676e-01  1.83629580e-02]
 [ 7.13413060e-02 -2.73233175e-01 -1.22163856e+00  6.35212004e-01 -2.41087019e-01  1.50430846e+00  4.71492670e-03 -1.73888472e-03  7.63623714e-02 -1.13538414e-01  6.42338812e-01  2.36203119e-01 -2.02991217e-01 -6.34907722e-01  2.49089330e-01 -7.85038024e-02]
 [ 9.17907208e-02 -3.47043037e-01 -1.28028500e+00  6.30330145e-01 -1.74005345e-01  1.55980361e+00 -3.29195708e-03  5.74108912e-04  1.82393149e-01 -5.89776561e-02  6.54097438e-01  1.90686449e-01 -2.91082650e-01 -6.10893905e-01  1.90247104e-01 -1.81158721e-01]
 [-2.41831020e-02 -1.91904232e-01 -1.04673338e+00  5.99417925e-01 -1.55753881e-01  1.24826264e+00  8.23063627e-02 -5.22415489e-02  7.50117144e-03 -3.39676797e-01  3.94390434e-01  6.34531006e-02 -8.27697739e-02 -6.69617772e-01  6.19912148e-01 -3.90993655e-02]
 [-1.11968264e-01 -2.49219164e-01 -1.09619164e+00  5.53837836e-01 -1.88971132e-01  1.24594474e+00  6.44957349e-02 -4.26508859e-02  5.37661985e-02 -3.08061779e-01  4.00534838e-01  1.94328025e-01 -8.76957476e-02 -6.23938084e-01  5.07225454e-01  2.38964707e-02]
 [-2.26732660e-02 -2.03216165e-01 -1.06614482e+00  6.30075037e-01 -3.92805874e-01  1.21574128e+00  1.11990031e-02 -1.31465103e-02 -2.53290713e-01 -3.02024782e-01  5.04178584e-01  1.97787941e-01 -2.75008589e-01 -6.25462770e-01  5.04240036e-01 -2.23697647e-02]
 [ 4.76259738e-01 -1.16076970e+00 -1.74344218e+00  5.45639575e-01  3.72971296e-01  2.30109787e+00  5.17629683e-02  1.33874387e-01  2.95649976e-01  3.74077082e-01  1.32346570e+00  5.07740498e-01 -9.94540215e-01 -2.89989412e-01 -7.59577453e-01  2.49599501e-01]]
hid2:
[[-0.08797115 -0.30993003 -1.1155229   0.6105367  -0.09288131  1.3245482   0.07250069  0.08436573  0.03108498 -0.33252865  0.46623352  0.1523692  -0.22632916 -0.6021971   0.52017176  0.075534  ]
 [-0.12715973 -0.07137994 -0.94352156  0.54029435 -0.12684351  1.0301914   0.2921291   0.29649827  0.13476709 -0.46648836  0.26122215 -0.18016723 -0.04087333 -0.5933591   0.8817065  -0.24758792]
 [-0.14241396 -0.04777329 -0.92292553  0.54359764 -0.14162275  1.0011806   0.29150206  0.29435223  0.12280186 -0.48447946  0.23976038 -0.18715426 -0.01963906 -0.60356593  0.9148641  -0.24673481]
 [-0.07884713 -0.31748214 -1.1234454   0.60565454 -0.08389354  1.3337848   0.08104322  0.09368413  0.04320415 -0.32500672  0.47353745  0.14493476 -0.23419735 -0.5947979   0.51054126  0.06301413]
 [-0.12925518 -0.20782493 -1.0341995   0.60256475 -0.13201922  1.1988117   0.11832877  0.12531093  0.02757774 -0.4000674   0.37595412  0.06588227 -0.1407408  -0.62228936  0.66927344  0.0079612 ]
 [-0.08942173 -0.29159886 -1.102796    0.6037321  -0.09392449  1.3019122   0.09244582  0.10384149  0.04210173 -0.34217304  0.45064062  0.12325941 -0.21247332 -0.5999976   0.5483129   0.04619979]
 [-0.11851899 -0.22917718 -1.0518667   0.6023363  -0.12172404  1.2250836   0.11287859  0.12102552  0.03241949 -0.38506845  0.39505038  0.0791771  -0.15917175 -0.6160393   0.63857734  0.01602373]
 [-0.16182932 -0.01772711 -0.896711    0.5478019  -0.16043352  0.96425605  0.29070395  0.2916208   0.1075727  -0.5073782   0.21244411 -0.19604722  0.00738756 -0.6165569   0.9570665  -0.245649  ]
 [-0.12852539 -0.22097205 -1.0432295   0.60772496 -0.1315828   1.2150491   0.10341358  0.11071116  0.01906971 -0.39327964  0.38710526  0.08746751 -0.15059952 -0.6241694   0.649019    0.02989603]
 [-0.03966279 -0.3569509  -1.1621802   0.58780044 -0.04545264  1.3821466   0.10898186  0.125097    0.0899363  -0.28923336  0.510832    0.12544616 -0.27316505 -0.5644072   0.45825395  0.0221097 ]
 [ 0.28965163 -1.1456505  -1.7936276   0.63998646  0.26732296  2.3532763  -0.2245295  -0.16998515  0.13738607  0.23679931  1.2092606   0.7697622  -0.9369225  -0.39905667 -0.69106674  0.5139973 ]
 [-0.0868502  -0.3358152  -1.1332026   0.62098145 -0.0923391   1.3565214   0.04251353  0.05497802  0.01371656 -0.31929582  0.48815614  0.19558778 -0.24565978 -0.60620636  0.48022032  0.11963262]
 [-0.10238823 -0.2507668  -1.0713881   0.5973505  -0.10601965  1.2515932   0.11773687  0.12742189  0.04762118 -0.36770737  0.41490343  0.08060032 -0.17914389 -0.6045813   0.6087548   0.00895293]
 [-0.08304019 -0.3160174  -1.1211473   0.6087859  -0.08806914  1.3320186   0.07462288  0.08694773  0.03611903 -0.32747424  0.47187072  0.1518984  -0.23205745 -0.5985936   0.5118511   0.07243577]
 [ 0.27199066 -1.1398641  -1.784204    0.6533451   0.24972679  2.34631    -0.2520482  -0.1988272   0.10725425  0.22659525  1.2025632   0.79977024 -0.928191   -0.41511953 -0.68614465  0.5543814 ]
 [-0.03626368 -0.4347768  -1.2153451   0.61917716 -0.04379344  1.4782768   0.01887975  0.03679916  0.03777314 -0.24943587  0.5767474   0.25532055 -0.33129156 -0.57643324  0.3381436   0.15461257]]
topics:
[[ 5.5008817e-01 -3.8073850e-01 -3.3756783e+00  3.2539949e-01 -1.9678922e+00  2.4571290e+00 -2.7613423e+00 -2.7451203e+00 -1.4312629e+00  7.2249955e-01  8.9717793e-01 -1.9418775e+00  2.1250649e-01  3.7291644e+00 -9.6069896e-01  2.6092243e+00]
 [ 3.2211509e+00 -4.7311678e+00 -1.7428932e+00  5.7557261e-01  2.6657271e+00  2.7586281e+00  3.1373193e+00  3.6919017e+00 -2.0961723e+00 -2.6878804e-01  7.3153174e-01 -1.3583533e+00  8.4131157e-01 -3.6993673e+00 -1.4422308e+00  1.7388675e+00]
 [-3.4800094e-01  2.7038246e-01 -6.4534330e-01  5.8811671e-01 -3.4080783e-01  6.1019111e-01  2.8305125e-01  2.6542971e-01 -3.8458042e-02 -7.2695202e-01 -4.9488403e-02 -2.8132072e-01  2.6654306e-01 -7.4112546e-01  1.3617418e+00 -2.3523724e-01]
 [-2.4283512e+00 -1.3839102e+00 -3.2703276e+00 -6.8647444e-01  4.8214149e-01  2.4269021e+00 -1.9106294e+00 -1.6728493e+00  5.5255308e+00 -2.5547545e+00  3.2958120e-01  1.8260192e+00  5.4026246e-01  3.9858544e+00  5.9778458e-01 -1.8798320e+00]
 [-1.7706562e+00 -6.9220841e-02 -1.7493701e+00 -8.2301968e-01  2.4655216e+00  4.2453284e+00  1.8117849e+00  1.9712964e+00 -3.4268489e-01  8.0031559e-02  4.3485424e-01 -3.1248021e+00 -2.6324294e+00  2.4396713e+00 -1.2622697e+00 -3.9104786e+00]
 [-1.2709732e-01 -1.0091039e+00 -1.5712541e+00  9.5521283e-01 -1.4789669e-01  2.1888900e+00 -8.7389165e-01 -8.5057646e-01 -5.7363951e-01 -3.9877119e-03  1.0512151e+00  1.4778640e+00 -7.3088050e-01 -7.7809417e-01 -5.7491815e-01  1.4669467e+00]
 [ 5.3895965e+00 -1.2324693e+00 -2.0387735e+00  2.1686778e+00 -1.1632999e+00  2.0856643e+00  3.7454214e+00  4.0120902e+00 -1.8147538e+00  2.3064609e+00  3.3684371e+00  4.0225000e+00 -2.1978605e+00 -4.2844925e+00 -2.4356735e+00 -1.5421394e+00]
 [-2.4783332e+00 -2.0678320e+00 -1.2976588e+00  1.0271280e-02  1.7546142e+00  2.8060460e+00  3.9028280e+00  3.6942787e+00 -1.9806971e-01 -3.7188762e-01  1.4393494e+00 -2.7048388e-01 -7.2927508e+00  3.8456945e+00 -6.6527230e-01  1.8573226e+00]
 [ 1.1609441e+00 -8.7177694e-01 -1.8876826e+00  1.3756219e+00 -1.4612465e+00  2.4664981e+00 -1.3577170e+00 -1.4562885e+00  2.3711820e+00  1.0500530e+00  3.8892112e+00  3.4521267e+00 -1.1047990e+00 -2.4793324e+00  1.7003375e+00 -3.7936716e+00]
 [ 3.2457814e+00 -1.1335311e+00 -2.2347925e+00 -7.5096482e-01  3.8920615e+00  2.8753965e+00 -2.7395649e+00 -2.8637912e+00  5.9753675e+00  4.1682796e+00  1.3351140e+00 -2.0825424e+00  9.8926079e-01 -2.8083313e+00 -4.2101092e+00  7.8323394e-01]]
R:
[[0.02204275 0.02204275 0.61187696 0.02204275 0.02204275 0.21178107 0.02204275 0.02204275 0.02204275 0.02204275]
 [0.02231817 0.02231817 0.79913646 0.02231817 0.02231817 0.02231817 0.02231817 0.02231817 0.02231817 0.02231817]
 [0.02077658 0.02077658 0.8130108  0.02077658 0.02077658 0.02077658 0.02077658 0.02077658 0.02077658 0.02077658]
 [0.02312119 0.02312119 0.6091755  0.02312119 0.02312119 0.20585494 0.02312119 0.02312119 0.02312119 0.02312119]
 [0.0187805  0.0187805  0.68199545 0.0187805  0.0187805  0.16776054 0.0187805  0.0187805  0.0187805  0.0187805 ]
 [0.02227916 0.02227916 0.6269056  0.02227916 0.02227916 0.19486105 0.02227916 0.02227916 0.02227916 0.02227916]
 [0.0197527  0.0197527  0.668193   0.0197527  0.0197527  0.17378537 0.0197527  0.0197527  0.0197527  0.0197527 ]
 [0.01881447 0.01881447 0.83066976 0.01881447 0.01881447 0.01881447 0.01881447 0.01881447 0.01881447 0.01881447]
 [0.01856812 0.01856812 0.6710897  0.01856812 0.01856812 0.18036538 0.01856812 0.01856812 0.01856812 0.01856812]
 [0.02758523 0.02758523 0.5915785  0.02758523 0.02758523 0.1877397  0.02758523 0.02758523 0.02758523 0.02758523]
 [0.05422115 0.05422115 0.05422115 0.05422115 0.05422115 0.51200956 0.05422115 0.05422115 0.05422115 0.05422115]
 [0.02158102 0.02158102 0.5902755  0.02158102 0.02158102 0.23707631 0.02158102 0.02158102 0.02158102 0.02158102]
 [0.02146319 0.02146319 0.6563965  0.02146319 0.02146319 0.171898   0.02146319 0.02146319 0.02146319 0.02146319]
 [0.02257782 0.02257782 0.6087075  0.02257782 0.02257782 0.21066995 0.02257782 0.02257782 0.02257782 0.02257782]
 [0.05192338 0.05192338 0.05192338 0.05192338 0.05192338 0.53268963 0.05192338 0.05192338 0.05192338 0.05192338]
 [0.02620099 0.02620099 0.5266438  0.02620099 0.02620099 0.2637483  0.02620099 0.02620099 0.02620099 0.02620099]]
distance_matrix:
[[ 6.347164   25.832188   26.973583    6.255207   10.945354    7.266285    9.944973   28.54737    10.083355    5.9411125  24.027695    5.2769127   9.245235    6.1923866  24.636665    2.8604698 ]
 [ 3.3737984   3.9071312   4.0925407   3.2446785   1.8410988   2.7103996   1.9528389   4.4495354   2.1391487   3.4233284  68.02476     4.613018    1.9512672   3.3848763  69.524475    7.28413   ]
 [ 0.56201553  7.8979454   8.338276    0.50733566  1.0399895   0.47875595  0.8085365   9.019817    0.91054916  0.76259995 50.21594     0.94797134  0.6538887   0.5440788  51.26643     2.0590324 ]
 [ 4.109806   13.410801   14.313488    3.8072853   6.0060387   4.1408653   5.428524   15.583492    5.801983    2.9674644  41.22057     4.3563576   4.7997246   3.9491768  42.71213     3.8438606 ]
 [ 1.5518951   5.4066772   5.512871    1.6002197   0.56211853  1.1997299   0.63570404  5.769142    0.62584686  2.4017334  63.18301     2.318451    0.7847061   1.6191788  64.1642      4.8424225 ]
 [ 1.3835068   6.718643    6.929413    1.4141464   0.9370346   1.1508636   0.9047775   7.318741    0.9139404   2.0911942  58.714462    1.9779739   0.9662018   1.4276123  59.67003     4.0143814 ]
 [ 0.98254013  7.808605    8.094494    1.0160866   1.018177    0.87441635  0.8985176   8.579426    0.903759    1.6546516  54.619938    1.3952065   0.90499496  1.0135155  55.505314    3.0316353 ]
 [ 2.2612839   4.8619003   4.9060287   2.3063278   0.86842346  1.8042145   1.0148468   5.08329     1.0091171   3.136917   66.974945    3.1810532   1.208664    2.3391724  68.01689     6.038025  ]
 [ 1.6966553   6.333458    6.4971085   1.734024    0.9986801   1.4072723   1.0149078   6.8264847   1.0168076   2.4634476  61.009003    2.3728714   1.115181    1.7508621  61.979904    4.6325455 ]
 [ 1.3478394   6.321106    6.5331726   1.3641434   0.8265152   1.0823212   0.8030243   6.924225    0.8279724   1.9943314  59.16178     1.9917526   0.85608673  1.3882294  60.16311     4.066185  ]
 [ 2.8721008  16.078304   16.799149    2.839714    5.215439    3.2811584   4.6494217  17.837727    4.7246933   2.9872437  38.30694     2.538391    4.2958374   2.8081284  39.05854     2.1206894 ]
 [ 3.9750175  17.722794   18.578033    3.8695488   6.7242775   4.4146156   6.05846    19.787663    6.213871    3.6951408  35.80537     3.604824    5.5664635   3.869297   36.688793    2.7185936 ]
 [ 1.4930191   6.468338    6.650894    1.529808    0.9085541   1.2316818   0.9037247   7.004364    0.9061737   2.2450485  59.927254    2.1284866   0.9894638   1.5436401  60.88497     4.291733  ]
 [ 1.4883041  10.023819   10.334568    1.5677338   1.9447098   1.5313873   1.7637024  10.851147    1.7179718   2.3384018  52.18612     1.675766    1.7751617   1.5255814  52.900948    3.03862   ]
 [ 1.7780838  13.523144   13.95005     1.8955231   3.1742554   2.0953674   2.8339615  14.614521    2.7452698   2.714035   45.486946    1.5618744   2.7778015   1.8030548  45.98372     2.201027  ]
 [39.50039    65.98012    68.56603    38.665627   48.713448   40.853798   46.608902   71.978455   47.560524   35.031593   16.781715   37.878204   44.443893   38.907173   18.665497   30.28965   ]]
