hid1:
[[4.94403727e-02 0.00000000e+00 0.00000000e+00 8.11439931e-01 0.00000000e+00 1.64579332e+00 0.00000000e+00 0.00000000e+00 1.72321558e-01 3.69987302e-02 7.88026452e-01 6.47629678e-01 1.40551031e-01 5.64163476e-02 6.26783311e-01 0.00000000e+00]
 [8.06015432e-02 0.00000000e+00 0.00000000e+00 8.02460492e-01 0.00000000e+00 1.44559264e+00 0.00000000e+00 0.00000000e+00 1.89039782e-01 6.48753345e-02 6.85180128e-01 6.19562984e-01 1.99517474e-01 9.84036550e-02 8.02784979e-01 0.00000000e+00]
 [1.37243375e-01 0.00000000e+00 0.00000000e+00 7.92668521e-01 0.00000000e+00 1.42478919e+00 0.00000000e+00 0.00000000e+00 2.13032350e-01 7.82204643e-02 6.85707867e-01 6.04629695e-01 1.92846909e-01 8.94944891e-02 7.94745922e-01 0.00000000e+00]
 [1.14136949e-01 0.00000000e+00 0.00000000e+00 7.84125388e-01 0.00000000e+00 1.31839955e+00 0.00000000e+00 0.00000000e+00 2.46711046e-01 9.17796940e-02 6.29933476e-01 5.69074273e-01 2.17399061e-01 8.78890380e-02 8.70524168e-01 0.00000000e+00]
 [3.43699865e-02 0.00000000e+00 0.00000000e+00 8.54304016e-01 0.00000000e+00 2.04709077e+00 0.00000000e+00 0.00000000e+00 0.00000000e+00 0.00000000e+00 9.73098338e-01 8.02230060e-01 5.34855612e-02 0.00000000e+00 3.69536191e-01 0.00000000e+00]
 [8.12324956e-02 0.00000000e+00 0.00000000e+00 8.02480996e-01 0.00000000e+00 1.59173238e+00 0.00000000e+00 0.00000000e+00 1.48537651e-01 3.91339324e-02 7.54415214e-01 6.47410631e-01 1.53150201e-01 6.77093491e-02 6.80726528e-01 0.00000000e+00]
 [5.16907386e-02 0.00000000e+00 0.00000000e+00 8.52447867e-01 0.00000000e+00 2.23441362e+00 0.00000000e+00 0.00000000e+00 0.00000000e+00 0.00000000e+00 1.05049539e+00 8.20990145e-01 8.98451486e-04 0.00000000e+00 2.35832930e-01 0.00000000e+00]
 [1.30483121e-01 0.00000000e+00 0.00000000e+00 7.84692287e-01 0.00000000e+00 1.37010348e+00 0.00000000e+00 0.00000000e+00 2.53606409e-01 8.61444771e-02 6.34314060e-01 5.82808852e-01 2.07533732e-01 1.01749942e-01 8.37769985e-01 0.00000000e+00]
 [0.00000000e+00 0.00000000e+00 0.00000000e+00 6.43927634e-01 0.00000000e+00 7.67277837e-01 0.00000000e+00 0.00000000e+00 7.21933365e-01 5.33643663e-01 4.04800355e-01 2.00524047e-01 2.23538682e-01 4.24249142e-01 1.11976182e+00 0.00000000e+00]
 [0.00000000e+00 0.00000000e+00 0.00000000e+00 7.51037121e-01 0.00000000e+00 9.92008805e-01 0.00000000e+00 0.00000000e+00 3.70522469e-01 1.92114353e-01 4.76805061e-01 4.56929594e-01 2.90904552e-01 2.01077864e-01 1.10593402e+00 0.00000000e+00]
 [0.00000000e+00 0.00000000e+00 0.00000000e+00 7.32476294e-01 0.00000000e+00 7.23774612e-01 0.00000000e+00 0.00000000e+00 4.54973310e-01 3.51051211e-01 3.59414935e-01 3.79602045e-01 3.89785379e-01 2.96775252e-01 1.29900372e+00 0.00000000e+00]
 [0.00000000e+00 0.00000000e+00 0.00000000e+00 7.18566537e-01 0.00000000e+00 5.60699463e-01 0.00000000e+00 0.00000000e+00 5.66678524e-01 4.06152010e-01 2.42341310e-01 3.11324000e-01 4.12573576e-01 3.76346588e-01 1.38281155e+00 0.00000000e+00]
 [0.00000000e+00 0.00000000e+00 0.00000000e+00 7.51302838e-01 0.00000000e+00 8.70869577e-01 0.00000000e+00 0.00000000e+00 4.02793139e-01 2.37893239e-01 4.36274618e-01 4.07894760e-01 2.94079244e-01 2.84915775e-01 1.17039001e+00 0.00000000e+00]
 [1.25889421e-01 0.00000000e+00 0.00000000e+00 7.72184730e-01 0.00000000e+00 1.17589271e+00 0.00000000e+00 0.00000000e+00 2.58633494e-01 1.08488224e-01 5.87112963e-01 4.89032894e-01 2.55377233e-01 1.26862600e-01 9.84710753e-01 0.00000000e+00]
 [1.39375061e-01 0.00000000e+00 0.00000000e+00 7.87115216e-01 0.00000000e+00 1.23165584e+00 0.00000000e+00 0.00000000e+00 2.28538394e-01 9.75566357e-02 6.05447531e-01 5.40361166e-01 2.37910852e-01 1.12556361e-01 9.57065284e-01 0.00000000e+00]
 [0.00000000e+00 0.00000000e+00 0.00000000e+00 7.54610658e-01 0.00000000e+00 7.92244315e-01 0.00000000e+00 0.00000000e+00 4.84685063e-01 3.20695341e-01 3.92329246e-01 4.06280309e-01 3.47532243e-01 2.69755185e-01 1.23436356e+00 0.00000000e+00]]
hid2:
[[ 5.87134920e-02  1.54998340e-02 -8.14823657e-02  8.15598965e-01 -8.20788071e-02  1.66594195e+00 -6.18074760e-02 -5.94790056e-02  1.26118466e-01  3.59584540e-02  7.86207497e-01  6.77925348e-01  1.37497336e-01  5.75935468e-02  6.12849116e-01  1.02271497e-01]
 [ 2.58809119e-01 -1.78795680e-01 -2.17865139e-01  6.17489159e-01  2.76026309e-01  1.02387154e+00  1.63544506e-01  1.84471533e-01  6.79578602e-01  4.74573493e-01  5.71213663e-01  2.45820954e-01  7.84384534e-02  3.02633554e-01  9.23512697e-01 -2.30192974e-01]
 [ 1.82308450e-01 -9.54270661e-02 -4.60203104e-02  6.50018454e-01  1.92041963e-01  7.75849044e-01  1.24231130e-01  1.35896325e-01  6.46400988e-01  4.41150218e-01  4.26320761e-01  2.49148861e-01  2.20476210e-01  3.22187513e-01  1.15955400e+00 -2.04105437e-01]
 [ 7.60535970e-02 -2.41154246e-03 -1.07450306e-01  8.03538680e-01 -5.73018342e-02  1.66863370e+00 -4.78156693e-02 -4.36212122e-02  1.52990922e-01  5.80975898e-02  7.94418752e-01  6.59613490e-01  1.18259110e-01  6.54434934e-02  5.97831070e-01  8.54013041e-02]
 [ 6.38000518e-02  6.11626729e-03 -1.43506274e-01  8.31701696e-01 -9.88665521e-02  1.89103341e+00 -7.89939910e-02 -7.51403868e-02  5.29063642e-02 -1.85738504e-02  8.91831219e-01  7.46127725e-01  7.75586814e-02  8.42825323e-03  4.47176218e-01  1.43237874e-01]
 [ 6.97727501e-02  1.32847596e-02  2.32802350e-02  7.64109552e-01 -1.26327649e-02  1.16747367e+00 -5.40577993e-03 -4.06756625e-03  3.24096084e-01  1.86165735e-01  5.61278582e-01  5.02178788e-01  2.46304154e-01  1.77371994e-01  9.62892056e-01 -1.08771073e-02]
 [ 5.07358946e-02  2.27250010e-02 -8.29117000e-02  8.25976074e-01 -9.93922204e-02  1.71985030e+00 -7.34791830e-02 -7.17688203e-02  9.38173831e-02  1.07690003e-02  8.07806015e-01  7.04438806e-01  1.32999182e-01  4.13281471e-02  5.80109239e-01  1.21321552e-01]
 [ 1.95425496e-01 -1.09721720e-01 -7.54853934e-02  6.44440889e-01  2.06442207e-01  8.18375766e-01  1.30971923e-01  1.44225195e-01  6.52089775e-01  4.46881086e-01  4.51164603e-01  2.48578265e-01  1.96121946e-01  3.18834722e-01  1.11908150e+00 -2.08578482e-01]
 [ 4.20104526e-02  2.85821240e-02 -1.11423001e-01  8.47054482e-01 -1.30243689e-01  1.88991070e+00 -9.67905819e-02 -9.52719823e-02  1.83214173e-02 -4.70087193e-02  8.82552683e-01  7.69879580e-01  1.01186529e-01 -1.95450336e-03  4.64423329e-01  1.64899513e-01]
 [ 1.30722493e-01 -5.30192927e-02 -1.12083755e-01  7.37633765e-01  5.49640059e-02  1.35869467e+00  2.65220143e-02  3.52115035e-02  3.52837503e-01  2.14531705e-01  6.73780262e-01  4.97433394e-01  1.34684965e-01  1.63257837e-01  7.79422760e-01 -3.29684094e-02]
 [ 2.37500310e-01 -1.90435201e-01 -6.29304409e-01  7.92356968e-01  4.95510995e-02  2.84836602e+00 -2.71459967e-02 -5.44391572e-04 -1.42747760e-02 -4.99298796e-02  1.40220737e+00  8.67867708e-01 -3.40365022e-01 -1.26418456e-01 -3.72178257e-01  1.64693773e-01]
 [ 5.34942299e-02  3.58305909e-02  1.23165481e-01  7.48173833e-01 -2.50745937e-03  8.53653967e-01  1.10071898e-02  9.23664309e-03  4.11414862e-01  2.50076652e-01  4.10324872e-01  4.17261302e-01  3.39717418e-01  2.41431564e-01  1.20080292e+00 -5.87621294e-02]
 [ 6.84356391e-02  2.06588954e-02  1.04241192e-01  7.36535907e-01  2.03681439e-02  8.41743946e-01  2.44141333e-02  2.41894461e-02  4.39714551e-01  2.73024708e-01  4.10852522e-01  3.96815151e-01  3.26584876e-01  2.51460701e-01  1.19809294e+00 -7.62114227e-02]
 [ 6.27828464e-02  2.70794872e-02  1.20369002e-01  7.37701356e-01  1.56789050e-02  8.09276581e-01  2.28514057e-02  2.18807049e-02  4.42375332e-01  2.74402231e-01  3.93639177e-01  3.92422795e-01  3.40503186e-01  2.56150186e-01  1.22570109e+00 -7.71783367e-02]
 [ 2.11823031e-01 -1.63935363e-01 -5.91159761e-01  8.10327351e-01  1.27246231e-02  2.84565330e+00 -4.79859710e-02 -2.41420418e-02 -5.45280576e-02 -8.30600485e-02  1.39063382e+00  8.95401537e-01 -3.12185138e-01 -1.38334900e-01 -3.50854933e-01  1.89935878e-01]
 [ 5.27503788e-02  4.08768356e-02  1.80641562e-01  7.28344619e-01  2.13501789e-02  6.21174216e-01  3.24631631e-02  2.95996685e-02  4.94271934e-01  3.12347174e-01  3.03047448e-01  3.41828138e-01  3.96789700e-01  2.94412881e-01  1.36851144e+00 -1.05603956e-01]]
topics:
[[ 1.9359800e+00 -4.8531589e-01 -3.1352010e+00 -9.0426030e-03 -1.9818230e+00  2.9527647e+00 -3.0428195e+00 -3.0082176e+00 -1.4654357e+00  1.6825732e+00  1.1200387e+00 -2.3433132e+00  2.2548281e-02  4.8430381e+00 -1.5312392e+00  3.0766540e+00]
 [ 3.6636600e+00 -2.3162711e+00 -1.3905845e+00  1.0705382e+00  3.2579482e+00  3.0849171e+00  3.2799261e+00  3.6951890e+00 -1.5116152e+00  2.8309274e+00  7.1936798e-01 -1.9002198e+00  1.2105972e+00 -4.4787712e+00 -1.7756370e+00  2.3065960e+00]
 [ 8.3020870e-03  9.4200984e-02  3.4485334e-01  7.2400868e-01  1.0135021e-03  2.1170369e-01  3.4810018e-02  2.5408454e-02  5.7093620e-01  3.6512652e-01  9.6751250e-02  2.5671846e-01  5.4355150e-01  3.6666441e-01  1.6964469e+00 -1.4476745e-01]
 [-3.1530216e+00 -1.1553794e+00 -3.2311990e+00 -7.0054173e-01  5.2254784e-01  3.0245376e+00 -1.6936790e+00 -1.4324669e+00  5.7226315e+00 -2.8988907e+00  5.1496583e-01  2.0912833e+00  8.2887530e-01  4.8781853e+00  8.3538216e-01 -2.1342268e+00]
 [-2.3334060e+00  2.1917744e-01 -1.2504063e+00 -8.5920990e-01  4.2685099e+00  3.9719503e+00  2.2702274e+00  2.4715502e+00  8.4101044e-02 -1.0868449e+00  6.1867863e-01 -3.4530518e+00 -2.4053273e+00  2.8310876e+00 -1.6109225e+00 -5.1037974e+00]
 [-2.3922165e-01  3.0155778e-01  7.8884609e-02  1.1259925e+00 -6.3416511e-01  2.7980099e+00 -4.1405901e-01 -4.3865576e-01 -7.6161271e-01 -6.6502154e-01  1.1873360e+00  1.3790592e+00  1.8281910e-01 -3.4765789e-01  2.3708066e-02  6.3333648e-01]
 [ 6.6460710e+00 -1.0124360e+00 -1.7781214e+00  1.6539935e+00 -1.6933421e+00  2.9967799e+00  4.2296915e+00  4.5247483e+00 -2.0109768e+00  9.2916894e-01  4.0222406e+00  4.7742815e+00 -3.6700010e+00 -4.8838358e+00 -3.1653795e+00 -1.8900149e+00]
 [-1.8652205e+00 -2.1438200e+00 -1.2947274e+00 -2.6001942e-01  2.1949327e+00  3.7133086e+00  4.6919823e+00  4.3995280e+00 -1.5896230e+00  2.0694764e+00  1.7809217e+00 -4.2440239e-01 -6.5330448e+00  5.0554476e+00 -1.2677951e+00  2.5560532e+00]
 [ 2.9046626e+00 -5.0595051e-01 -1.6435254e+00  1.9080043e+00 -1.7161819e+00  2.6025782e+00 -1.9588355e+00 -1.9762646e+00  3.4904344e+00  4.2506418e+00  4.8007574e+00  3.8270500e+00 -9.8446190e-02 -3.0742991e+00  1.9599985e+00 -4.3493762e+00]
 [ 8.4450018e-01 -1.1308130e+00 -1.9616646e+00 -9.5537990e-01  4.9347897e+00  3.7648301e+00 -2.7687602e+00 -2.7179334e+00  6.7928495e+00 -1.8681194e-01  1.8821906e+00 -2.0025594e+00 -1.1093057e-01 -3.6522231e+00 -3.8999290e+00  7.6149541e-01]]
R:
[[0.01737167 0.01737167 0.46275347 0.01737167 0.01737167 0.39827317 0.01737167 0.01737167 0.01737167 0.01737167]
 [0.03007545 0.03007545 0.72932094 0.03007545 0.03007545 0.03007545 0.03007545 0.03007545 0.03007545 0.03007545]
 [0.02089091 0.02089091 0.8119818  0.02089091 0.02089091 0.02089091 0.02089091 0.02089091 0.02089091 0.02089091]
 [0.0189841  0.0189841  0.46403676 0.0189841  0.0189841  0.38409045 0.0189841  0.0189841  0.0189841  0.0189841 ]
 [0.01981162 0.01981162 0.37923825 0.01981162 0.01981162 0.46226886 0.01981162 0.01981162 0.01981162 0.01981162]
 [0.0140138  0.0140138  0.6506475  0.0140138  0.0140138  0.23724201 0.0140138  0.0140138  0.0140138  0.0140138 ]
 [0.01711343 0.01711343 0.44153747 0.01711343 0.01711343 0.42155492 0.01711343 0.01711343 0.01711343 0.01711343]
 [0.02246572 0.02246572 0.79780847 0.02246572 0.02246572 0.02246572 0.02246572 0.02246572 0.02246572 0.02246572]
 [0.01780525 0.01780525 0.37678054 0.01780525 0.01780525 0.4807775  0.01780525 0.01780525 0.01780525 0.01780525]
 [0.02127534 0.02127534 0.5871776  0.02127534 0.02127534 0.24261974 0.02127534 0.02127534 0.02127534 0.02127534]
 [0.04412245 0.04412245 0.04412245 0.04412245 0.04412245 0.60289794 0.04412245 0.04412245 0.04412245 0.04412245]
 [0.00977027 0.00977027 0.76587045 0.00977027 0.00977027 0.15596738 0.00977027 0.00977027 0.00977027 0.00977027]
 [0.01103488 0.01103488 0.7722982  0.01103488 0.01103488 0.13942286 0.01103488 0.01103488 0.01103488 0.01103488]
 [0.01023221 0.01023221 0.7836948  0.01023221 0.01023221 0.1344475  0.01023221 0.01023221 0.01023221 0.01023221]
 [0.04174591 0.04174591 0.04174591 0.04174591 0.04174591 0.6242867  0.04174591 0.04174591 0.04174591 0.04174591]
 [0.00766344 0.00766344 0.8527226  0.00766344 0.00766344 0.08596984 0.00766344 0.00766344 0.00766344 0.00766344]]
distance_matrix:
[[  0.4632759   21.087257    23.005672     0.44789886   2.346592     4.5022125    0.79800415  22.43143      2.7275238    3.2799225   32.105637    12.247623    13.168781    14.078796    31.737564    21.062073  ]
 [  1.3995476   16.570648    17.092037     1.3231659    4.8474464    1.8706207    2.1514206   16.757313     5.3209686    1.716362    40.559624     7.477047     8.245243     8.952309    40.290817    14.654678  ]
 [  1.5763893   15.546738    16.196041     1.4350967    5.155781     1.6703873    2.3950958   15.839352     5.7123566    1.4099655   40.842087     7.128849     7.8315315    8.538567    40.670288    14.153343  ]
 [  2.7584457   13.191715    13.199486     2.5462914    7.2232437    0.7864342    3.8325233   12.952805     7.8779716    1.0112648   45.9587       5.0537186    5.637886     6.240383    45.896954    11.142483  ]
 [  2.698452    37.527493    41.462273     3.0337753    1.299717    14.509201     2.0395966   40.542267     1.2058334   11.776756    20.532005    26.623005    28.06107     29.3335      19.625374    38.92894   ]
 [  0.54000473  20.074745    21.6338       0.52191925   2.7751274    3.7909393    0.96266174  21.121166     3.1629868    2.844925    33.969727    11.049549    11.94598     12.80722     33.607643    19.49881   ]
 [  4.8838844   42.895393    48.06407      5.2053223    2.3672218   19.169617     3.9575424   46.932495     2.279602    15.485748    16.840408    32.842262    34.33904     35.77283     15.948029    46.30267   ]
 [  2.585785    13.108364    13.361328     2.3483849    6.916191     0.8808098    3.6402779   13.072594     7.6014442    0.91392136  44.87173      5.3480453    5.9185104    6.547123    44.8467      11.569416  ]
 [ 25.872795     4.273945     1.692009    24.638477    36.781013     8.211613    29.075054     1.889389    38.788193    10.307804    93.24698      4.079979     3.3555832    3.3415794   94.73718      3.2269707 ]
 [ 10.124004     7.939781     5.5449715    9.672668    17.803188     0.67500305  12.115715     5.7102547   18.791649     2.720581    67.766014     0.6084862    0.77814865   0.996048    68.07718      3.3048935 ]
 [ 20.045818     7.9578476    3.3206139   19.44883     30.42247      4.393448    22.778229     3.8704338   31.621529     8.147606    90.29234      0.6607399    0.5311012    0.4105606   90.8347       0.52474976]
 [ 27.3763       9.287529     3.4548836   26.67173     39.307457     8.118408    30.548096     4.209614    40.657635    12.779846   104.67893      2.2854042    1.9624901    1.6536331  105.38954      0.51094055]
 [ 13.308025     7.9646606    4.6476173   12.834656    21.948864     1.6861267   15.547859     4.9710503   22.974724     4.4388885   75.70709      0.29661942   0.38594437   0.47466278  76.05628      1.991066  ]
 [  5.504387    10.086277     9.065376     5.1711845   11.417999     0.14514542   6.999111     8.995102    12.239811     1.1473503   55.09768      2.4660568    2.8517685    3.2846413   55.223618     7.022335  ]
 [  4.18948     12.126938    11.297916     3.9727554    9.466991     0.39936066   5.4658585   11.194775    10.135727     1.2676849   51.532875     3.541195     4.0697823    4.55912     51.482567     8.786896  ]
 [ 17.72651      7.218464     3.1952133   17.122448    27.547478     3.3041801   20.326077     3.6396866   28.749828     6.5849266   85.050354     0.34640503   0.24578094   0.20550919  85.60003      0.78419876]]
