hid1:
[[0.07840902 0.13175382 0.07985076 0.23257184 0.06459507 0.2468797  0.05276525 0.03770602 0.11809428 0.01940107 0.13800693 0.09746055 0.06134545 0.         0.43872708 0.1352087 ]
 [0.05294716 0.09726987 0.         0.         0.         0.33036494 0.03298798 0.         0.         0.         0.14478727 0.15357323 0.         0.         0.36272085 0.        ]
 [0.07013764 0.         0.0594292  0.22827713 0.07207303 0.16782783 0.04693175 0.03126157 0.10849126 0.00527415 0.05152693 0.03584288 0.         0.         0.40639618 0.09973643]
 [0.05980965 0.0898516  0.         0.19442847 0.0599495  0.3347935  0.04100906 0.02386963 0.07064933 0.         0.14724042 0.13201201 0.         0.         0.35101315 0.13833542]
 [0.05154561 0.10841104 0.02508461 0.20295943 0.         0.24755974 0.03741233 0.00458976 0.11567465 0.         0.14688262 0.11316781 0.         0.         0.38526216 0.12587747]
 [0.10062157 0.03728889 0.         0.23273669 0.11725463 0.405779   0.06449538 0.03457201 0.1596548  0.         0.21060221 0.13397104 0.         0.         0.30381185 0.09426081]
 [0.06548017 0.10506356 0.         0.19532691 0.06125984 0.36102313 0.03733524 0.00872899 0.09596418 0.         0.14289269 0.13082512 0.         0.         0.3580562  0.14767891]
 [0.04828933 0.04113863 0.         0.15307714 0.04012845 0.54586124 0.         0.         0.11101323 0.         0.31656927 0.2534843  0.         0.         0.         0.22022507]
 [0.07816378 0.16226318 0.17665268 0.2374894  0.         0.06189204 0.06033253 0.04644706 0.         0.02732536 0.         0.         0.17371559 0.         0.4518602  0.063797  ]
 [0.08636975 0.14035812 0.07868546 0.25036916 0.08425239 0.1668287  0.05755902 0.0259775  0.09105591 0.         0.         0.         0.         0.         0.45625842 0.07852896]
 [0.06974424 0.14580332 0.         0.2335035  0.06803782 0.         0.06026754 0.05107897 0.         0.00226901 0.         0.         0.10756038 0.         0.         0.03269064]
 [0.07865077 0.15809563 0.13043919 0.2452012  0.07090537 0.05765843 0.05046559 0.02307959 0.0270756  0.         0.         0.         0.         0.         0.48243478 0.07228351]
 [0.08531035 0.12986653 0.         0.249424   0.08187285 0.11927152 0.05996953 0.03819582 0.05964949 0.         0.         0.         0.00555671 0.         0.         0.08333806]
 [0.11438749 0.12011061 0.0579088  0.26005155 0.10131122 0.2681315  0.08054742 0.05848558 0.13540688 0.01690491 0.09201239 0.0681535  0.         0.         0.4299175  0.08919057]
 [0.07533146 0.10100473 0.01272892 0.2080254  0.07108118 0.29947576 0.05073562 0.02723974 0.08716214 0.03508989 0.16252007 0.13164645 0.         0.         0.371881   0.11586928]
 [0.09270245 0.16461785 0.18737708 0.2557491  0.07959352 0.         0.07479379 0.07746784 0.         0.03750394 0.         0.         0.14453956 0.         0.44483763 0.01538479]]
hid2:
[[ 7.11629316e-02  1.14027724e-01  7.11217225e-02  2.11434513e-01  6.29587919e-02  2.99807459e-01  4.41234782e-02  2.24723592e-02  8.47545415e-02  1.14239464e-02  1.34123474e-01  9.68606323e-02  3.66159566e-02  1.86682679e-04  3.96599025e-01  1.32341117e-01]
 [ 1.14945658e-01  9.91334245e-02  5.80492467e-02  2.78303921e-01  1.18162178e-01  1.40117913e-01  7.87541717e-02  5.74443378e-02  1.44292712e-01  4.11155410e-02  7.52545148e-02 -3.16311568e-02  9.61408205e-03  1.86527148e-04  4.09880191e-01  2.71758121e-02]
 [ 1.04224667e-01  1.18194669e-01  8.42133909e-02  2.73220748e-01  1.06037207e-01  9.85127091e-02  7.33980387e-02  5.03558517e-02  1.31477818e-01  3.36457454e-02  5.22833280e-02 -3.59062515e-02  2.48393808e-02 -1.44504849e-03  4.37047362e-01  3.32175456e-02]
 [ 7.63961375e-02  9.07330960e-02  3.75082493e-02  2.03667641e-01  6.76133633e-02  3.93369168e-01  4.39026803e-02  2.45936625e-02  8.94086957e-02  1.52510302e-02  1.79269284e-01  1.31384879e-01  2.13662963e-02  2.46400386e-03  3.55728477e-01  1.47281289e-01]
 [ 7.38320127e-02  8.16757828e-02  2.34812871e-02  1.92477942e-01  6.34833276e-02  4.54712331e-01  3.98622304e-02  2.15953402e-02  8.47854614e-02  1.36405295e-02  2.06800684e-01  1.61932290e-01  1.73990037e-02  3.51507775e-03  3.35354924e-01  1.66137099e-01]
 [ 7.17327595e-02  1.34734124e-01  1.02087662e-01  2.27614477e-01  6.55654818e-02  1.88295603e-01  4.88098301e-02  2.49275360e-02  8.79213959e-02  1.15401763e-02  8.26645344e-02  4.67296839e-02  4.79435734e-02 -2.02564802e-03  4.38017875e-01  1.04247414e-01]
 [ 6.64790496e-02  9.55242217e-02  4.25809473e-02  1.89559609e-01  5.52374870e-02  4.22117978e-01  3.63458619e-02  1.68079138e-02  7.60851204e-02  8.50735791e-03  1.89165443e-01  1.57202587e-01  2.82744896e-02  2.31399946e-03  3.55517536e-01  1.69289395e-01]
 [ 9.68172327e-02  1.31364629e-01  1.02290951e-01  2.69708633e-01  9.76597294e-02  6.97664917e-02  6.96973354e-02  4.54582162e-02  1.22623645e-01  2.84846462e-02  3.64118852e-02 -3.88600305e-02  3.53589617e-02 -2.57234788e-03  4.55817878e-01  3.73919457e-02]
 [ 7.15546012e-02  1.05994254e-01  5.92354387e-02  2.06245691e-01  6.27388954e-02  3.39744270e-01  4.28322256e-02  2.20292117e-02  8.43830109e-02  1.17917042e-02  1.52758494e-01  1.14028335e-01  3.19597535e-02  1.02293864e-03  3.81126940e-01  1.41502276e-01]
 [ 8.18301886e-02  1.16138957e-01  7.64880329e-02  2.31931299e-01  7.69271776e-02  2.30845436e-01  5.37242182e-02  3.15422453e-02  9.99173969e-02  1.85838211e-02  1.05858192e-01  5.22459820e-02  3.32447663e-02 -4.20955010e-04  4.11162704e-01  9.93787348e-02]
 [ 8.05129670e-03 -1.42294973e-01 -3.23875040e-01 -8.84421095e-02 -4.17124480e-02  1.98451281e+00 -6.20930344e-02 -5.45217916e-02 -3.28605920e-02 -2.77843140e-02  8.92755985e-01  9.26158011e-01 -7.96918347e-02  2.95917690e-02 -1.70760751e-01  6.39144897e-01]
 [ 7.57328346e-02  1.44837528e-01  1.17972091e-01  2.42121443e-01  7.16447085e-02  1.13679603e-01  5.42970970e-02  2.92197019e-02  9.46729630e-02  1.41046522e-02  4.94801700e-02  8.40989035e-03  5.18828072e-02 -3.23917111e-03  4.61855501e-01  7.99800828e-02]
 [ 7.64301419e-02  1.38624460e-01  1.08861372e-01  2.38809034e-01  7.19840080e-02  1.42425850e-01  5.36375679e-02  2.92048268e-02  9.49372649e-02  1.46547873e-02  6.30368143e-02  2.02189088e-02  4.81134653e-02 -2.60661729e-03  4.50273812e-01  8.59464630e-02]
 [ 6.94417357e-02  1.37963846e-01  1.06422111e-01  2.25910291e-01  6.28982261e-02  1.83821753e-01  4.74942923e-02  2.33320333e-02  8.50863755e-02  9.95482132e-03  7.98017830e-02  4.77720164e-02  5.07257581e-02 -2.28501623e-03  4.42158610e-01  1.06617175e-01]
 [-3.47843543e-02 -9.36657488e-02 -2.60348856e-01 -1.28917828e-01 -9.26448554e-02  1.96242559e+00 -8.90726224e-02 -8.54782537e-02 -8.72131735e-02 -5.72739318e-02  8.67747307e-01  9.72906709e-01 -3.42429467e-02  2.59869099e-02 -1.16543964e-01  6.98486865e-01]
 [ 7.58223087e-02  1.44790590e-01  1.17920771e-01  2.42246002e-01  7.17560202e-02  1.13439642e-01  5.43645173e-02  2.92895865e-02  9.47927311e-02  1.41655393e-02  4.93998788e-02  8.18556547e-03  5.18184155e-02 -3.23742512e-03  4.61850047e-01  7.97862709e-02]]
topics:
[[ 7.93132007e-01 -3.27557534e-01 -2.75736642e+00 -1.62530053e+00 -1.99300385e+00  2.42036247e+00 -2.85399580e+00 -2.81504726e+00 -1.36028314e+00  1.46718013e+00  9.45039988e-01 -1.84228992e+00  1.94943354e-01  4.21685696e+00 -1.33735907e+00  2.37704659e+00]
 [ 3.76282072e+00 -3.14792633e+00 -1.33432102e+00 -7.52453268e-01  2.60990548e+00  2.74208903e+00  3.09173465e+00  3.53620338e+00 -2.49660826e+00  1.30926263e+00  7.58632421e-01 -1.31366754e+00  1.09490860e+00 -4.30068922e+00 -2.28361273e+00  1.42133796e+00]
 [ 8.03630352e-02  1.60619140e-01  1.42446756e-01  2.61907160e-01  7.90507644e-02  5.91229321e-03  6.14769310e-02  3.45790498e-02  1.02955781e-01  1.70202572e-02  1.15651661e-03 -4.54212949e-02  5.87261990e-02 -5.07643120e-03  4.97513056e-01  4.66645733e-02]
 [-2.89503598e+00 -1.02287936e+00 -2.65836406e+00  3.10200787e+00  4.55666214e-01  2.38229346e+00 -1.71869040e+00 -1.49016678e+00  4.12320185e+00 -2.24606156e+00  3.07338595e-01  1.88436389e+00  6.67436481e-01  4.18326330e+00  5.29674590e-01 -2.06094360e+00]
 [-2.14454556e+00 -1.63341276e-02 -1.17524207e+00 -2.57193661e+00  3.66294646e+00  3.63207388e+00  1.72238207e+00  1.86469543e+00 -5.78005672e-01 -1.42464471e+00  5.43382406e-01 -3.05697513e+00 -2.75129628e+00  2.74180102e+00 -1.81813824e+00 -3.74828005e+00]
 [-2.26856634e-01  1.24384634e-01  2.44985931e-02 -3.10408205e-01 -3.21022391e-01  1.86338615e+00 -2.10047320e-01 -2.24284932e-01 -3.30926567e-01 -1.89503536e-01  7.55609751e-01  1.18252432e+00  1.69546977e-01  9.82296094e-03  1.26560748e-01  9.64571774e-01]
 [ 6.28438950e+00 -1.04953837e+00 -1.47461712e+00  4.18313360e+00 -1.48623884e+00  2.22158003e+00  3.70937467e+00  3.93814206e+00 -1.07845569e+00  2.03525114e+00  3.02033377e+00  4.03156471e+00 -1.31259251e+00 -4.68384457e+00 -2.51181674e+00 -1.37081301e+00]
 [-1.71028388e+00 -1.60753429e+00 -8.84568810e-01 -8.42935219e-02  1.56677413e+00  2.84788156e+00  3.98297358e+00  3.64367199e+00  1.89080215e+00  6.92736328e-01  1.21760988e+00 -4.00420785e-01 -5.82342482e+00  4.51324129e+00 -1.75146043e+00  1.97878742e+00]
 [ 2.57747960e+00 -5.89548349e-01 -1.56042182e+00  3.42852783e+00 -1.57642138e+00  2.44886708e+00 -1.51674819e+00 -1.53869796e+00  2.43054652e+00  1.30042601e+00  3.91137624e+00  3.49112487e+00 -8.93225491e-01 -2.40401697e+00  1.07308292e+00 -3.31366110e+00]
 [ 2.72758186e-01 -1.56838298e+00 -1.51737201e+00 -1.71778440e-01  4.56794357e+00  2.74250555e+00 -2.66083264e+00 -2.64245367e+00  5.48694181e+00  1.38245285e+00  1.38674402e+00 -1.99621344e+00  6.74772024e-01 -3.41044450e+00 -2.72954988e+00  7.95986712e-01]]
R:
[[0.00400674 0.00400674 0.8558641  0.00400674 0.00400674 0.11208206 0.00400674 0.00400674 0.00400674 0.00400674]
 [0.00577282 0.00577282 0.94804454 0.00577282 0.00577282 0.00577282 0.00577282 0.00577282 0.00577282 0.00577282]
 [0.00398319 0.00398319 0.9641513  0.00398319 0.00398319 0.00398319 0.00398319 0.00398319 0.00398319 0.00398319]
 [0.00611213 0.00611213 0.8128958  0.00611213 0.00611213 0.13820715 0.00611213 0.00611213 0.00611213 0.00611213]
 [0.00688298 0.00688298 0.78258085 0.00688298 0.00688298 0.16235524 0.00688298 0.00688298 0.00688298 0.00688298]
 [0.0021895  0.0021895  0.909509   0.0021895  0.0021895  0.07297496 0.0021895  0.0021895  0.0021895  0.0021895 ]
 [0.0055873  0.0055873  0.7955732  0.0055873  0.0055873  0.15972844 0.0055873  0.0055873  0.0055873  0.0055873 ]
 [0.00274667 0.00274667 0.9752799  0.00274667 0.00274667 0.00274667 0.00274667 0.00274667 0.00274667 0.00274667]
 [0.00471814 0.00471814 0.83686453 0.00471814 0.00471814 0.12539035 0.00471814 0.00471814 0.00471814 0.00471814]
 [0.00393163 0.00393163 0.89272666 0.00393163 0.00393163 0.07582031 0.00393163 0.00393163 0.00393163 0.00393163]
 [0.02592005 0.02592005 0.02592005 0.02592005 0.02592005 0.76671946 0.02592005 0.02592005 0.02592005 0.02592005]
 [0.00134146 0.00134146 0.946698   0.00134146 0.00134146 0.04257024 0.00134146 0.00134146 0.00134146 0.00134146]
 [0.00189574 0.00189574 0.9331708  0.00189574 0.00189574 0.05166313 0.00189574 0.00189574 0.00189574 0.00189574]
 [0.00188134 0.00188134 0.9108342  0.00188134 0.00188134 0.07411513 0.00188134 0.00188134 0.00188134 0.00188134]
 [0.02119351 0.02119351 0.02119351 0.02119351 0.02119351 0.80925846 0.02119351 0.02119351 0.02119351 0.02119351]
 [0.00134652 0.00134652 0.94684494 0.00134652 0.00134652 0.04238277 0.00134652 0.00134652 0.00134652 0.00134652]]
distance_matrix:
[[ 0.48057437  1.4478548   1.4379106   0.607455    0.81524444  0.6459358   0.70651174  1.4814703   0.50496507  0.5903461  42.47639     0.96869946  0.8367069   0.6537113  44.512062    0.97050977]
 [ 0.74044347  1.813618    1.8681974   0.75374436  0.8970611   1.0298278   0.8371241   1.9563353   0.71942306  0.9096987  40.953533    1.4295406   1.264168    1.0464396  43.08545     1.4314682 ]
 [ 0.41362286  0.77132607  0.7042148   0.75578356  1.1322522   0.29114294  0.9739237   0.70827484  0.5383649   0.29800224 47.008507    0.4046781   0.34300852  0.29799867 49.18445     0.4054637 ]
 [ 0.8502519   1.8976338   1.892076    0.953213    1.1408441   1.0491984   1.0363257   1.9386685   0.86305404  0.9884784  42.298058    1.3971324   1.2571089   1.0565982  44.30839     1.3990791 ]
 [ 0.68349504  1.4415531   1.4269702   0.863358    1.1193862   0.7703757   1.0046597   1.4673252   0.7346482   0.72148657 43.987823    1.0324714   0.9188094   0.78022075 46.104744    1.0339127 ]
 [ 0.7197819   1.3250628   1.5418141   0.6107135   0.75076866  1.0676169   0.80445766  1.742002    0.670177    0.7927637  40.749466    1.4599845   1.2687068   1.1162817  43.444332    1.4609056 ]
 [ 0.25922298  1.3683019   1.4044063   0.29031992  0.43776846  0.5359483   0.36468077  1.4797812   0.24347973  0.43361998 40.594994    0.9317415   0.7706909   0.549144   42.67039     0.9337568 ]
 [ 1.7011685   3.8575668   4.051094    1.2797813   1.0992823   2.5527096   1.1549788   4.2352366   1.4826789   2.2848635  33.068428    3.3520057   3.0471845   2.5768936  35.033607    3.3557134 ]
 [ 1.4870963   1.7977724   1.579767    2.0503163   2.5341582   1.1437912   2.2641726   1.4795699   1.6946516   1.2995377  51.07667     1.1322396   1.1327853   1.1272905  52.939793    1.1331034 ]
 [ 0.9073367   0.9826999   0.8836739   1.356792    1.8148875   0.6441655   1.629591    0.8656845   1.0813432   0.68529606 49.730316    0.6567519   0.6297617   0.64973235 51.959232    0.6570678 ]
 [ 1.4825397   1.4377198   1.2537386   2.0772781   2.616098    1.0627112   2.3667812   1.1770515   1.7140942   1.188621   52.540165    0.9792435   0.9946847   1.0563834  54.633934    0.9794378 ]
 [ 0.87181044  0.9182286   0.716285    1.471344    2.001999    0.45911074  1.740583    0.6271868   1.1019382   0.6017542  51.718994    0.38723683  0.402431    0.4487064  53.733185    0.38760996]
 [ 1.0810592   1.1060536   0.9780941   1.5820916   2.0697196   0.7612779   1.8625023   0.9401119   1.2757638   0.83137965 50.720356    0.7385702   0.7267754   0.7629204  52.90737     0.738827  ]
 [ 0.5630243   0.79916453  0.7833986   0.86052823  1.2302153   0.46822     1.1081874   0.8229368   0.67561316  0.4258206  46.9442      0.58670187  0.5147283   0.48486805 49.28676     0.5872152 ]
 [ 0.6955812   1.4829738   1.506639    0.81553817  1.0405862   0.8444469   0.9543736   1.5734212   0.72370887  0.75763917 43.138855    1.143012    1.012203    0.85997343 45.327454    1.1444652 ]
 [ 1.6107965   1.5105777   1.2817647   2.2804236   2.8601084   1.1110649   2.5771055   1.1741004   1.8717875   1.2816367  53.80073     0.9791019   1.0163012   1.0983517  55.81967     0.9792452 ]]
