hid1:
[[0.11822481 0.         0.02298958 0.08051989 0.00633212 0.14136003 0.10777889 0.1182675  0.12452427 0.         0.1408888  0.14046188 0.04160711 0.0535506  0.1436515  0.03569251]
 [0.04420873 0.04422254 0.         0.19575879 0.03092472 0.24655452 0.05470398 0.02232439 0.07651173 0.         0.15732162 0.15797941 0.         0.07996476 0.09942451 0.1560445 ]
 [0.09680623 0.         0.         0.10941321 0.03894832 0.24303201 0.0827886  0.12222629 0.11596444 0.         0.09061492 0.1409103  0.02396519 0.05998524 0.13570029 0.11817154]
 [0.09195057 0.         0.         0.18037179 0.04133603 0.27362368 0.05721879 0.11389814 0.072299   0.         0.13161415 0.1704002  0.00793117 0.06238542 0.0998069  0.10854917]
 [0.17667852 0.         0.00643327 0.04710883 0.04125387 0.17627853 0.1426963  0.19455796 0.06651937 0.         0.05918203 0.1570879  0.0343505  0.09749239 0.16619137 0.12510115]
 [0.1261476  0.         0.         0.0809516  0.0411699  0.21680057 0.08949178 0.15328895 0.07293656 0.         0.10612944 0.15009797 0.04373053 0.08141947 0.17604339 0.08794617]
 [0.13276576 0.         0.         0.11741764 0.05438221 0.18255676 0.06601693 0.11406075 0.13203822 0.         0.11726381 0.11744454 0.         0.05118479 0.11037081 0.0624175 ]
 [0.10736398 0.         0.         0.18220408 0.03948734 0.24381113 0.08693148 0.14338322 0.0939404  0.         0.12822758 0.16010094 0.01729652 0.07965428 0.10728486 0.1138451 ]
 [0.13945533 0.         0.10431567 0.12870528 0.09905596 0.29215646 0.23421781 0.2815585  0.         0.         0.         0.17960972 0.         0.15180986 0.15611003 0.18065354]
 [0.14847644 0.         0.         0.07055335 0.04971888 0.15955257 0.09700263 0.16956034 0.10324203 0.         0.10967086 0.12695685 0.02985435 0.0953805  0.16946727 0.07442244]
 [0.21684945 0.         0.05098573 0.00506856 0.09767415 0.12418329 0.1587332  0.25761116 0.04291369 0.         0.         0.14945008 0.02589846 0.18420494 0.21786825 0.09069   ]
 [0.13883397 0.02187466 0.10686208 0.05750126 0.10867265 0.13962977 0.16850859 0.25284114 0.         0.         0.         0.14770848 0.         0.23640302 0.20974293 0.14234477]
 [0.18729427 0.         0.01638487 0.05070841 0.05427537 0.15711983 0.13750724 0.21249834 0.0640803  0.         0.04677018 0.15515237 0.02957006 0.11429266 0.18535516 0.07181223]
 [0.17516185 0.         0.00438286 0.04098058 0.07741506 0.15754694 0.13220993 0.21071248 0.09320176 0.         0.08616622 0.14004816 0.03532969 0.12297352 0.17750789 0.07060842]
 [0.16827223 0.         0.02834814 0.06200831 0.07396173 0.17433839 0.13035315 0.1889552  0.09303978 0.         0.06987447 0.14633776 0.0419351  0.11050718 0.16994928 0.07597045]
 [0.21202566 0.         0.01251526 0.02763841 0.09082166 0.18238088 0.16464707 0.2013145  0.04045465 0.         0.00905987 0.13017812 0.00747265 0.09920868 0.1704975  0.12317975]]
hid2:
[[ 1.19050443e-01  3.35396826e-03  2.10906230e-02  1.19645104e-01  4.85012978e-02  2.29281738e-01  1.02304727e-01  1.46979466e-01  8.25010836e-02 -2.47095828e-04  1.08324699e-01  1.57602906e-01  2.83160023e-02  8.17276016e-02  1.41473085e-01  9.89557207e-02]
 [ 2.49067843e-01 -1.61841623e-02  1.90924071e-02 -8.27643275e-02  1.31348103e-01  8.62365067e-02  2.23527521e-01  3.10022354e-01  1.23592421e-01  4.46337163e-02  1.47917289e-02  1.23479158e-01  3.49711850e-02  1.54855862e-01  2.12337047e-01  1.71507634e-02]
 [ 2.48354554e-01 -2.10941210e-02  2.32318323e-03 -7.51091912e-02  1.37033194e-01  1.11299857e-01  2.19416916e-01  3.03773582e-01  1.24842271e-01  4.97688055e-02  2.83074006e-02  1.20588541e-01  2.74239779e-02  1.49665192e-01  1.96586087e-01  1.33232307e-02]
 [ 1.27230003e-01  1.77911390e-03  1.98087506e-02  1.07362173e-01  5.41363135e-02  2.21955374e-01  1.09693602e-01  1.56867772e-01  8.51878300e-02  2.94718798e-03  1.03336290e-01  1.55244067e-01  2.82171946e-02  8.59981850e-02  1.44872755e-01  9.35146064e-02]
 [ 1.16532221e-01  2.02718750e-03  1.54261691e-02  1.25789806e-01  4.89833839e-02  2.40303963e-01  9.87857729e-02  1.42001808e-01  8.22066143e-02  7.12615787e-04  1.14555508e-01  1.57217741e-01  2.56344099e-02  7.86834061e-02  1.34879351e-01  9.90867168e-02]
 [ 1.36449844e-01  4.43000067e-03  3.31669822e-02  8.77435654e-02  5.50717711e-02  1.92279220e-01  1.21061802e-01  1.72737122e-01  8.69148374e-02  1.80043746e-03  8.62429217e-02  1.55300438e-01  3.47316042e-02  9.50371027e-02  1.62257031e-01  9.11540166e-02]
 [ 1.15128309e-01  6.23993995e-03  2.88319550e-02  1.22755244e-01  4.31917384e-02  2.22483486e-01  1.00225061e-01  1.44511953e-01  8.05862024e-02 -4.06425586e-03  1.05194390e-01  1.60041168e-01  3.15532237e-02  8.17139447e-02  1.46367341e-01  1.03380941e-01]
 [ 2.49806508e-01 -1.10996738e-02  3.64576988e-02 -9.06915888e-02  1.25460953e-01  6.02822639e-02  2.27784231e-01  3.16493243e-01  1.22298166e-01  3.93160917e-02  7.95629807e-04  1.26472533e-01  4.27866504e-02  1.60231024e-01  2.28647888e-01  2.11143550e-02]
 [ 1.06734775e-01  7.62164500e-03  2.93635800e-02  1.35665148e-01  3.76960859e-02  2.31135532e-01  9.24819559e-02  1.34114876e-01  7.78980702e-02 -7.09074922e-03  1.10920623e-01  1.62317947e-01  3.13038006e-02  7.71079287e-02  1.42161191e-01  1.08764634e-01]
 [ 1.57104000e-01 -1.63654191e-03  2.29403563e-02  5.94542660e-02  7.18581751e-02  1.83892712e-01  1.38284191e-01  1.95475757e-01  9.43136737e-02  1.21078910e-02  7.90629387e-02  1.48062110e-01  3.13535407e-02  1.03825696e-01  1.64442435e-01  7.56334439e-02]
 [-4.58743088e-02 -1.76985729e-02 -1.29677117e-01  4.36189413e-01 -4.97467816e-04  6.32539093e-01 -8.29424560e-02 -1.08753696e-01  4.38554473e-02 -8.01429246e-03  3.45759660e-01  1.72769412e-01 -4.87430394e-02 -5.47904558e-02 -8.87643546e-02  1.63655475e-01]
 [ 1.67214856e-01  5.02916798e-03  5.01605421e-02  3.30367237e-02  6.82844818e-02  1.33160174e-01  1.53332233e-01  2.16889918e-01  9.51023549e-02  6.81884913e-03  5.05767129e-02  1.50429726e-01  4.41241898e-02  1.17326185e-01  1.95015416e-01  7.62483850e-02]
 [ 1.55318409e-01 -5.40507026e-05  2.73631066e-02  6.05197959e-02  6.91122264e-02  1.79497838e-01  1.37521848e-01  1.94639072e-01  9.33629125e-02  1.00819692e-02  7.69416690e-02  1.49336949e-01  3.32294479e-02  1.04075901e-01  1.67493090e-01  7.78770298e-02]
 [ 1.24486491e-01  3.48895835e-03  2.41906997e-02  1.09940663e-01  5.08002974e-02  2.18694776e-01  1.08026758e-01  1.54812142e-01  8.39392170e-02  6.08405215e-04  1.01947181e-01  1.56760156e-01  3.00192237e-02  8.56937766e-02  1.47350520e-01  9.63467732e-02]
 [-5.54011688e-02 -1.35641685e-02 -1.20491117e-01  4.47495103e-01 -9.87540931e-03  6.29941583e-01 -8.99687707e-02 -1.17816061e-01  4.00497913e-02 -1.42018273e-02  3.45608622e-01  1.76927865e-01 -4.51846272e-02 -5.75687252e-02 -8.56811032e-02  1.71953335e-01]
 [ 1.62543684e-01  6.48394926e-03  5.27502298e-02  3.93266715e-02  6.43867776e-02  1.34656325e-01  1.49494052e-01  2.11835638e-01  9.34046879e-02  4.39893501e-03  5.19860238e-02  1.52117521e-01  4.50120829e-02  1.15417562e-01  1.94774583e-01  7.98290670e-02]]
topics:
[[ 6.99840665e-01 -1.70641318e-01 -8.75623763e-01 -2.75909990e-01 -6.74990773e-01  7.76214361e-01 -8.88886869e-01 -8.28359902e-01 -4.13016051e-01  4.99020040e-01  3.59637111e-01 -7.83515334e-01 -5.04293442e-02  1.26806438e+00 -8.46061036e-02  8.31973314e-01]
 [ 1.68560338e+00 -1.65418595e-01 -4.11248267e-01  1.28702936e-03  7.57916331e-01  8.28681052e-01  1.03232634e+00  1.03053033e+00 -7.30373263e-01  6.91569805e-01  2.75537461e-01 -4.15089607e-01  2.55214065e-01 -6.00186169e-01 -5.99835813e-01  2.09977224e-01]
 [ 2.53827840e-01  1.65801942e-02  1.30994081e-01 -1.33847460e-01  9.34113488e-02 -8.10122192e-02  2.50957787e-01  3.51720631e-01  1.15252219e-01  1.03670638e-02 -7.53988996e-02  1.42768383e-01  8.53339508e-02  1.89493388e-01  3.17443907e-01  4.26920690e-02]
 [-1.00876796e+00 -3.49293426e-02 -8.59844744e-01 -2.91978091e-01 -1.35890739e-02  7.91847229e-01 -8.44007015e-01 -6.89140797e-01 -1.12542376e-01 -1.04724610e+00  2.48572841e-01  6.33981705e-01  1.06753588e-01  1.26857305e+00  1.46587137e-02 -7.02867448e-01]
 [-6.00257814e-01 -1.54488506e-02 -3.61126065e-01  3.30395550e-02  1.63774824e+00  1.07807648e+00  6.08989120e-01  6.96610987e-01  2.99673796e-01 -5.97832561e-01  2.62491196e-01 -9.45205152e-01 -3.92789841e-01  1.05118179e+00 -4.38050389e-01 -1.24067283e+00]
 [-2.38807261e-01  6.60292581e-02  5.63533269e-02  6.65145159e-01 -1.90414608e-01  5.79934359e-01 -2.25235492e-01 -2.92280138e-01 -3.32147330e-02 -1.33321062e-01  3.42700809e-01  2.56983668e-01  2.33200435e-02 -1.11054361e-01 -2.63239276e-02  3.31699163e-01]
 [ 1.47886145e+00 -3.82133901e-01 -4.41871941e-01 -1.49311885e-01 -6.06242478e-01  6.88271701e-01  1.54418623e+00  1.49912274e+00 -3.26010495e-01  1.04317939e+00  4.59541023e-01  1.31428516e+00 -3.08423012e-01 -1.45994639e+00 -5.66082537e-01 -3.47448170e-01]
 [-5.36142111e-01 -2.59624928e-01 -2.74275601e-01 -1.01177089e-01  5.33109248e-01  8.56147408e-01  1.42206645e+00  1.25908303e+00 -7.45723307e-01  6.06985986e-01  3.22862029e-01 -1.61426350e-01 -1.28587580e+00 -4.47265506e-01 -3.37537192e-03  7.84943461e-01]
 [ 1.26327419e+00 -1.40543923e-01 -4.67796206e-01  1.94474638e+00 -4.75214452e-01  7.31618524e-01 -6.34657681e-01 -5.62408090e-01  1.23768663e+00  5.91102719e-01  8.70474756e-01  1.19971216e+00 -2.17822313e-01 -4.92744356e-01  4.85375166e-01 -1.02791131e+00]
 [-6.83747947e-01 -2.94015050e-01 -4.65571553e-01 -6.20169878e-01  1.66238213e+00  8.31537485e-01 -1.05042672e+00 -9.15158629e-01  2.25431299e+00  5.66779338e-02  4.35133547e-01 -7.24950552e-01  2.61748880e-01 -4.05513734e-01 -8.84110034e-01  3.39398265e-01]]
R:
[[0.01705761 0.01705761 0.5806735  0.01705761 0.01705761 0.2828656  0.01705761 0.01705761 0.01705761 0.01705761]
 [0.02119369 0.02119369 0.80925673 0.02119369 0.02119369 0.02119369 0.02119369 0.02119369 0.02119369 0.02119369]
 [0.02436971 0.02436971 0.7806726  0.02436971 0.02436971 0.02436971 0.02436971 0.02436971 0.02436971 0.02436971]
 [0.01753821 0.01753821 0.5931709  0.01753821 0.01753821 0.2665234  0.01753821 0.01753821 0.01753821 0.01753821]
 [0.01806466 0.01806466 0.5669574  0.01806466 0.01806466 0.28852528 0.01806466 0.01806466 0.01806466 0.01806466]
 [0.01525809 0.01525809 0.6313678  0.01525809 0.01525809 0.24656744 0.01525809 0.01525809 0.01525809 0.01525809]
 [0.01546864 0.01546864 0.5862882  0.01546864 0.01546864 0.28996262 0.01546864 0.01546864 0.01546864 0.01546864]
 [0.01790478 0.01790478 0.83885694 0.01790478 0.01790478 0.01790478 0.01790478 0.01790478 0.01790478 0.01790478]
 [0.01512488 0.01512488 0.57218736 0.01512488 0.01512488 0.30681363 0.01512488 0.01512488 0.01512488 0.01512488]
 [0.01780407 0.01780407 0.6515406  0.01780407 0.01780407 0.20602684 0.01780407 0.01780407 0.01780407 0.01780407]
 [0.04103422 0.04103422 0.04103422 0.04103422 0.04103422 0.63069195 0.04103422 0.04103422 0.04103422 0.04103422]
 [0.01290727 0.01290727 0.71390337 0.01290727 0.01290727 0.18283853 0.01290727 0.01290727 0.01290727 0.01290727]
 [0.01690942 0.01690942 0.65556    0.01690942 0.01690942 0.20916465 0.01690942 0.01690942 0.01690942 0.01690942]
 [0.01662366 0.01662366 0.59541583 0.01662366 0.01662366 0.2715949  0.01662366 0.01662366 0.01662366 0.01662366]
 [0.03900799 0.03900799 0.03900799 0.03900799 0.03900799 0.6489281  0.03900799 0.03900799 0.03900799 0.03900799]
 [0.0122787  0.0122787  0.7097919  0.0122787  0.0122787  0.19197848 0.0122787  0.0122787  0.0122787  0.0122787 ]]
distance_matrix:
[[ 0.4955902  11.446877   10.916199    0.43668747  0.61590576  0.5402794   0.52381897 12.412552    0.72499084  1.0595627  49.70552     2.392517    1.0258026   0.4235649  50.33042     2.2090225 ]
 [ 2.8813019  24.036827   22.670593    3.410633    2.539032    4.865032    2.9585648  25.867752    2.5196686   6.54496    32.02514     9.943298    6.5752563   3.3838081  32.32231     9.510139  ]
 [ 0.6155815  10.24007     9.773182    0.47708893  0.7808037   0.4411621   0.6579628  11.139683    0.94343185  0.7830086  52.024796    1.9206123   0.7526741   0.4773407  52.716484    1.7762871 ]
 [ 1.02425    19.066814   17.991009    1.3765793   0.8351631   2.3903122   1.0702782  20.597004    0.82580185  3.737133   36.6141      6.447445    3.7385826   1.3447266  36.992107    6.0851097 ]
 [ 0.8971405   9.824799    9.439041    0.72014236  1.1021347   0.57260513  0.92515564 10.640419    1.2537613   0.84939575 53.896366    1.8067169   0.80841064  0.71509933 54.59747     1.6758423 ]
 [ 0.62109375 14.095894   13.303467    0.7038765   0.6082916   1.1858635   0.686676   15.332626    0.7309036   1.9596176  44.365128    3.8932724   1.9561462   0.7015953  44.938675    3.6563034 ]
 [ 0.57873535 13.884308   13.146042    0.65454483  0.5873108   1.0817146   0.62506866 15.064941    0.6789322   1.8600006  45.023834    3.693657    1.8449173   0.6420784  45.58111     3.4547577 ]
 [ 0.5861397  15.610615   14.763187    0.7632065   0.52753067  1.3925171   0.6262779  16.904278    0.5715599   2.3849754  41.93964     4.514988    2.3723946   0.74025726 42.4247      4.229313  ]
 [ 8.251293    7.5137978   8.040287    7.5254517   8.93552     6.001259    8.17757     7.3847313   9.109501    5.250103   81.36049     4.0540276   5.1167717   7.502144   82.306915    4.1414604 ]
 [ 1.4298706   7.291252    7.1812744   1.0778008   1.78228     0.50448227  1.431839    7.821266    1.9521713   0.44712067 60.684677    0.74347687  0.38039398  1.0704842  61.47094     0.6838913 ]
 [ 6.5654297   3.7100372   4.2205276   5.704441    7.2812805   4.052288    6.5682297   3.5975342   7.6375656   2.9483795  82.108795    1.6326675   2.8513641   5.7329674  83.225296    1.8003387 ]
 [ 6.7695923   4.3553543   4.8928146   5.9383583   7.48687     4.2938805   6.7456284   4.214943    7.7857666   3.2773743  82.02166     1.9480667   3.1666107   5.9499855  83.09003     2.0954666 ]
 [ 2.7695694   5.1403427   5.230484    2.2103615   3.251068    1.2439384   2.794014    5.463127    3.5353546   0.7389221  68.10526     0.4686432   0.6727371   2.2299232  69.04982     0.50733185]
 [ 2.4614487   6.6256485   6.625183    2.0095177   2.880783    1.235218    2.4687576   7.042259    3.0962677   0.96743774 64.784454    0.96836853  0.8977661   2.0121117  65.6411      0.95471954]
 [ 2.7910118   6.0110054   6.091114    2.284874    3.254261    1.3829803   2.792286    6.3441887   3.4789467   1.0097313  67.000435    0.8142433   0.93327713  2.2878647  67.88565     0.82318497]
 [ 4.0119247   4.915016    5.1571198   3.3703117   4.5707855   2.1839943   4.014763    5.080414    4.8473816   1.5308609  72.52439     0.9115906   1.4470978   3.3836021  73.49895     0.98139954]]
