hid1:
[[0.         0.09441144 0.         0.         0.         0.         0.         0.846638   0.         0.         0.         0.         1.6222924  0.5308378  1.2880698  0.        ]
 [0.23891287 0.         0.         0.         0.02959003 1.9388703  0.         0.         0.27487096 0.1256114  1.2798864  1.7534649  0.         0.         0.         1.4310272 ]
 [0.656214   0.26350662 0.30437797 0.9814901  0.47826043 0.         0.5035572  0.8820248  0.6081512  0.14906655 0.         0.         0.4788446  0.43750072 1.6416514  0.        ]
 [0.46625435 0.3168488  0.17480823 0.9509124  0.5902283  0.         0.7184566  0.7917874  0.74952173 0.28248757 0.         0.02352908 1.1026605  0.69068617 1.162258   0.        ]
 [0.60581946 0.3855291  0.27047795 0.91415954 0.6333653  0.         0.86854565 0.8627564  0.7400845  0.39941436 0.         0.02628884 0.16540907 0.5968527  1.364702   0.        ]
 [0.24151544 0.         0.         0.32372284 0.23463415 0.61331576 0.23185208 0.51507115 0.32318693 0.19036724 0.29608092 0.11367258 0.9433332  0.18249312 0.16741858 0.        ]
 [0.8521395  0.4312665  0.23486991 1.0027992  0.55900174 0.         0.711172   0.87946755 0.7107421  0.23979282 0.         0.         0.6601369  0.9135297  1.1045629  0.        ]
 [0.5685664  0.02603718 0.         0.46886444 0.40503323 1.1765691  0.49431878 0.21928114 0.60536593 0.2819118  0.6715399  0.9157542  0.17053528 0.5822266  0.         0.41956803]
 [0.         0.         0.         0.         0.         2.1155827  0.         0.         0.         0.         1.2785182  1.4636554  0.         0.         0.         2.1001961 ]
 [0.         0.         0.         0.         0.         0.8583546  0.         0.         0.         0.         0.         0.09115265 0.         0.         0.60226184 0.72794396]
 [0.         0.         0.         0.         0.         0.6595915  0.         0.56553453 0.         0.         0.         0.         0.         0.         1.1456032  0.5178959 ]
 [0.         0.         0.02298225 0.29193777 0.342175   0.60958034 0.         0.6285935  0.04230741 0.         0.         0.         0.         0.         1.2116668  0.4820139 ]
 [0.9568886  0.4078417  0.295926   0.96578896 0.6411093  0.27946728 0.9848423  0.78161216 0.23167568 0.36032572 0.         0.         0.8562019  1.0855576  1.1540508  0.        ]
 [0.         0.03942574 0.16724664 0.7452039  0.35261923 0.5242822  0.         0.6758605  0.         0.         0.         0.         0.         0.         1.141155   0.00747078]
 [0.         0.         0.         0.26867926 0.14089112 1.1253871  0.         0.09516092 0.03317936 0.         0.5671473  0.8408119  0.         0.         0.17052126 0.63071865]
 [0.         0.24621037 0.14646773 0.87541103 0.44284025 0.50232327 0.06068778 0.6639598  0.         0.08232156 0.         0.         0.         0.         0.695662   0.        ]]
hid2:
[[ 1.33731589e-01  6.98370039e-02  7.57727847e-02  4.56571758e-01  2.29770750e-01  2.69072682e-01  1.38119876e-01  5.65151751e-01  1.06694698e-01  1.58726797e-01  5.49613014e-02  5.48715591e-02  1.10712908e-01  1.44193351e-01  7.91327715e-01  1.32855311e-01]
 [ 1.72381178e-01  6.52879179e-02  7.05926046e-02  5.25400937e-01  2.81361014e-01  5.90871237e-02  1.75043911e-01  6.66612208e-01  1.27561778e-01  1.98706374e-01 -4.68245745e-02 -1.15444884e-01  1.08930103e-01  1.70145050e-01  8.42124522e-01  1.33063039e-03]
 [ 1.71128482e-01  6.70375451e-02  7.32052848e-02  5.25300205e-01  2.80172914e-01  5.44765256e-02  1.74569637e-01  6.66857421e-01  1.26294672e-01  1.97868943e-01 -4.95904423e-02 -1.16205364e-01  1.10761568e-01  1.70243874e-01  8.45463812e-01  2.05901777e-03]
 [ 1.25777036e-01  7.81206563e-02  8.80503803e-02  4.52174634e-01  2.21372604e-01  2.59935349e-01  1.33833691e-01  5.60475051e-01  9.96908024e-02  1.52600586e-01  4.80971709e-02  6.11221120e-02  1.19213618e-01  1.43162623e-01  8.03737402e-01  1.43715709e-01]
 [ 1.44645631e-01  6.17700666e-02  6.39607608e-02  4.66990471e-01  2.42289960e-01  2.58104295e-01  1.45488188e-01  5.78843653e-01  1.15088046e-01  1.68075934e-01  5.18923700e-02  3.33642364e-02  1.02701217e-01  1.47542730e-01  7.84565985e-01  1.10677063e-01]
 [ 1.44652203e-01  7.91206434e-02  9.04364213e-02  4.90071803e-01  2.47540846e-01  1.34429455e-01  1.53318912e-01  6.17130458e-01  1.08693697e-01  1.73046961e-01 -1.38067286e-02 -3.46837528e-02  1.21909373e-01  1.57726556e-01  8.38570058e-01  7.23763704e-02]
 [ 1.38453335e-01  7.90153667e-02  8.99932832e-02  4.77922529e-01  2.39014253e-01  1.74057275e-01  1.47020310e-01  5.99016130e-01  1.05654739e-01  1.66395932e-01  5.67868352e-03 -4.09453083e-03  1.21271044e-01  1.53074458e-01  8.27824831e-01  9.53129083e-02]
 [ 1.62569240e-01  7.89921358e-02  9.10568088e-02  5.24612427e-01  2.72055209e-01  2.29739211e-02  1.71329066e-01  6.68532908e-01  1.17636979e-01  1.92147151e-01 -6.84886500e-02 -1.21401586e-01  1.23275198e-01  1.70918956e-01  8.68280828e-01  7.03583704e-03]
 [ 1.15236647e-01  2.53714770e-02  7.07973354e-03  3.61621350e-01  1.90991923e-01  7.01912761e-01  9.94176939e-02  4.13727283e-01  1.13907531e-01  1.26250967e-01  2.80228764e-01  3.19215566e-01  5.99315539e-02  1.04411319e-01  6.21874213e-01  2.98689991e-01]
 [ 1.53582871e-01  5.49980961e-02  5.40346391e-02  4.75301325e-01  2.52491474e-01  2.50306666e-01  1.51447043e-01  5.89689374e-01  1.22022480e-01  1.75684243e-01  5.00083156e-02  1.64038092e-02  9.59566981e-02  1.50188014e-01  7.78512001e-01  9.28824171e-02]
 [-1.58150643e-02 -6.85305893e-02 -1.42178103e-01 -1.71186570e-02 -1.69679672e-02  2.19294667e+00 -7.50830621e-02 -1.71428770e-01  8.34640115e-02 -4.05889340e-02  1.03920674e+00  1.32529092e+00 -5.50514609e-02 -4.77229357e-02  1.09421618e-01  9.85842228e-01]
 [ 1.42413035e-01  6.27054721e-02  6.52863681e-02  4.63908881e-01  2.39513054e-01  2.65441149e-01  1.43658608e-01  5.74466288e-01  1.13634653e-01  1.65958941e-01  5.52258193e-02  4.05657403e-02  1.03548825e-01  1.46438256e-01  7.83724844e-01  1.16790667e-01]
 [ 1.49366021e-01  7.33740032e-02  8.18823874e-02  4.91563618e-01  2.52264470e-01  1.45814002e-01  1.55481085e-01  6.18054032e-01  1.13153085e-01  1.76437631e-01 -6.56769145e-03 -3.51035707e-02  1.15944430e-01  1.57845870e-01  8.28609049e-01  6.77887723e-02]
 [ 1.05722427e-01  1.59435105e-02 -7.74002820e-03  3.30653995e-01  1.75105482e-01  8.28763545e-01  8.55718106e-02  3.65487337e-01  1.12660028e-01  1.13391608e-01  3.45212609e-01  4.02490050e-01  4.86936979e-02  9.18348879e-02  5.76546192e-01  3.54336053e-01]
 [-8.49679112e-02 -6.28127623e-03 -5.03428057e-02 -6.83273971e-02 -9.29271281e-02  2.18309021e+00 -1.16748139e-01 -2.33621567e-01  2.61761919e-02 -9.66405198e-02  1.01649666e+00  1.41790855e+00  8.03969521e-03 -6.24121018e-02  1.86918944e-01  1.10179889e+00]
 [ 1.47253945e-01  7.95460716e-02  9.12041590e-02  4.95677978e-01  2.51234800e-01  1.15080386e-01  1.56134456e-01  6.25574172e-01  1.09828606e-01  1.75947592e-01 -2.34282389e-02 -4.90170605e-02  1.22599334e-01  1.59902781e-01  8.44266415e-01  6.19084761e-02]]
topics:
[[ 1.51109660e+00 -2.64036924e-01 -2.69743299e+00 -1.57002676e+00 -1.91758943e+00  2.39538908e+00 -2.85934305e+00 -2.64271975e+00 -1.34572136e+00  1.58905923e+00  9.06195939e-01 -1.83211160e+00  1.82106584e-01  4.24305773e+00 -1.18716800e+00  2.55195546e+00]
 [ 4.07218122e+00 -3.32601500e+00 -1.09828162e+00 -6.16660178e-01  2.47514582e+00  2.50163794e+00  3.16732526e+00  3.18731380e+00 -2.10796142e+00  2.53277516e+00  5.90291739e-01 -1.27666664e+00  1.04458642e+00 -4.14187098e+00 -1.85248625e+00 -5.74963748e-01]
 [ 1.56063423e-01  8.80787671e-02  1.04625694e-01  5.24089575e-01  2.65884966e-01 -9.71089641e-04  1.68865919e-01  6.69806480e-01  1.11056305e-01  1.87798068e-01 -8.28531012e-02 -1.25351220e-01  1.32786766e-01  1.71432108e-01  8.85623991e-01  1.08186994e-02]
 [-2.84080958e+00 -1.34261835e+00 -2.64621615e+00  2.55456805e+00  2.36512706e-01  2.51697993e+00 -1.86582899e+00 -1.64061654e+00  4.59925032e+00 -2.34267068e+00  3.10345858e-01  2.12606859e+00  6.95262551e-01  4.29999208e+00  4.94469941e-01 -2.03353119e+00]
 [-2.06905079e+00  2.40369648e-01 -9.66792226e-01 -2.49601793e+00  4.78468704e+00  3.52670407e+00  1.75081801e+00  2.41517043e+00  5.20927548e-01 -7.21599042e-01  5.18335402e-01 -3.25076699e+00 -2.10552192e+00  2.61261988e+00 -1.40190530e+00 -4.13539314e+00]
 [-3.25463742e-01  2.10205883e-01  2.69036770e-01 -2.46418342e-01 -3.57093632e-01  2.14881396e+00 -2.61648595e-01 -4.49912250e-01 -1.73056081e-01 -2.91573644e-01  9.37516749e-01  1.74000978e+00  2.27454543e-01 -1.13497242e-01  4.56434906e-01  1.50506663e+00]
 [ 6.33879042e+00 -8.63128841e-01 -1.34289217e+00  4.30804634e+00 -1.78607464e+00  2.01572967e+00  4.08100843e+00  4.04380322e+00 -2.02910781e+00  1.24545097e+00  3.18004990e+00  3.97224116e+00 -2.38186574e+00 -4.63431501e+00 -2.58074903e+00 -1.27389634e+00]
 [-1.98366308e+00 -1.37048554e+00 -7.16725409e-01  6.78127781e-02  1.83475590e+00  2.68573046e+00  4.19473839e+00  3.66253448e+00 -1.49138582e+00  1.64593124e+00  1.11675775e+00 -5.01157701e-01 -5.67355919e+00  4.48460293e+00 -1.03958523e+00  2.47150564e+00]
 [ 2.57530427e+00 -6.42312407e-01 -1.37691438e+00  3.69659734e+00 -1.15413463e+00  2.35225606e+00 -1.43531942e+00 -1.33278918e+00  2.70152497e+00  2.61261153e+00  3.84078288e+00  3.49436378e+00 -5.89862287e-01 -2.39299083e+00  1.52057505e+00 -3.79346871e+00]
 [ 3.96398306e-01 -6.06818855e-01 -1.55961370e+00 -4.77199793e-01  4.22353554e+00  2.92582297e+00 -2.87801909e+00 -2.44194937e+00  6.66738224e+00 -3.88217151e-01  1.69826698e+00 -1.79355061e+00  6.29386783e-01 -3.30926991e+00 -3.15400600e+00  1.73423398e+00]]
R:
[[0.0033354  0.0033354  0.8801725  0.0033354  0.0033354  0.09314445 0.0033354  0.0033354  0.0033354  0.0033354 ]
 [0.00260242 0.00260242 0.97657824 0.00260242 0.00260242 0.00260242 0.00260242 0.00260242 0.00260242 0.00260242]
 [0.00240264 0.00240264 0.97837627 0.00240264 0.00240264 0.00240264 0.00240264 0.00240264 0.00240264 0.00240264]
 [0.00246112 0.00246112 0.88290596 0.00246112 0.00246112 0.09740514 0.00246112 0.00246112 0.00246112 0.00246112]
 [0.00407471 0.00407471 0.88655704 0.00407471 0.00407471 0.08084521 0.00407471 0.00407471 0.00407471 0.00407471]
 [0.00165367 0.00165367 0.93988574 0.00165367 0.00165367 0.04688493 0.00165367 0.00165367 0.00165367 0.00165367]
 [0.00188771 0.00188771 0.9218583  0.00188771 0.00188771 0.06303991 0.00188771 0.00188771 0.00188771 0.00188771]
 [0.00103758 0.00103758 0.9906618  0.00103758 0.00103758 0.00103758 0.00103758 0.00103758 0.00103758 0.00103758]
 [0.01019384 0.01019384 0.6907303  0.01019384 0.01019384 0.22771904 0.01019384 0.01019384 0.01019384 0.01019384]
 [0.0047033  0.0047033  0.89127487 0.0047033  0.0047033  0.07109876 0.0047033  0.0047033  0.0047033  0.0047033 ]
 [0.02793281 0.02793281 0.02793281 0.02793281 0.02793281 0.7486048  0.02793281 0.02793281 0.02793281 0.02793281]
 [0.0040232  0.0040232  0.88305485 0.0040232  0.0040232  0.08475946 0.0040232  0.0040232  0.0040232  0.0040232 ]
 [0.00228865 0.00228865 0.9356918  0.00228865 0.00228865 0.04599907 0.00228865 0.00228865 0.00228865 0.00228865]
 [0.01184593 0.01184593 0.6345902  0.01184593 0.01184593 0.2706423  0.01184593 0.01184593 0.01184593 0.01184593]
 [0.02169466 0.02169466 0.02169466 0.02169466 0.02169466 0.804748   0.02169466 0.02169466 0.02169466 0.02169466]
 [0.00150224 0.00150224 0.9486235  0.00150224 0.00150224 0.03935858 0.00150224 0.00150224 0.00150224 0.00150224]]
distance_matrix:
[[ 18.132942   16.788876   16.756247   18.077908   17.964388   16.83865    17.125587   16.565655   27.93278    17.887213  135.0028     18.054668   16.93338    32.566917  144.1207     16.73214  ]
 [163.78436   193.48271   193.74376   163.30122   166.87933   179.83566   174.4665    195.5598    120.88956   169.33981    34.00756   165.72217   179.50438   109.32493    31.48185   182.41241  ]
 [ 23.47963    20.597874   20.568842   23.528996   23.072584   21.445793   22.003448   20.402805   35.36149    22.804953  150.80096    23.2323     21.502808   40.678627  161.10834    21.214657 ]
 [ 22.398174   21.273441   21.318808   22.688469   21.931097   21.727547   21.93494    21.661446   29.614288   21.600634  130.13055    22.044449   21.573063   33.633865  141.73175    21.674683 ]
 [ 21.920406   19.49368    19.514257   22.171257   21.369463   20.439678   20.890808   19.68715    31.71112    20.977304  141.21642    21.529873   20.343662   36.49253   152.88304    20.26857  ]
 [ 12.415428   15.983345   16.115948   12.83725    12.26059    14.64917    13.9792385  17.054241   10.420137   12.161001   78.697205   12.203339   14.291676   11.709297   89.98323    15.021477 ]
 [ 27.941994   25.814056   25.871233   28.343605   27.279448   26.851032   27.230145   26.29425    36.242138   26.791113  141.57568    27.442055   26.641468   40.645264  154.27103    26.72116  ]
 [ 57.918167   71.758804   72.005295   58.27491    58.772575   66.00221    63.451828   73.7218     37.99847    59.453102   40.95179    58.30953    65.4496     33.817024   48.94889    67.270096 ]
 [201.43329   231.44177   231.55823   200.26933   205.18536   216.68471   211.33592   232.3863    162.30681   208.19789    83.55367   203.9538    216.82724   151.55154    75.929375  219.22089  ]
 [ 24.844166   33.48674    33.49769    24.418015   25.940956   28.79438    27.288225   33.604908   19.173283   26.861874   67.319954   25.608564   28.916986   18.93117    70.973175   29.527868 ]
 [ 34.204544   37.9801     37.886948   33.579193   35.035477   35.052143   34.463028   37.28276    38.486008   35.76586   121.004166   34.874287   35.42971    41.16591   124.52168    35.338394 ]
 [ 32.604935   36.211643   36.126396   32.02546    33.37793    33.420807   32.857536   35.576183   36.8966     34.060623  119.82182    33.227516   33.76996    39.602142  123.723335   33.696827 ]
 [ 15.74342    13.845028   13.877813   16.019985   15.217543   14.605396   14.956532   14.134052   24.427692   14.842875  130.1407     15.359753   14.478832   28.886023  141.85226    14.483242 ]
 [ 10.861103   12.001884   11.965921   10.648674   11.067423   10.778156   10.626324   11.752499   17.224514   11.289255  110.6013     11.046574   10.925789   20.738733  117.880394   10.874161 ]
 [ 44.260525   60.69729    60.792892   43.777008   46.130447   52.637993   49.706      61.47863    25.04079    47.649506   23.743774   45.489418   52.618217   20.65951    24.842575   54.050194 ]
 [  6.314213    6.4792175   6.5128574   6.4768257   6.0841694   6.2061653   6.1910534   6.7751083  12.038584    5.9447174 106.13168     6.135641    6.1116867  15.542906  116.43973     6.253845 ]]
