hid1:
[[-1.2443973  -1.3586907  -1.4150168  -1.3161596  -1.2515945  -1.1247673  -1.3145818  -1.3056258  -1.2849367  -1.3612169  -1.1848061  -1.3283142  -1.3475927  -1.4577388  -1.3140539  -1.3508472 ]
 [-1.1414775  -1.4577388  -1.451841   -1.2026103  -1.1544429  -0.60310686 -1.2336416  -1.2036856  -1.2033949  -1.2887719  -0.8868724  -1.3061154  -1.4577388  -1.4038953  -1.0709335  -1.4291615 ]
 [-1.2606514  -1.4577388  -1.4577388  -1.325347   -1.2692072  -1.1793091  -1.3074689  -1.2883387  -1.2866126  -1.4577388  -1.4577388  -1.3330427  -1.3741084  -1.3742003  -1.3433119  -1.3392714 ]
 [-1.1156209  -1.3556515  -1.4468459  -1.2399981  -1.1176542  -0.74469334 -1.2252089  -1.169361   -1.206849   -1.4577388  -1.4577388  -1.3058984  -1.280167   -1.3985384  -1.1750901  -1.4151074 ]
 [-1.3041507  -1.362995   -1.3987579  -1.3482578  -1.3388604  -1.2730091  -1.3574522  -1.355291   -1.3155626  -1.3981434  -1.3078659  -1.3327473  -1.4012741  -1.3620647  -1.3832506  -1.4577388 ]
 [-1.1507682  -1.4577388  -1.430808   -1.2618575  -1.1719148  -0.9292433  -1.2061684  -1.1966698  -1.1689943  -1.2639928  -1.0505266  -1.2914433  -1.4577388  -1.4041799  -1.3088905  -1.3913146 ]
 [-1.4577388  -1.4577388  -1.4361951  -1.2670945  -1.2261243  -0.9670265  -1.2859471  -1.2324605  -1.2520713  -1.3269411  -1.0820004  -1.3231574  -1.2890675  -1.3979598  -1.2160896  -1.3989763 ]
 [-1.4577388  -1.2541362  -1.4528012  -1.2043467  -1.4577388  -0.5873059  -1.2457547  -1.2078797  -1.2119734  -1.2896091  -1.4577388  -1.3067157  -1.1473757  -1.4035678  -1.064987   -1.4577388 ]
 [-1.381915   -1.4577388  -1.3841541  -1.3541785  -1.3855613  -1.4577388  -1.4050566  -1.3830937  -1.3706161  -1.4577388  -1.3428885  -1.3446285  -1.3618667  -1.272097   -1.3810644  -1.2527775 ]
 [-1.3279443  -1.348748   -1.3938673  -1.3499783  -1.3424867  -1.2840934  -1.3665968  -1.3664439  -1.317628   -1.3990269  -1.2963836  -1.3493958  -1.37042    -1.4002593  -1.3387475  -1.3435512 ]
 [-1.4555957  -1.1599845  -1.3885617  -1.4405499  -1.4563149  -1.4564046  -1.4553092  -1.4569201  -1.4455274  -1.4560518  -1.4556531  -1.4577388  -1.4488255  -0.8175114  -1.4522736  -1.1050596 ]
 [-1.4437666  -1.0358652  -1.2955202  -1.4295472  -1.440166   -1.4577388  -1.4457479  -1.4433393  -1.4352036  -1.4498701  -1.4509721  -1.3379266  -1.4334621  -1.0494443  -1.4577388  -1.0773301 ]
 [-1.4053463  -1.3313725  -1.3857169  -1.3955519  -1.4178066  -1.3990947  -1.4273341  -1.4387214  -1.3821036  -1.4384367  -1.4135596  -1.360419   -1.4269936  -1.3396453  -1.4299254  -1.3210477 ]
 [-1.3859388  -1.3884746  -1.4232754  -1.3332431  -1.3864053  -1.3070393  -1.4080006  -1.326237   -1.326473   -1.4577388  -1.3631577  -1.3028506  -1.4032568  -1.3485036  -1.3770069  -1.4577388 ]
 [-1.3098227  -1.352014   -1.4577388  -1.4577388  -1.3709888  -1.4577388  -1.3587314  -1.3255146  -1.3337219  -1.3881276  -1.4577388  -1.3416289  -1.3833549  -1.378462   -1.3551811  -1.3304731 ]
 [-1.4047716  -1.3205447  -1.3915908  -1.3957752  -1.4237372  -1.4160436  -1.4287006  -1.4332014  -1.3815553  -1.4418356  -1.4204314  -1.4577388  -1.4371486  -1.3181051  -1.4340628  -1.3174361 ]]
hid2:
[[-1.2474425  -1.2972224  -1.4083346  -1.2821435  -1.2617345  -1.011607   -1.314673   -1.2962091  -1.2657613  -1.3414431  -1.1437349  -1.3050427  -1.3201002  -1.347417   -1.2813939  -1.3296973 ]
 [-1.3573521  -1.3930361  -1.432747   -1.3773348  -1.348889   -1.5399925  -1.3711218  -1.3673416  -1.3202969  -1.3906099  -1.4576125  -1.3093805  -1.5123546  -1.2444496  -1.5120575  -1.220809  ]
 [-1.3546009  -1.3930824  -1.4333348  -1.3751491  -1.3461239  -1.5349185  -1.3689392  -1.3650336  -1.3174909  -1.3881773  -1.4541285  -1.3078779  -1.5121568  -1.2424384  -1.5112984  -1.219661  ]
 [-1.2700684  -1.3073666  -1.4086621  -1.3009671  -1.2819626  -1.0884333  -1.3293096  -1.3129188  -1.2826338  -1.3562742  -1.1912137  -1.3113981  -1.341595   -1.3442011  -1.3092272  -1.3224612 ]
 [-1.170262   -1.2963074  -1.4237403  -1.2206492  -1.1846899  -0.8618827  -1.2541378  -1.2319422  -1.1883521  -1.2742891  -1.042035   -1.2641537  -1.3103683  -1.2951548  -1.255555   -1.3009986 ]
 [-1.331568   -1.3356285  -1.4098892  -1.3521876  -1.3367815  -1.2995532  -1.368877   -1.3581893  -1.3280894  -1.3962486  -1.3214995  -1.3282803  -1.4013199  -1.3341675  -1.3862939  -1.3017023 ]
 [-1.2857623  -1.3040887  -1.4038303  -1.3131924  -1.298456   -1.1073273  -1.3427097  -1.3267342  -1.3004156  -1.3716326  -1.2056979  -1.3216878  -1.3370353  -1.3613298  -1.3073757  -1.3337859 ]
 [-1.2638954  -1.3946092  -1.4527162  -1.3030883  -1.2549571  -1.3676351  -1.2969763  -1.2889434  -1.2249831  -1.307976   -1.3392614  -1.2583396  -1.5056313  -1.1761334  -1.4862696  -1.1818095 ]
 [-1.3229928  -1.3314862  -1.4096193  -1.3450292  -1.329186   -1.2694435  -1.3634233  -1.3519206  -1.3218697  -1.3907739  -1.3029723  -1.3260415  -1.3926116  -1.3359447  -1.3751346  -1.3049163 ]
 [-1.307623   -1.3394223  -1.4166687  -1.3334377  -1.3119051  -1.266699   -1.3488123  -1.3373711  -1.30167    -1.3734096  -1.2972406  -1.3132695  -1.4059973  -1.3102999  -1.3866416  -1.2863375 ]
 [-0.4083382  -1.0356561  -1.4524226  -0.59329194 -0.48417383  1.4552753  -0.73575836 -0.6517793  -0.57246125 -0.73504996  0.41201377 -1.0039719  -0.73934674 -1.2514982  -0.48433593 -1.4163868 ]
 [-1.2696254  -1.3357675  -1.4226816  -1.3029044  -1.2747396  -1.1823021  -1.3200185  -1.3064224  -1.2654482  -1.3419234  -1.2414405  -1.294966   -1.3951578  -1.2905837  -1.367348   -1.2772853 ]
 [-1.3293372  -1.3477039  -1.4162698  -1.3513857  -1.3316658  -1.3355819  -1.3633171  -1.3537213  -1.3187195  -1.3883578  -1.3402061  -1.3201979  -1.4238816  -1.3099422  -1.4103711  -1.2816968 ]
 [-1.3457477  -1.3368927  -1.4075966  -1.3635738  -1.3506747  -1.3307151  -1.3796537  -1.3697602  -1.341665   -1.4080474  -1.342144   -1.3351678  -1.4051765  -1.3417121  -1.393289   -1.3052384 ]
 [-0.4989326  -0.99507755 -1.4139119  -0.66211593 -0.58455163  1.4184301  -0.8199289  -0.73620087 -0.687872   -0.8343532   0.36714202 -1.0757183  -0.6721479  -1.3910234  -0.4292246  -1.5160743 ]
 [-1.4172319  -1.36982    -1.4090607  -1.4231158  -1.4143747  -1.5763679  -1.4256206  -1.4223635  -1.3944547  -1.4544735  -1.4937193  -1.3547466  -1.4747434  -1.3299044  -1.4830256  -1.2809865 ]]
topics:
[[ 0.39682838 -0.35191306 -3.2146182  -1.7644607  -2.0777397   2.1458426  -2.443711   -2.431892   -1.5326883   0.30942118  0.7661537  -2.1570017   0.08250636  3.0541492  -0.1328331   1.958803  ]
 [ 4.2891235  -3.224997   -1.4756272  -1.0602697   3.1148984   2.5717723   3.0050616   3.4365714  -2.0771284  -0.16851209  0.6629509  -1.448745    1.0005373  -4.337684   -4.78643     1.7816931 ]
 [-1.4706644  -1.3911285  -1.4085351  -1.4673556  -1.4627777  -1.7489687  -1.4610199  -1.462396   -1.4358608  -1.4908001  -1.6011082  -1.3712654  -1.5205065  -1.32728    -1.5433242  -1.2680943 ]
 [-2.5844774  -1.760224   -3.2820678   2.0024781   0.24875005  1.9777423  -2.2698543  -1.9875712   5.210687   -2.8809116  -0.01428896  2.1967194  -0.03864663  4.1447554  -0.551395   -2.3784027 ]
 [-1.5321316   0.09888875 -1.3309969  -2.8382194   2.4618425   3.9191153   2.1075046   2.2468412  -0.7927399   0.28767177  0.05459956 -3.3178196  -3.6137586   3.272499   -0.67989826 -2.854756  ]
 [-1.0060375  -0.7679384  -1.198347   -1.0473602  -1.1464198   1.2121875  -1.2910761  -1.2087528  -1.3338869  -1.3902057   0.11597147 -1.4773204  -0.2960013  -2.1720197  -0.12073757 -2.0740771 ]
 [ 4.8076816  -1.2348628  -1.6796751   4.2014213  -1.0583714   1.6229775   3.7965026   4.012009   -1.6520776   2.6740398   3.0664816   3.5649207  -1.7733521  -3.9429977  -1.6810555  -3.5140822 ]
 [-2.8272002  -3.4805655  -1.0590873   0.346141    1.8541769   2.2647052   3.874308    3.779026    2.0762668  -0.88781184  1.2669637  -0.15195632 -7.1290755   2.0749931   1.3890465   1.9272231 ]
 [ 0.55931276 -0.89775205 -1.7673335   3.267355   -1.6346143   1.9473462  -2.1094282  -2.1451194   1.9344556   0.00730821  2.9046721   2.979145   -1.0270635  -3.5680366   1.9378103   1.9245685 ]
 [ 3.945127   -1.2254246  -1.7896148  -0.9929859   4.4547734   2.162492   -2.5190556  -2.685702    4.9117765   5.6828146   1.1875342  -1.997356    0.49760932  3.6254275  -3.9432545  -0.13650215]]
R:
[[0.00784631 0.00784631 0.7746097  0.00784631 0.00784631 0.1626198  0.00784631 0.00784631 0.00784631 0.00784631]
 [0.00587591 0.00587591 0.9471168  0.00587591 0.00587591 0.00587591 0.00587591 0.00587591 0.00587591 0.00587591]
 [0.00601858 0.00601858 0.9458328  0.00601858 0.00601858 0.00601858 0.00601858 0.00601858 0.00601858 0.00601858]
 [0.00707491 0.00707491 0.79823214 0.00707491 0.00707491 0.14516857 0.00707491 0.00707491 0.00707491 0.00707491]
 [0.01176403 0.01176403 0.73584116 0.01176403 0.01176403 0.17004664 0.01176403 0.01176403 0.01176403 0.01176403]
 [0.00500443 0.00500443 0.86329544 0.00500443 0.00500443 0.09666915 0.00500443 0.00500443 0.00500443 0.00500443]
 [0.00614601 0.00614601 0.8018162  0.00614601 0.00614601 0.14901565 0.00614601 0.00614601 0.00614601 0.00614601]
 [0.01072219 0.01072219 0.90350026 0.01072219 0.01072219 0.01072219 0.01072219 0.01072219 0.01072219 0.01072219]
 [0.00528544 0.00528544 0.85397315 0.00528544 0.00528544 0.10374339 0.00528544 0.00528544 0.00528544 0.00528544]
 [0.00637559 0.00637559 0.85632825 0.00637559 0.00637559 0.09266711 0.00637559 0.00637559 0.00637559 0.00637559]
 [0.04083221 0.04083221 0.04083221 0.04083221 0.04083221 0.6325101  0.04083221 0.04083221 0.04083221 0.04083221]
 [0.00818201 0.00818201 0.83326507 0.00818201 0.00818201 0.10127876 0.00818201 0.00818201 0.00818201 0.00818201]
 [0.00557975 0.00557975 0.8771945  0.00557975 0.00557975 0.07816752 0.00557975 0.00557975 0.00557975 0.00557975]
 [0.00432651 0.00432651 0.8717782  0.00432651 0.00432651 0.09360983 0.00432651 0.00432651 0.00432651 0.00432651]
 [0.03464319 0.03464319 0.03464319 0.03464319 0.03464319 0.68821126 0.03464319 0.03464319 0.03464319 0.03464319]
 [0.00192283 0.00192283 0.9475002  0.00192283 0.00192283 0.03711705 0.00192283 0.00192283 0.00192283 0.00192283]]
distance_matrix:
[[  0.78915405   4.3446045    4.2857056    0.5333252    2.5799866    1.1028137    0.4855652    3.527954     0.9075012    0.9668884  149.67337      0.835907     1.4312439    1.3473816  138.41121      4.692566  ]
 [  4.7611694   19.247345    19.090424     6.0662537    3.6499634   10.928833     6.359375    15.10965     10.120239    10.18573    103.996704     8.39563     12.043274    11.785461    93.14488     20.125854  ]
 [  1.2903442    3.146881     3.101532     0.799469     3.479248     0.72210693   0.7122803    2.780182     0.61968994   0.661438   157.51404      0.7642822    0.91711426   0.8805542  146.28423      3.4734497 ]
 [  2.5150757   12.914032    12.780121     3.2922058    2.1068115    6.6953735    3.555725     9.539459     6.096985     6.037842   117.606445     4.697754     7.435425     7.3878174  107.29051     14.029602  ]
 [  2.1967468    1.9187622    1.9031982    1.3568726    5.256439     0.3253479    1.1255798    2.5807495    0.3572693    0.49551392 170.27109      1.0574036    0.4308777    0.31375122 158.4131       1.7960815 ]
 [  1.4061279    7.6547546    7.5455627    1.6388855    1.7624512    3.5407715    1.859314     5.1199036    3.158142     2.9883423  132.96307      2.128479     3.9107666    4.0567627  123.097946     8.951721  ]
 [  0.78427124   8.835754     8.735779     1.1762085    1.3435974    3.5258484    1.278717     6.605652     3.0766907    3.1263733  128.97922      2.296173     4.1698303    4.028839   117.95412      9.445587  ]
 [  4.543274    17.303436    17.16391      5.598358     3.920044     9.771301     5.82959     13.727631     9.061035     9.135498   111.828186     7.620056    10.768066    10.526306   100.85832     18.065186  ]
 [  3.001831     2.1559143    2.141632     2.097931     6.0960693    0.88708496   1.8786011    2.8450623    0.9456787    1.0463867  172.82953      1.6430054    0.92718506   0.8637085  161.15977      2.1378174 ]
 [  1.8325806    2.42984      2.4118347    1.0977478    4.7998657    0.3560791    0.85827637   3.0018005    0.34649658   0.5300293  166.92151      1.0222168    0.5543213    0.3701172  154.8444       2.1907349 ]
 [ 10.040131     4.8202515    4.8362427    8.546814    14.05191      5.7117004    8.253326     6.533386     6.0034485    6.0229797  198.00958      7.1756897    5.3858337    5.483856   186.61513      4.8672485 ]
 [  8.543579     4.0592346    4.06662      7.1617126   12.313721     4.6329956    6.902832     5.4913635    4.8809204    4.8863525  192.84644      5.9066772    4.3500977    4.4536133  181.56194      4.194519  ]
 [  4.315094     1.2764893    1.2980347    3.0338745    8.43808      0.7911682    2.6317444    3.1906128    0.9952698    1.2381287  187.26755      2.3656921    0.7678528    0.5701599  174.71071      0.6442261 ]
 [  2.6859436    1.7889404    1.7746582    1.7746582    5.7947083    0.5440979    1.5537415    2.4945679    0.6051941    0.7059021  172.75473      1.3106384    0.5805359    0.5166931  161.0818       1.7676392 ]
 [  2.5907898    1.6628418    1.6550903    1.6528931    5.858368     0.3527527    1.3919983    2.5670776    0.4232483    0.5724182  173.86636      1.249115     0.4194641    0.29867554 161.91951      1.4683228 ]
 [  4.5231934    1.2638855    1.289154     3.2035217    8.751038     0.85668945   2.7824707    3.3035583    1.0750732    1.3330078  188.80634      2.5151978    0.82733154   0.61517334 176.15758      0.56817627]]
