hid1:
[[3.83997530e-01 0.00000000e+00 4.71953481e-01 0.00000000e+00 0.00000000e+00 4.47130591e-01 6.08435929e-01 3.92354637e-01 0.00000000e+00 1.70789585e-01 0.00000000e+00 0.00000000e+00 4.83680934e-01 0.00000000e+00 1.66543677e-01]
 [4.01535213e-01 0.00000000e+00 5.53787470e-01 0.00000000e+00 0.00000000e+00 3.81431669e-01 4.89546776e-01 3.08904439e-01 0.00000000e+00 2.32621223e-01 0.00000000e+00 0.00000000e+00 4.56797153e-01 0.00000000e+00 2.11009443e-01]
 [3.46745819e-01 0.00000000e+00 3.49965394e-01 0.00000000e+00 0.00000000e+00 2.99672663e-01 4.58665460e-01 2.14172423e-01 0.00000000e+00 1.65859893e-01 2.06136028e-04 0.00000000e+00 3.39368492e-01 0.00000000e+00 2.02615887e-01]
 [4.16401774e-02 0.00000000e+00 1.70175195e-01 0.00000000e+00 0.00000000e+00 1.17028691e-01 1.40115395e-01 0.00000000e+00 0.00000000e+00 6.39669448e-02 6.65883943e-02 0.00000000e+00 1.26424894e-01 0.00000000e+00 9.83887985e-02]
 [1.36513993e-01 0.00000000e+00 2.64219567e-02 0.00000000e+00 0.00000000e+00 8.77769440e-02 2.00695544e-01 0.00000000e+00 0.00000000e+00 3.23952958e-02 2.49600690e-02 0.00000000e+00 9.70370099e-02 0.00000000e+00 1.28528746e-02]
 [1.23955958e-01 0.00000000e+00 1.51827946e-01 0.00000000e+00 0.00000000e+00 1.16176270e-01 2.11767867e-01 0.00000000e+00 0.00000000e+00 2.47642603e-02 4.48282100e-02 0.00000000e+00 1.73959196e-01 0.00000000e+00 1.14145599e-01]
 [0.00000000e+00 0.00000000e+00 0.00000000e+00 0.00000000e+00 0.00000000e+00 4.10806835e-02 7.40919681e-03 0.00000000e+00 0.00000000e+00 1.00556992e-01 7.51066878e-02 0.00000000e+00 9.68392342e-02 8.34920555e-02 1.71187741e-03]
 [1.28504977e-01 0.00000000e+00 3.19513008e-02 0.00000000e+00 0.00000000e+00 7.47636557e-02 5.93964010e-02 0.00000000e+00 0.00000000e+00 4.70956229e-02 8.24852586e-02 0.00000000e+00 9.82578769e-02 0.00000000e+00 3.01962029e-02]
 [1.05700940e-01 0.00000000e+00 1.52330652e-01 0.00000000e+00 0.00000000e+00 9.68421474e-02 4.53883149e-02 0.00000000e+00 0.00000000e+00 1.24248132e-01 1.01617627e-01 0.00000000e+00 7.07128495e-02 3.30021940e-02 1.05354168e-01]
 [6.54853806e-02 1.23460824e-03 0.00000000e+00 0.00000000e+00 8.55922233e-03 0.00000000e+00 1.76912248e-02 1.24737220e-02 0.00000000e+00 0.00000000e+00 9.55296829e-02 0.00000000e+00 6.39854148e-02 7.20544234e-02 9.13747549e-02]
 [1.57421809e-02 2.91447770e-02 0.00000000e+00 0.00000000e+00 3.82947810e-02 0.00000000e+00 4.90866303e-02 0.00000000e+00 0.00000000e+00 0.00000000e+00 1.13542594e-01 0.00000000e+00 1.69382337e-02 4.80615273e-02 0.00000000e+00]
 [0.00000000e+00 0.00000000e+00 0.00000000e+00 0.00000000e+00 5.96166067e-02 0.00000000e+00 0.00000000e+00 0.00000000e+00 0.00000000e+00 0.00000000e+00 6.05538525e-02 0.00000000e+00 3.23197879e-02 1.10366687e-01 3.95768136e-03]
 [0.00000000e+00 0.00000000e+00 0.00000000e+00 0.00000000e+00 7.02858344e-02 0.00000000e+00 0.00000000e+00 0.00000000e+00 6.29418418e-02 0.00000000e+00 8.18180367e-02 6.84987828e-02 3.03641446e-02 1.34604603e-01 0.00000000e+00]
 [0.00000000e+00 0.00000000e+00 0.00000000e+00 0.00000000e+00 5.02799004e-02 0.00000000e+00 0.00000000e+00 0.00000000e+00 0.00000000e+00 1.98887754e-02 1.16613753e-01 7.23628746e-03 0.00000000e+00 1.48834720e-01 0.00000000e+00]
 [0.00000000e+00 2.16455590e-02 0.00000000e+00 0.00000000e+00 3.34125273e-02 0.00000000e+00 0.00000000e+00 0.00000000e+00 3.60637940e-02 2.18253285e-02 1.83416933e-01 9.59077850e-02 0.00000000e+00 1.82901010e-01 0.00000000e+00]]
hid2:
[[ 3.14161927e-01  6.50587678e-02  3.59772384e-01 -3.72012146e-02  3.87377739e-02  3.15485895e-01  4.47499841e-01  1.33619308e-01  6.02547824e-02  1.01449057e-01  4.96722758e-02  8.91034603e-02  3.63470703e-01  1.18582509e-01  1.74107313e-01]
 [ 3.47833820e-02 -1.18456585e-02 -2.47400850e-02  1.18645258e-01 -1.60182975e-02  7.34180808e-02  1.34133203e-02  4.24133837e-02 -6.22532815e-02 -1.21437628e-02  1.16117083e-01 -9.43893380e-03  7.44427666e-02  1.68846939e-02 -4.32986766e-02]
 [ 2.45887320e-03  2.96949279e-02  5.50888991e-03  3.76869701e-02  3.90875898e-02  4.69438732e-02  3.50952670e-02 -1.89310443e-02  2.66596694e-02  6.45087361e-02  7.42239356e-02  4.90768030e-02  5.94823547e-02  1.03602052e-01  1.34116467e-02]
 [ 5.37114069e-02  2.38565030e-03  1.20797344e-02  4.42705303e-02  2.29612682e-02  5.23596182e-02  6.32480085e-02 -5.18330559e-03 -9.23739746e-04  3.56036499e-02  8.56161565e-02  9.37476847e-03  9.41166654e-02  5.48164397e-02  3.79206389e-02]
 [-5.33104921e-03  1.04964413e-02 -2.04500910e-02  3.98712680e-02  4.14410532e-02  2.80795861e-02  1.66390315e-02 -3.27841304e-02  1.31558981e-02  6.13960661e-02  7.85551071e-02  3.06225736e-02  5.07159233e-02  9.14783627e-02  2.14662477e-02]
 [ 8.73168558e-02  5.23190852e-03  5.67728058e-02  2.38625035e-02  1.42125599e-02  7.90544078e-02  1.22227646e-01  6.41229004e-03 -2.51343707e-03  3.68153229e-02  8.25750604e-02  1.08424667e-02  1.18467346e-01  4.43225503e-02  5.13439700e-02]
 [ 7.12134643e-03  2.16682516e-02 -6.66955719e-03  4.18107659e-02  3.76580209e-02  4.08951268e-02  2.40467675e-02 -1.84857417e-02  1.96071453e-02  5.62203676e-02  7.82291591e-02  3.83733399e-02  6.06458224e-02  9.11090821e-02  1.74989253e-02]
 [ 6.30178303e-02 -6.74248673e-04  2.31072512e-02  3.50383073e-02  2.06836946e-02  5.74819706e-02  8.12663287e-02 -4.95385565e-03 -3.78956087e-03  3.59009877e-02  8.60180110e-02  7.06163794e-03  9.84805673e-02  4.81313169e-02  4.37183566e-02]
 [ 1.20268703e-01  1.85256936e-02  1.00107543e-01  1.86726544e-02  1.14306258e-02  1.15499035e-01  1.66868106e-01  2.86874454e-02  2.90688919e-03  4.06748801e-02  7.84205869e-02  2.17106938e-02  1.52859122e-01  4.78872359e-02  6.17657267e-02]
 [ 3.94015312e-02 -1.27480533e-02 -3.69720124e-02  4.46911864e-02  3.70047577e-02  2.44775936e-02  7.88764097e-03 -2.12825611e-02 -5.93723869e-03  3.28519084e-02  9.09799188e-02 -4.96117026e-03  7.92609677e-02  4.29419987e-02  5.30119687e-02]
 [ 9.81498063e-02  7.13340007e-03  7.17057288e-02  2.46459544e-02  1.46510918e-02  9.23451632e-02  1.37968391e-01  1.49889905e-02 -1.21463742e-03  3.88302170e-02  8.24570134e-02  1.44817717e-02  1.30676955e-01  4.84277420e-02  5.42675704e-02]
 [ 1.91911697e-01  3.72889750e-02  2.05002174e-01  3.25913802e-02  2.48498339e-02  2.29080915e-01  2.73223370e-01  9.02392939e-02  1.62581168e-03  6.53481260e-02  8.76399055e-02  5.39864488e-02  2.43531182e-01  7.25233629e-02  8.17835182e-02]
 [ 2.57593930e-01  5.14996462e-02  2.85413057e-01 -2.66652592e-02  2.75511406e-02  2.53009319e-01  3.67666483e-01  1.02819875e-01  4.62971292e-02  8.03817511e-02  5.75338900e-02  7.02042580e-02  2.96153605e-01  9.58860070e-02  1.38136402e-01]
 [ 1.94980912e-02 -4.39858995e-04 -1.35723874e-02  3.36102583e-02  2.48132721e-02  2.34220140e-02  3.73544134e-02 -2.91643478e-02  1.28083443e-03  4.00044098e-02  8.44879895e-02  1.06321070e-02  5.64367250e-02  5.70381358e-02  2.57761888e-02]
 [ 2.63579220e-01  6.21851310e-02  2.94896245e-01 -2.96463128e-02  2.20011547e-02  2.67357320e-01  3.76968116e-01  1.07340828e-01  4.02334407e-02  8.22306946e-02  5.35992384e-02  7.23487064e-02  3.05778265e-01  8.74543041e-02  1.39681831e-01]]
topics:
[[ 1.2588139e-01 -1.0591584e-01  6.4235888e-02  7.3060095e-02 -2.6788455e-01  1.2479245e-01  1.2864830e-01  3.0089265e-01 -1.4113536e-01 -1.7839053e-01 -1.6067669e-02 -5.7590161e-02  8.0814928e-02  5.7332303e-02 -2.0130320e-01]
 [ 3.3371073e-01 -8.4380567e-01 -3.1918341e-01  9.4342548e-01  8.5091755e-02 -1.4160906e-01  1.5133883e-01  2.0462224e-01 -1.0645102e-01  3.2806590e-02  1.1886326e-01 -5.4401976e-01  6.4906216e-01  4.1164818e-01  9.4370969e-02]
 [-1.4634214e-01 -1.7988116e-01 -1.6203782e-01  2.9253410e-02  1.6241722e-01 -3.9554678e-02 -3.1881824e-02 -1.9260934e-01 -9.7115561e-02  2.1530996e-01  8.1040785e-02 -5.4116048e-02  1.1635609e-02  1.8602580e-01  1.4993154e-01]
 [-5.6178254e-01  5.2101260e-01  5.3753752e-01 -4.1478490e-03 -3.1711072e-02  2.8433371e-01  4.2061049e-01  4.2381966e-03  3.7036413e-01  4.2699748e-01 -1.4499782e-01  7.0176834e-01 -2.9588827e-01  8.8511902e-01 -6.4013118e-01]
 [ 6.7148024e-01  1.8691845e-01  8.8362193e-01 -2.2861715e-01  1.5681039e-01  6.9183147e-01  1.0317795e+00  2.3795314e-01  2.0518225e-01  2.9652858e-01 -9.8124845e-04  2.4598595e-01  7.5890756e-01  2.4330604e-01  4.7234640e-01]
 [-1.4293379e-01  6.6978115e-01 -2.2103624e-01  1.5215908e-01 -6.6928691e-01  4.8700216e-01 -2.9668608e-01  1.3663529e-01 -7.7636421e-01 -1.9933416e-01 -1.3093238e-01 -1.2197019e-01  1.0558664e-01 -9.2890394e-01 -4.1035882e-01]
 [ 6.4409822e-01 -9.2043847e-01 -2.1907254e-01  1.0011563e+00  1.6233183e-01 -3.6816159e-01 -1.2819877e-01  2.3614568e-01 -2.2484283e-01 -6.0317808e-01  4.3544364e-01 -7.7830285e-01  7.1663022e-01  3.5880408e-01  5.3443182e-01]
 [ 6.5454771e-03 -1.0392924e-02 -6.8145417e-02 -3.4117278e-02 -2.3964923e-02 -9.1645271e-02  2.2375947e-03 -7.9928443e-02  1.6998839e-02 -6.9214175e-03  4.7169123e-02 -3.4449816e-02 -7.0199668e-03  2.7640208e-03  3.4567181e-02]
 [ 3.8200536e-01  4.7443053e-01 -5.9617275e-01  1.6521640e-01  2.8375658e-01 -7.9867318e-02 -1.2052554e+00  2.5542942e-01  4.4969597e-01 -3.0175295e-01  1.6447352e-01  1.3911371e-01  3.1609324e-01 -2.9001200e-01  3.4852812e-01]
 [-2.3729518e-02  3.0179750e-02 -2.9684648e-02  9.5631674e-02  6.8767510e-02  5.0800037e-02  5.1305061e-03 -6.4632729e-02 -2.5581012e-02  3.7084445e-02  2.0576629e-01  3.9576702e-02 -9.1882870e-03 -3.4174562e-02 -4.7632746e-02]]
R:
[[0.14104864 0.01727657 0.01727657 0.01727657 0.4331868  0.01727657 0.01727657 0.14480561 0.01727657 0.17729956]
 [0.2150606  0.02520573 0.10317974 0.02520573 0.02520573 0.03945731 0.02520573 0.02520573 0.03234904 0.4839247 ]
 [0.06867572 0.01048349 0.19407776 0.08167522 0.06239794 0.01048349 0.01048349 0.29184544 0.05407903 0.21579841]
 [0.08076923 0.01677828 0.13003765 0.03031465 0.08478066 0.01814753 0.01677828 0.3326498  0.03342536 0.25631857]
 [0.06267305 0.01042947 0.22333646 0.06456905 0.04683545 0.01042947 0.01042947 0.3095045  0.04871867 0.21307439]
 [0.09109433 0.01287227 0.08631618 0.01287227 0.12477742 0.01740417 0.01287227 0.361036   0.01510189 0.26565313]
 [0.07447813 0.01114617 0.19394602 0.06943472 0.05703085 0.01114617 0.01114617 0.29162565 0.05489153 0.2251546 ]
 [0.08530033 0.01395315 0.12022642 0.01925132 0.09511884 0.01592455 0.01395315 0.34691703 0.02476271 0.26459244]
 [0.10187182 0.0141798  0.05959627 0.0141798  0.16659243 0.02211388 0.0141798  0.32697934 0.01497484 0.26533198]
 [0.08032957 0.01254819 0.19777553 0.01254819 0.05848246 0.01254819 0.01254819 0.32350925 0.05001531 0.2396951 ]
 [0.09869902 0.01389122 0.0819938  0.01389122 0.13851322 0.01773158 0.01389122 0.33463243 0.01499818 0.27175814]
 [0.16030703 0.01915866 0.07151911 0.01915866 0.26814634 0.03086311 0.01915866 0.01915866 0.01915866 0.37337115]
 [0.13605809 0.01396557 0.01396557 0.01396557 0.35262898 0.01396557 0.01396557 0.22206882 0.01396557 0.20545062]
 [0.06866564 0.01008708 0.1491475  0.03378119 0.05291313 0.01008708 0.01008708 0.38778964 0.02896553 0.24847612]
 [0.13286176 0.013389   0.013389   0.013389   0.36494023 0.02537304 0.013389   0.21244161 0.013389   0.19743834]]
distance_matrix:
[[1.8213882  9.148441   8.684527   7.570548   9.087707   6.4304094  8.7460985  7.2484055  5.417703   8.450234   6.084258   3.5431767  2.4349675  8.563871   2.2946548 ]
 [1.4414701  8.343405   7.835311   6.7879114  8.229672   5.694483   7.8996916  6.478098   4.7311897  7.6393313  5.3665743  2.9891977  1.9598365  7.7286563  1.830245  ]
 [0.8879442  5.068451   4.674898   3.8004146  4.9464283  2.995996   4.7019377  3.5634873  2.3360848  4.4351277  2.7687304  1.3441749  0.8524499  4.5064073  0.8148575 ]
 [2.7747383  0.9161056  0.78211105 0.394359   0.82315165 0.23234391 0.7536045  0.32462943 0.22470665 0.5984434  0.21670866 0.7648709  1.5375772  0.57385135 1.6956072 ]
 [2.8540998  0.9492196  0.7976378  0.4547999  0.86664134 0.32766652 0.7746718  0.40738893 0.31154263 0.66591835 0.30963302 0.844327   1.6227384  0.6509148  1.7811012 ]
 [2.368753   1.3607719  1.1638234  0.6789957  1.2326715  0.41792548 1.1361573  0.5805205  0.32558703 0.9334922  0.37929034 0.71839154 1.2766733  0.92389596 1.4100385 ]
 [4.3074055  0.4696154  0.21794116 0.1341052  0.2008565  0.26558185 0.18948734 0.15825939 0.48036122 0.16076863 0.31839192 1.4954734  2.7067664  0.14121506 2.931437  ]
 [3.493917   0.5890814  0.47620487 0.20969069 0.47864884 0.1982696  0.4374547  0.18715477 0.30192995 0.30883348 0.21504486 1.0580503  2.0768847  0.3164738  2.270247  ]
 [3.5940735  0.7615549  0.51057404 0.28465122 0.5338365  0.27703446 0.4862427  0.2688164  0.38139945 0.41398984 0.2987699  1.2086062  2.1655061  0.3763974  2.359352  ]
 [4.5222273  0.51631796 0.30435538 0.19332874 0.27129316 0.32368767 0.26657128 0.21104282 0.5605737  0.2038967  0.3846768  1.6445129  2.8738391  0.18086645 3.1098492 ]
 [4.6445327  0.538907   0.22330499 0.17129683 0.20519513 0.335567   0.1980735  0.20690882 0.5866982  0.19747013 0.40309072 1.7414347  2.9688668  0.14324078 3.2107427 ]
 [4.983613   0.5646513  0.17105246 0.2368114  0.15352374 0.47577912 0.1540662  0.29948473 0.76214314 0.21593928 0.5511532  1.9472964  3.2681036  0.17922905 3.5209818 ]
 [5.2861958  0.8944542  0.28173602 0.5123794  0.3100224  0.8136798  0.29406548 0.60811925 1.1021268  0.49765408 0.88690424 2.2743065  3.5851731  0.44013342 3.8527484 ]
 [4.950521   0.7284082  0.250197   0.34539777 0.23800802 0.5701638  0.24146599 0.40064865 0.8488168  0.32360834 0.6403069  1.9917142  3.2663167  0.2804238  3.52761   ]
 [5.3326507  1.0710716  0.43493545 0.68142617 0.46832353 0.99319804 0.4499787  0.7842065  1.2681576  0.6613823  1.0584885  2.3669932  3.676236   0.62985015 3.9440556 ]]
