hid1:
[[4.1509107e-02 0.0000000e+00 4.9934890e-02 0.0000000e+00 0.0000000e+00 3.0849436e-01 0.0000000e+00 1.6044435e-01 0.0000000e+00 1.9487981e-01 0.0000000e+00 0.0000000e+00 0.0000000e+00 0.0000000e+00 0.0000000e+00]
 [9.4895996e-02 0.0000000e+00 2.0587793e-02 0.0000000e+00 0.0000000e+00 1.0993680e-01 0.0000000e+00 1.8179080e-01 0.0000000e+00 1.5121360e-01 0.0000000e+00 0.0000000e+00 0.0000000e+00 0.0000000e+00 0.0000000e+00]
 [2.0626868e-01 0.0000000e+00 0.0000000e+00 0.0000000e+00 0.0000000e+00 1.4979805e-01 0.0000000e+00 9.3329221e-02 0.0000000e+00 0.0000000e+00 0.0000000e+00 0.0000000e+00 0.0000000e+00 0.0000000e+00 0.0000000e+00]
 [0.0000000e+00 0.0000000e+00 0.0000000e+00 0.0000000e+00 0.0000000e+00 0.0000000e+00 0.0000000e+00 8.4137340e-04 0.0000000e+00 3.5504196e-02 0.0000000e+00 0.0000000e+00 0.0000000e+00 0.0000000e+00 0.0000000e+00]
 [0.0000000e+00 0.0000000e+00 0.0000000e+00 0.0000000e+00 0.0000000e+00 3.3840768e-02 4.5096544e-03 0.0000000e+00 0.0000000e+00 1.5638126e-01 0.0000000e+00 0.0000000e+00 4.7327291e-02 0.0000000e+00 0.0000000e+00]
 [1.4697793e-01 0.0000000e+00 0.0000000e+00 0.0000000e+00 0.0000000e+00 0.0000000e+00 0.0000000e+00 1.2360476e-01 0.0000000e+00 0.0000000e+00 1.5353763e-01 0.0000000e+00 0.0000000e+00 0.0000000e+00 0.0000000e+00]
 [0.0000000e+00 0.0000000e+00 0.0000000e+00 0.0000000e+00 0.0000000e+00 1.6063246e-05 0.0000000e+00 0.0000000e+00 0.0000000e+00 5.7445951e-02 0.0000000e+00 0.0000000e+00 3.8142090e-03 0.0000000e+00 2.2235241e-02]
 [0.0000000e+00 0.0000000e+00 0.0000000e+00 0.0000000e+00 0.0000000e+00 5.9798259e-02 0.0000000e+00 1.3888947e-02 0.0000000e+00 0.0000000e+00 0.0000000e+00 0.0000000e+00 0.0000000e+00 0.0000000e+00 0.0000000e+00]
 [2.5819922e-02 0.0000000e+00 0.0000000e+00 0.0000000e+00 0.0000000e+00 0.0000000e+00 0.0000000e+00 2.6088478e-02 0.0000000e+00 0.0000000e+00 3.3081062e-02 0.0000000e+00 0.0000000e+00 0.0000000e+00 0.0000000e+00]
 [0.0000000e+00 0.0000000e+00 0.0000000e+00 0.0000000e+00 6.2678985e-02 0.0000000e+00 2.5341699e-02 0.0000000e+00 0.0000000e+00 0.0000000e+00 0.0000000e+00 0.0000000e+00 0.0000000e+00 0.0000000e+00 0.0000000e+00]
 [0.0000000e+00 0.0000000e+00 0.0000000e+00 0.0000000e+00 1.7330663e-02 0.0000000e+00 1.2863903e-01 4.0760055e-02 0.0000000e+00 0.0000000e+00 4.9038702e-03 0.0000000e+00 4.8426114e-02 4.1101661e-02 0.0000000e+00]
 [0.0000000e+00 0.0000000e+00 0.0000000e+00 0.0000000e+00 0.0000000e+00 0.0000000e+00 5.2503210e-02 0.0000000e+00 0.0000000e+00 0.0000000e+00 0.0000000e+00 7.5736397e-04 0.0000000e+00 9.3002088e-02 0.0000000e+00]
 [0.0000000e+00 0.0000000e+00 0.0000000e+00 0.0000000e+00 1.1078108e-01 0.0000000e+00 7.1962461e-02 0.0000000e+00 0.0000000e+00 0.0000000e+00 0.0000000e+00 0.0000000e+00 9.9427328e-03 3.5054620e-02 0.0000000e+00]
 [0.0000000e+00 0.0000000e+00 0.0000000e+00 3.0777968e-02 9.5031954e-02 0.0000000e+00 4.3860409e-02 8.2453014e-03 0.0000000e+00 1.0297945e-02 5.1233537e-02 4.5382511e-02 5.0767861e-02 0.0000000e+00 7.9019971e-02]
 [0.0000000e+00 0.0000000e+00 0.0000000e+00 0.0000000e+00 2.1510120e-01 0.0000000e+00 1.7500123e-01 0.0000000e+00 0.0000000e+00 0.0000000e+00 0.0000000e+00 0.0000000e+00 8.5982509e-02 1.4674972e-01 8.0369160e-02]]
hid2:
[[ 0.02041876 -0.02460474 -0.04011344  0.01938867  0.01919255  0.03967019  0.06943734 -0.02128919 -0.01301056  0.01792759  0.036341   -0.00740826  0.03434534  0.03557027  0.03273993]
 [-0.00428492 -0.03003503 -0.03971398  0.06320593  0.02850685  0.05440348  0.01294116 -0.00713473 -0.04873326  0.02545836  0.07633873  0.00075998  0.02210572  0.01055516  0.00526794]
 [ 0.01446004 -0.02339819 -0.04369596  0.01016835  0.01281094  0.0119628   0.04481558 -0.02568554 -0.00958094  0.01370296  0.03116441 -0.00876898  0.02351812  0.02637407  0.04050462]
 [ 0.01517272 -0.02234096 -0.03998251  0.01706475  0.01498123  0.02545266  0.05618101 -0.02253915 -0.01234396  0.01655049  0.03517618 -0.00674544  0.02630262  0.03134627  0.03356381]
 [ 0.02057792 -0.02641492 -0.04266832  0.00323487  0.01074439  0.01168511  0.06152384 -0.02796673 -0.00565019  0.01256485  0.02444116 -0.01183704  0.0289331   0.02926946  0.04786311]
 [ 0.01135642 -0.02422796 -0.04227221  0.01806306  0.01444098  0.01828085  0.04132711 -0.02258228 -0.01550165  0.0156211   0.03769486 -0.00703009  0.02281366  0.02447907  0.03472322]
 [ 0.00964435 -0.02161866 -0.04052699  0.00946591  0.01293493  0.00897828  0.04138885 -0.02719205 -0.010158    0.01640099  0.03405249 -0.0046663   0.0178392   0.02216578  0.04013008]
 [ 0.01922827 -0.02304994 -0.03999427  0.01749109  0.01778835  0.03183822  0.06125678 -0.02250913 -0.01208535  0.0162305   0.03660948 -0.00705702  0.03085895  0.02996594  0.03494142]
 [ 0.01569065 -0.02250956 -0.04278268  0.01581989  0.01276351  0.01596357  0.0461004  -0.02319461 -0.01174595  0.01279103  0.03348735 -0.00973917  0.02519012  0.02735789  0.03664001]
 [ 0.02119595 -0.03229899 -0.04579346  0.01122236  0.00998778  0.01187982  0.05126765 -0.0238453  -0.01359805  0.00924751  0.02883584 -0.01636178  0.0323575   0.02315333  0.0469186 ]
 [ 0.01534883 -0.02344264 -0.04044797  0.01540456  0.01453877  0.02657159  0.05975743 -0.02246944 -0.01172016  0.01715736  0.03306963 -0.0070035   0.02711009  0.03458661  0.0337581 ]
 [ 0.02592276 -0.02555305 -0.03415469  0.04938672  0.02402693  0.07795585  0.07874055 -0.0039202  -0.02988234  0.01738608  0.0551429  -0.00648719  0.04607747  0.03682391  0.00935618]
 [ 0.02441931 -0.02773142 -0.04593856  0.00614525  0.01067379  0.01282101  0.06187184 -0.02676306 -0.00609105  0.00971728  0.02288879 -0.01646672  0.03374202  0.03218267  0.04784017]
 [ 0.01822118 -0.0267544  -0.04372668  0.00603053  0.00951249  0.01163518  0.05839799 -0.02602796 -0.00754132  0.01280255  0.0243016  -0.01237149  0.02770972  0.03282766  0.04409705]
 [ 0.02340133 -0.02928427 -0.03897653  0.00090645  0.01059402  0.01451077  0.06402384 -0.02661941 -0.00767069  0.01142089  0.02782231 -0.00973049  0.03054027  0.018549    0.0516188 ]]
topics:
[[ 1.09181017e-01 -9.11986753e-02  3.24040167e-02  5.95268607e-02 -2.25904226e-01  1.07257709e-01  1.03915803e-01  2.68158466e-01 -1.15761623e-01 -1.50162503e-01 -2.85025779e-02 -4.21890542e-02  6.67436793e-02  5.74521497e-02 -1.51419744e-01]
 [ 1.05615035e-02 -6.71152353e-01 -2.19638541e-01  8.90236080e-01 -6.64915964e-02 -6.05670884e-02  1.21173851e-01  2.19938114e-01  1.10349841e-02  9.35544670e-02  9.24293771e-02 -1.11082137e-01  5.07901073e-01  1.58149257e-01  5.24907522e-02]
 [-1.38402104e-01 -1.60392776e-01 -1.56928793e-01  2.38360595e-02  1.09741300e-01 -2.47073378e-02 -3.39913107e-02 -1.40004128e-01 -8.30916241e-02  1.53124109e-01  4.16305959e-02 -3.42491344e-02  1.03004389e-02  9.90140364e-02  1.20475553e-01]
 [-3.36449981e-01  3.90526354e-01 -9.03612375e-02 -1.07047036e-02  3.85563727e-03  8.53172317e-02  2.73535788e-01 -7.52605572e-02  2.94240087e-01  2.92983502e-01 -2.77798563e-01  1.57372326e-01 -3.04425269e-01  1.12239718e+00 -4.89779145e-01]
 [ 5.84633529e-01 -1.76695377e-01  5.39695239e-03 -2.38436714e-01  2.76748780e-02  4.43228215e-01  1.14317715e+00 -3.35751064e-02  1.84568718e-01 -1.14850543e-01 -2.25558519e-01 -1.90179676e-01  5.72048426e-01  1.69753164e-01  3.54252815e-01]
 [-2.26937607e-02  5.68970084e-01 -2.56030053e-01  1.03760183e-01 -2.73448318e-01  1.61900446e-01 -4.30049598e-01 -1.49952650e-01 -9.32765007e-01  3.80710959e-02 -5.51617779e-02 -6.92555547e-01  2.89524440e-02 -1.03425331e-01 -3.96993935e-01]
 [ 6.57443166e-01 -8.04692209e-01 -2.56644756e-01  7.21851587e-01  7.48314559e-02 -2.62578785e-01 -3.11336387e-02  3.22432071e-01 -1.62070632e-01 -8.50246489e-01  2.72244245e-01 -6.83885753e-01  6.18513167e-01 -8.43259394e-02  4.50143337e-01]
 [-5.29073412e-03 -1.84301548e-02 -4.97473776e-02 -4.74215150e-02 -2.27256492e-03 -7.11447820e-02  7.80975493e-03 -5.46575189e-02  1.89037044e-02  1.41510917e-02  2.80299311e-04 -3.38411611e-03 -1.22144092e-02  1.27322208e-02  7.95664042e-02]
 [ 3.72406751e-01  2.27939337e-01 -5.18875718e-01  1.16349556e-01  3.94889057e-01 -1.21784702e-01 -7.47037530e-01 -2.33116701e-01  2.52597213e-01 -2.59780735e-01  9.12745073e-02 -2.76988268e-01  3.13589513e-01 -1.41506493e-01  2.43904069e-01]
 [-1.34015428e-02  1.76588241e-02 -4.95923497e-03  6.47380650e-02  5.98491989e-02  6.91387132e-02  1.83628444e-02 -3.22641507e-02 -2.95720752e-02  4.66827787e-02  1.16319947e-01  4.19758335e-02 -4.83628083e-03 -3.09226625e-02  3.83261405e-03]]
R:
[[0.09758418 0.00450964 0.09956553 0.02052577 0.05106128 0.00450964 0.00450964 0.2788559  0.01307681 0.42580175]
 [0.15109941 0.00522799 0.17362994 0.00522799 0.00522799 0.00522799 0.00522799 0.00522799 0.0187513  0.6251514 ]
 [0.08258811 0.00527199 0.07237453 0.01398952 0.03210382 0.00527199 0.00527199 0.4375348  0.01280912 0.33278403]
 [0.08683418 0.00579751 0.07697551 0.01900208 0.0384311  0.00579751 0.00579751 0.3594859  0.00989437 0.39198428]
 [0.0699876  0.00626529 0.06345592 0.01411592 0.04472198 0.00626529 0.00626529 0.48010767 0.00766706 0.30114803]
 [0.09178528 0.0055024  0.08451404 0.01320679 0.02811939 0.0055024  0.0055024  0.3764217  0.01217179 0.3772738 ]
 [0.07295049 0.00477445 0.06352055 0.01195057 0.02653362 0.00477445 0.00477445 0.45492393 0.00796601 0.3478315 ]
 [0.09021186 0.00483396 0.08398356 0.01728507 0.04473607 0.00483396 0.00483396 0.32535937 0.01282216 0.41110003]
 [0.08393285 0.00703086 0.06643403 0.01623847 0.03245871 0.00703086 0.00703086 0.41046306 0.01242378 0.35695657]
 [0.08600546 0.00804635 0.0812185  0.00804635 0.03916899 0.00804635 0.00804635 0.44646108 0.01100275 0.30395782]
 [0.0904089  0.00527321 0.08431723 0.02039116 0.04103362 0.00527321 0.00527321 0.35628292 0.00972166 0.38202497]
 [0.14568354 0.00630602 0.12755504 0.02435046 0.05714798 0.00630602 0.00630602 0.00630602 0.01743443 0.6026045 ]
 [0.07449929 0.0079982  0.06679066 0.01612921 0.04760079 0.0079982  0.0079982  0.46894002 0.01164988 0.29039556]
 [0.07762637 0.00683793 0.07016459 0.01692574 0.04139207 0.00683793 0.00683793 0.46744484 0.00806814 0.29786447]
 [0.07474115 0.00424577 0.06381106 0.00424577 0.04680947 0.00424577 0.00424577 0.47326618 0.0058218  0.31856725]]
distance_matrix:
[[4.3126726  4.3291936  4.617859   4.4752197  4.642627   4.5404816  4.675712   4.4038477  4.5855722  4.610116   4.451406   4.0729027  4.6196675  4.6275964  4.6277814 ]
 [2.6084616  2.638307   2.872486   2.7474043  2.8993943  2.8028448  2.9236531  2.6845965  2.8422544  2.867245   2.7285652  2.4124403  2.8786182  2.8862867  2.8852248 ]
 [3.010624   3.0840669  3.24427    3.1413352  3.2726774  3.1882117  3.3030493  3.0785117  3.220878   3.2387967  3.1228976  2.8579178  3.2458112  3.2612748  3.2611136 ]
 [0.2988487  0.49655122 0.2787572  0.27580172 0.2995003  0.27122402 0.2825629  0.2838468  0.27571028 0.287198   0.27751493 0.4672649  0.30084425 0.29175454 0.30583084]
 [0.4918277  0.68163157 0.47213954 0.46822375 0.49674392 0.46315998 0.4709949  0.47586966 0.47148728 0.48998415 0.4701149  0.6608056  0.5045467  0.49036562 0.49773663]
 [0.96043944 1.1052499  0.9135801  0.9239336  0.9504331  0.9029971  0.90938437 0.9366307  0.9171833  0.932417   0.9277023  1.1466056  0.96009374 0.9414798  0.94864047]
 [0.30376616 0.5058191  0.25586486 0.26413193 0.2795163  0.25259647 0.25241062 0.2782707  0.25541043 0.26989904 0.26910335 0.5022155  0.28579494 0.2734483  0.28355414]
 [0.32291758 0.5381136  0.30065316 0.299855   0.32125896 0.29629675 0.30477893 0.30646724 0.29915428 0.31334567 0.3016664  0.49666846 0.32374743 0.31534043 0.32510546]
 [0.40667748 0.61579233 0.36142778 0.37340027 0.3836739  0.36005408 0.36164403 0.3826589  0.36496127 0.3715424  0.3767993  0.60689676 0.38955995 0.3797053  0.38042438]
 [0.3559364  0.5791572  0.2964595  0.30900466 0.31777984 0.297616   0.2908383  0.3263117  0.29641354 0.31273484 0.31513947 0.57316756 0.32468647 0.31268883 0.324919  ]
 [0.2848743  0.5162976  0.24395719 0.25161314 0.2604247  0.24424726 0.24632251 0.26288632 0.24392012 0.2510058  0.25432974 0.48259848 0.26295784 0.25488532 0.26428866]
 [0.36556503 0.6654216  0.3058286  0.32491088 0.31111404 0.31867957 0.30823678 0.3410339  0.31326887 0.31235185 0.32437906 0.61528015 0.31543082 0.306499   0.31958973]
 [0.73519754 1.0919695  0.6805333  0.6993536  0.6689392  0.70055366 0.68494594 0.71148694 0.68883705 0.67523086 0.697953   0.99653697 0.67240775 0.6702175  0.6706636 ]
 [0.48105475 0.7972897  0.44517207 0.4549989  0.4422005  0.4572285  0.45257193 0.46244022 0.4495349  0.4434005  0.45393047 0.7059034  0.4431057  0.44160733 0.44459477]
 [0.94266075 1.3005306  0.89064837 0.90800047 0.8783924  0.9108243  0.8991313  0.9203889  0.89547527 0.8816885  0.90707487 1.2000601  0.87550306 0.87801003 0.88923573]]
