hid1:
[[0.3220428  0.08071347 0.5108828  0.         0.30286127 0.18750499 0.5996368  0.         0.2194436  0.21939312 0.         0.30789447 0.4286384  0.         0.21954615]
 [0.36932614 0.20348819 0.61729914 0.         0.30752617 0.30107033 0.8873734  0.20000657 0.23858441 0.25252098 0.         0.28336126 0.42893296 0.07978199 0.29992852]
 [0.27110046 0.         0.         0.         0.27233097 0.         0.7381517  0.         0.05497367 0.         0.         0.45106232 0.30860382 0.05636893 0.28652233]
 [0.26026842 0.18739074 0.286274   0.06029752 0.21283965 0.29198793 0.45230377 0.27779254 0.23152582 0.202398   0.15656716 0.21043041 0.2701658  0.19644806 0.18501775]
 [0.2591559  0.12395725 0.2252528  0.07435274 0.2028506  0.20093997 0.4083591  0.23677333 0.20607933 0.2214962  0.11656252 0.1219416  0.30857462 0.16807191 0.14157182]
 [0.2541433  0.08816198 0.18201597 0.04412387 0.20269029 0.30223036 0.15174763 0.21621774 0.19754647 0.06657645 0.1060781  0.         0.21081558 0.         0.        ]
 [0.2056908  0.15332097 0.12538202 0.00912824 0.23436838 0.2577287  0.29458177 0.27918434 0.20203352 0.12954223 0.12516426 0.2474755  0.23647146 0.21091786 0.17070886]
 [0.26313087 0.14561933 0.19218598 0.05578659 0.20559563 0.29119048 0.37252384 0.26533845 0.22428876 0.15844524 0.0934042  0.2109834  0.23915684 0.21310222 0.13906266]
 [0.27961853 0.         0.06675499 0.00249376 0.19352952 0.10619968 0.         0.26365393 0.18379052 0.         0.         0.         0.29606745 0.         0.        ]
 [0.1926623  0.12212324 0.06566525 0.14954646 0.17637418 0.23309653 0.12873636 0.34324455 0.1871621  0.07767356 0.19660039 0.2161013  0.19334863 0.27044663 0.17008242]
 [0.19981249 0.15359735 0.11995041 0.13274021 0.16301367 0.23389849 0.09903923 0.30057007 0.20257132 0.08454722 0.14863187 0.18260342 0.19345605 0.26169086 0.13918947]
 [0.21348615 0.13904314 0.14608723 0.11481953 0.16286008 0.25330612 0.13348173 0.25935006 0.2122785  0.09953586 0.16125722 0.14635755 0.21447349 0.2593293  0.11714095]
 [0.         0.         0.         0.14220601 0.         0.         0.         0.         0.         0.         0.2409668  0.         0.         0.         0.        ]
 [0.11683481 0.05886097 0.         0.15045899 0.14844956 0.1171845  0.         0.3175634  0.2195512  0.01040649 0.15810812 0.15876128 0.10667303 0.32748216 0.05490339]
 [0.         0.         0.         0.10496859 0.         0.         0.         0.         0.         0.         0.28881094 0.         0.         0.14682968 0.11644878]]
hid2:
[[ 0.13073158  0.1010031   0.23006783  0.07456317  0.06936467  0.1339063   0.3741241   0.08432987  0.03083334  0.13154064  0.12508513  0.09066882  0.15458834  0.0489778   0.12924999]
 [ 0.06757143  0.05568805 -0.058685    0.14003482  0.0886168   0.0151039  -0.0164448   0.11332406  0.0955763   0.00353686  0.15058047  0.14865142  0.03914652  0.3384343   0.05301794]
 [ 0.12005479  0.10114975  0.13087338  0.09154058  0.08054711  0.08886876  0.23324479  0.1077107   0.07296836  0.08213402  0.13874432  0.13141596  0.11150362  0.17386559  0.10797614]
 [ 0.13196345  0.11879791  0.12974617  0.10364702  0.09688563  0.08834609  0.22968826  0.12410418  0.09483845  0.0826551   0.15373252  0.15622431  0.11527827  0.21920353  0.11952688]
 [ 0.00791034 -0.01977474 -0.00633536  0.03960657  0.02082903  0.02137962  0.06725112 -0.00769063 -0.01333335  0.0451977   0.06668111  0.01832496  0.03063377  0.04501088  0.03323185]
 [ 0.13637313  0.11048018  0.2603447   0.05563077  0.07299837  0.14441147  0.41145867  0.0769483   0.03093937  0.15057197  0.12411695  0.09324576  0.16166979  0.02007734  0.14384393]
 [ 0.09815197  0.08246701  0.12144744  0.07217975  0.07206377  0.08277949  0.22256225  0.07481948  0.05268228  0.08715504  0.12480731  0.10745608  0.09885469  0.121057    0.09888978]
 [ 0.16388631  0.14689906  0.25828254  0.07764702  0.09846833  0.14926368  0.39746192  0.12241368  0.07450635  0.14265817  0.15561168  0.14869419  0.16570786  0.11502434  0.15666851]
 [ 0.09643766  0.07590321  0.12172177  0.08173598  0.06831261  0.08554813  0.22695175  0.07507421  0.04397023  0.08569338  0.12336063  0.09784558  0.1034324   0.1163665   0.09457768]
 [ 0.07035872  0.04826093  0.06980044  0.06798268  0.0513038   0.05717845  0.15898344  0.05489528  0.03416963  0.06253537  0.10456651  0.07891467  0.07435288  0.10946457  0.07119344]
 [ 0.12334456  0.10497185  0.17187002  0.07920599  0.08004142  0.10868357  0.28787282  0.09556647  0.05879521  0.10526366  0.13642709  0.12081258  0.12544192  0.12080874  0.11769446]
 [ 0.08082423  0.06325112  0.05617436  0.1112591   0.07498558  0.07415906  0.13449404  0.0916793   0.05068805  0.05554131  0.14106052  0.11481458  0.07909344  0.18949383  0.06703378]
 [ 0.03206136  0.00611019  0.01280018  0.05896548  0.03331135  0.03285444  0.08873435  0.0226516   0.00784435  0.04474272  0.08457445  0.04527877  0.04525216  0.08631855  0.04312813]
 [ 0.00969176 -0.0185294  -0.01863257  0.05283309  0.01813213  0.01853252  0.04951967  0.00206422 -0.01037584  0.03085517  0.06986515  0.02134679  0.02744623  0.0604381   0.02130289]
 [ 0.05923931  0.03573998  0.0530679   0.07071182  0.04749182  0.05467899  0.13744351  0.04911012  0.02481718  0.05715979  0.10289358  0.070936    0.06686821  0.10705986  0.06059432]]
topics:
[[ 0.09158508 -0.11410052  0.04507048  0.05810717 -0.2456271   0.1104761   0.08867893  0.2460338  -0.13196637 -0.16068059 -0.02598096 -0.06782914  0.05916968  0.02997489 -0.17455071]
 [ 0.14458166 -0.25075123 -0.26608077  0.8915553   0.03853282 -0.14231704 -0.13493507  0.20434828 -0.17910329  0.22173923  0.13416964 -0.40293157  0.7959142  -0.06338637  0.10167758]
 [-0.1577787  -0.17945537 -0.16300981  0.02863041  0.105533   -0.02618167 -0.07076941 -0.18803406 -0.09953198  0.16846292  0.06574285 -0.06850934 -0.00640728  0.07519604  0.11446094]
 [-0.54482484  0.38132173  0.3229682   0.04966858 -0.00626341  0.07168321  0.4159595  -0.13842648  0.20313156  0.296614   -0.24762763  0.26452598 -0.44983453  0.10745564 -0.6685295 ]
 [ 0.35457683  0.35118362  0.7873935   0.03380379  0.18259318  0.39775324  1.079621    0.19142705  0.0947233   0.3907884   0.23455408  0.2327461   0.3943699  -0.10865752  0.3622442 ]
 [ 0.01083971  0.37280104 -0.07248512  0.06188061 -0.42074412  0.35229486  0.2649834   0.14361846 -0.49706912 -0.24473466 -0.13091943 -0.00977224 -0.11009061  0.33172977 -0.4184213 ]
 [ 0.5325564  -0.97982275 -0.26653293  0.79986393  0.04855365 -0.24353513 -0.08801739  0.14108244 -0.13069376 -0.7854999   0.38853472 -0.6949046   0.44889188 -0.0242849   0.4664076 ]
 [-0.01265745 -0.03770101 -0.06651772 -0.05630915 -0.01786782 -0.07819666 -0.00543522 -0.06453038  0.01511964  0.01392366 -0.00946546 -0.0104487  -0.02009083  0.00537493  0.04284608]
 [ 0.31540635  0.42977557 -0.15526253  0.27649125  0.38872477 -0.09311257 -0.2085458   0.44659337  0.6165436  -0.04195976  0.40165395  0.6918819   0.04675715  1.3151295   0.29440275]
 [-0.03209524 -0.00755977 -0.03154224  0.06162503  0.04743887  0.0594277   0.00244052 -0.04807541 -0.03936379  0.04212763  0.11419787  0.0329938  -0.01040455 -0.03964134 -0.03425137]]
R:
[[0.08343395 0.02336516 0.08957448 0.02336516 0.34711754 0.02336516 0.02336516 0.19136249 0.05606003 0.13899082]
 [0.14862305 0.02164412 0.16118899 0.02164412 0.02164412 0.02164412 0.02164412 0.02164412 0.25000376 0.3103194 ]
 [0.1103683  0.01774578 0.07940005 0.01774578 0.23303066 0.01774578 0.01774578 0.1641152  0.14493129 0.19717136]
 [0.10242305 0.01850447 0.08092718 0.01850447 0.23671886 0.01850447 0.01850447 0.13356419 0.17959289 0.1927559 ]
 [0.0962183  0.01095523 0.14903978 0.01095523 0.06695671 0.01095523 0.01095523 0.3313783  0.03318212 0.2794039 ]
 [0.06963252 0.01681398 0.08313289 0.01681398 0.38209957 0.01681398 0.01681398 0.22832093 0.03900349 0.1305546 ]
 [0.08380906 0.01407132 0.07925026 0.01407132 0.2195699  0.01407132 0.01407132 0.21356584 0.10638361 0.24113598]
 [0.09474692 0.01315979 0.0704487  0.01315979 0.38162586 0.01315979 0.01315979 0.1319154  0.11342663 0.15519732]
 [0.08858385 0.01942876 0.09195294 0.01942876 0.22055417 0.01942876 0.01942876 0.188529   0.10046426 0.23220079]
 [0.09602732 0.01597391 0.08764736 0.01597391 0.15667719 0.01597391 0.01597391 0.25849444 0.09107407 0.246184  ]
 [0.0938422  0.0158571  0.07716858 0.0158571  0.27883536 0.0158571  0.0158571  0.16983038 0.1096613  0.20723379]
 [0.13684513 0.01818219 0.13395557 0.01818219 0.14279944 0.01818219 0.01818219 0.01818219 0.15057014 0.34491873]
 [0.10383353 0.01462108 0.12591282 0.01462108 0.08938364 0.01462108 0.01462108 0.27778307 0.06678482 0.27781776]
 [0.1030032  0.01511692 0.12208824 0.01511692 0.04848792 0.01511692 0.01511692 0.3070255  0.04480679 0.31412068]
 [0.10771129 0.01564785 0.10796451 0.01564785 0.13625072 0.01564785 0.01564785 0.22285585 0.08724287 0.2753834 ]]
distance_matrix:
[[ 7.1617274 16.496876   9.427558   9.519881  14.119115   6.7692027  9.692028   6.7999606  9.611245  11.2442665  8.404887  11.875482  13.274088  14.701398  11.833458 ]
 [ 8.255768  20.780136  11.600791  11.622177  18.124191   7.4994884 12.028475   7.4459586 11.959667  14.258963  10.128073  14.973682  17.015562  18.887005  15.063997 ]
 [ 7.2130585  9.019446   6.890559   7.077733   7.624502   7.609475   6.8189526  7.6489496  6.753927   6.9264755  6.8966227  7.1490927  7.3440185  7.8320327  7.005303 ]
 [ 2.4099813  9.227436   3.6341689  3.4986916  8.5374565  2.2369332  4.1018367  1.7035279  4.08449    5.568376   2.9959514  5.6581173  7.534064   8.972077   6.0964437]
 [ 2.28468    7.019269   2.8142226  2.7360554  6.4292073  2.3450637  3.1477637  1.8977513  3.1234813  4.156088   2.4614198  4.2106304  5.6204915  6.7507386  4.5368824]
 [ 2.5899367  4.57053    2.1667225  2.2435951  3.6559422  2.9143496  2.2143602  2.6860328  2.2241068  2.520944   2.1759298  2.7081559  3.2105045  3.8446548  2.693067 ]
 [ 2.021171   5.8055644  2.1642811  2.039979   5.6573467  2.1738296  2.5391965  1.5905547  2.5347795  3.4489179  1.9627006  3.3925722  4.8312488  5.9166036  3.8009753]
 [ 2.146604   7.002813   2.6617482  2.5291624  6.6854935  2.1900506  3.0744739  1.6197934  3.0660448  4.180747   2.3121793  4.1932917  5.7841477  6.992951   4.604247 ]
 [ 4.16233    4.160637   3.1717339  3.4205937  2.7895417  4.726592   2.965541   4.802446   2.9365866  2.6796713  3.4223788  2.9168406  2.678188   2.8890755  2.6413717]
 [ 3.1028376  3.7326527  2.0362837  1.7839475  4.9031262  3.5624504  2.4978333  2.6044674  2.536829   3.0548615  2.3056967  2.5797732  4.079738   4.989405   3.2702374]
 [ 2.994286   3.7665405  1.993015   1.754734   4.8322024  3.4475818  2.438027   2.5335774  2.4687867  2.9940066  2.2406094  2.5555904  4.0186076  4.921309   3.2129478]
 [ 3.0258965  4.532667   2.306967   2.0663128  5.4650564  3.4075398  2.7716718  2.5206056  2.7886271  3.4596195  2.4453351  3.0398166  4.6139364  5.6004252  3.7143855]
 [ 3.912164   2.7606113  2.4992137  2.8121953  1.2288969  4.5573564  2.121626   4.6919756  2.1357656  1.5762255  2.8648655  1.8180674  1.263547   1.2510698  1.4434261]
 [ 4.421363   1.8805952  2.256779   2.0286589  3.5462005  5.230103   2.5925074  4.2632675  2.6320252  2.5495677  2.9699156  1.9114244  2.9295058  3.4482543  2.56606  ]
 [ 5.789068   4.572995   4.3054867  4.4325476  4.0997972  6.4535084  4.198118   6.2173333  4.199378   3.9096565  4.721339   3.7843466  3.8938832  4.1245794  3.8280754]]
