hid1:
[[ 2.11490870e-01 -1.15589164e-01  2.33624250e-01  1.77764028e-01  5.07476181e-02  2.73731053e-02  2.05746926e-02 -1.85070395e-01 -2.41841972e-01 -2.66987324e-01 -8.72813389e-02  1.28359348e-02  6.90844804e-02  1.49057508e-01  3.72653246e-01]
 [ 2.28284672e-03 -2.10655674e-01  1.77637815e-01 -2.25298181e-02 -5.22864044e-01  3.06863308e-01 -5.93667552e-02 -6.03653491e-04  1.70057833e-01 -1.00127086e-01  9.93653014e-03 -1.06861293e-02  3.43055308e-01 -8.71792436e-05  7.99520910e-02]
 [-1.99492335e-01 -2.40947813e-01 -3.77976894e-03 -9.19549108e-01  9.78724062e-02  4.21376348e-01  4.68889475e-02 -1.51752651e-01  1.63132086e-01 -3.19450349e-02 -1.15019515e-01 -7.79131055e-03  4.15644437e-01 -3.88527364e-02 -2.96226442e-02]
 [ 3.46628949e-03 -1.05992898e-01 -5.35742044e-02 -1.24435052e-02  2.01998614e-02  1.24740899e-02  3.07599083e-03  3.13973054e-04 -9.15697962e-03 -8.65902379e-03  3.80672514e-04  1.83316171e-02  2.20798776e-02  1.83637999e-02 -9.65646654e-03]
 [-8.56732950e-04  7.79111087e-02 -1.76500883e-02 -2.59869061e-02  5.68873584e-02  1.61745548e-02  3.35811973e-02 -3.80142629e-02 -1.27666444e-02 -3.06884944e-02  6.37135282e-02 -4.28228974e-01  2.63820529e-01 -5.27649075e-02 -6.08889163e-02]
 [ 1.58561729e-02 -2.48279750e-01  1.17638737e-01 -6.03789985e-02 -1.17626965e-01 -7.86069036e-02 -6.32143347e-05  1.91149861e-03  4.03006673e-02  4.48481441e-02 -7.08468333e-02  5.85375726e-03 -3.86482384e-03  5.97549565e-02  1.64332278e-02]
 [-1.99008703e-01 -7.88322538e-02  3.11954990e-02  1.60371959e-02 -2.31384486e-02  1.76829398e-02  1.98020637e-02  1.61478743e-02  3.72408330e-03 -1.49030685e-02 -5.76642901e-03  5.08026294e-02 -7.23616332e-02 -1.17490888e-02  3.55609804e-02]
 [ 2.89767422e-02 -1.02952465e-01  1.55618355e-01  1.97407603e-03  1.92666007e-03  1.73057914e-01 -1.77520886e-03 -6.77328557e-03  2.44418159e-04 -1.28205935e-03 -9.27055553e-02  5.74497133e-03 -1.80113092e-02  2.13054940e-03 -2.65356153e-03]
 [-1.60801753e-01 -1.84935704e-03 -3.68355453e-01 -8.66817534e-02 -1.21008091e-01  7.83519447e-02 -3.67920101e-01  1.19400442e-01  1.64393276e-01  6.50309026e-03 -5.92828989e-02 -3.61165762e-01  8.03931616e-03  1.60481542e-01  1.06491335e-03]
 [ 6.86528534e-02  2.42337584e-04  7.45909847e-03 -5.36920875e-03  6.30548894e-02 -5.71200624e-03  3.25537473e-02 -9.40788072e-04 -4.33871523e-04  2.13848986e-02  6.96611404e-03  1.36552416e-02 -2.14660197e-01  2.76308656e-02  3.57347131e-02]
 [-1.92847997e-02 -4.44895625e-02 -2.00557411e-02  2.88005620e-02 -3.61521915e-03  2.27031671e-03  4.16018814e-03  2.15455424e-03 -2.31076069e-02 -2.27137834e-01 -2.30690613e-02 -4.84280288e-03 -2.18437202e-02 -2.70308610e-02  7.79871643e-03]
 [-6.39529079e-02 -4.37287688e-02 -2.91753709e-02 -7.59326220e-02  1.58825815e-02  6.87377155e-03 -6.14833459e-03 -5.07269055e-04  6.57811324e-06  3.40623409e-02 -1.35340765e-02 -1.92381442e-02  2.43782625e-02 -1.44803375e-01 -1.67966262e-03]
 [ 5.80870688e-01  3.79190743e-02 -8.48566890e-02 -1.25620961e-02 -3.47210765e-01  1.07979774e-01  5.24441302e-02 -4.96608078e-01 -3.50374728e-03  1.81161851e-01 -3.42014432e-02 -3.18483710e-02  2.69453414e-02  1.98292300e-01  5.51230907e-02]
 [ 4.01703835e-01 -2.00110339e-02 -1.31888241e-02  2.77920365e-02 -2.19629079e-01 -1.54682994e-01  4.14818525e-04 -2.17510760e-01  2.39804685e-02 -6.07666373e-02 -4.13242877e-02  1.34510100e-02  6.36545643e-02  3.54176387e-04 -7.49565959e-02]
 [-8.10315013e-02 -1.27158165e-01  9.23342407e-02  6.56516701e-02 -3.62109661e-01  1.70491338e-01  5.04844785e-01 -3.22771132e-01 -4.98261571e-01 -3.60909402e-01 -1.37577236e-01  1.13045454e-01 -7.17018604e-01  1.17512822e-01  1.05307865e+00]]
hid2:
[[-0.01746449 -0.07788809 -0.02109276  0.01844908 -0.00410305  0.02272219  0.02999243 -0.04646304 -0.01710048  0.01808205 -0.01711087 -0.02317636 -0.00602399  0.02456656  0.04027799]
 [ 0.01870062 -0.08649554 -0.01059922  0.08807701  0.01398858  0.06007502 -0.0654502  -0.00997311 -0.03974016 -0.02438925 -0.01685067 -0.03546203  0.06845526  0.0168518   0.01516296]
 [-0.02481792 -0.07947198 -0.01206609  0.01469353 -0.01310036  0.02366102  0.04672165 -0.05385783 -0.00142926  0.01883587 -0.0452438  -0.0267289  -0.00935484  0.05450059  0.04140863]
 [-0.01393257 -0.09037133  0.00148521  0.04225576 -0.01667803  0.05371209  0.05229823 -0.03931844 -0.00993181  0.00497214 -0.05494428 -0.04107877  0.01084913  0.06274132  0.0350228 ]
 [-0.02288208 -0.09214678 -0.01444027  0.01120931 -0.01513936  0.03603026  0.0643474  -0.0465166  -0.01649002  0.02040453 -0.03892156 -0.03742965 -0.01529985  0.04294717  0.05018547]
 [-0.02243015 -0.09147423 -0.02050342  0.01937053 -0.01734555  0.03417698  0.05936778 -0.04083202 -0.02159355  0.01884249 -0.03286523 -0.03681646 -0.00770677  0.04466762  0.04376413]
 [-0.01946005 -0.08030076 -0.01600633  0.02438248 -0.00922721  0.02795803  0.04348454 -0.04815277 -0.01251671  0.0172856  -0.02831679 -0.02778862 -0.00322813  0.0391736   0.03922731]
 [-0.01287442 -0.09092137 -0.00443861  0.03604759 -0.01669273  0.04998446  0.0506275  -0.03550651 -0.01649467  0.00627846 -0.04515337 -0.03984099  0.00650938  0.05150268  0.03655298]
 [-0.02665276 -0.09618675  0.00824972  0.01987481 -0.02655179  0.06443177  0.09841357 -0.04293766 -0.00706737  0.01726764 -0.06572864 -0.04353989 -0.01833217  0.07318427  0.04349579]
 [-0.00693015 -0.10205114 -0.01017178  0.0339816  -0.01929324  0.04599214  0.06432561 -0.03659527 -0.02460462  0.00500236 -0.04188521 -0.05360831  0.00797157  0.03936351  0.05020348]
 [-0.02731606 -0.09003541 -0.00084111  0.03840786 -0.03309837  0.05950108  0.08792684 -0.03236583 -0.01121263  0.01335636 -0.05801508 -0.03831668 -0.00201768  0.08498544  0.02501908]
 [-0.0038833  -0.10583825  0.02960053  0.07078161 -0.03399642  0.11307396  0.08578753 -0.00613456 -0.02369291 -0.01280397 -0.07420594 -0.0575812   0.0219991   0.08379128  0.01794415]
 [-0.03033468 -0.09252214 -0.01068693  0.01064943 -0.01646481  0.04410202  0.08108395 -0.04961731 -0.01430963  0.02661492 -0.04262863 -0.03670187 -0.02255921  0.05270246  0.04942413]
 [-0.02334381 -0.09678945 -0.00845717  0.02034367 -0.01684994  0.049372    0.07466127 -0.04440596 -0.01774016  0.01910176 -0.04546168 -0.04289847 -0.01148708  0.05190017  0.04880662]
 [-0.01480568 -0.08807021 -0.01035106  0.00639602 -0.01872896  0.03652053  0.07608584 -0.04084305 -0.01964712  0.01712307 -0.02621558 -0.03492862 -0.02241622  0.02362218  0.0488385 ]]
topics:
[[ 0.10138452 -0.09320704  0.00939243  0.06049616 -0.23030122  0.1069468   0.10417106  0.2611217  -0.11575788 -0.14988464 -0.03402626 -0.04756724  0.05400915  0.0550577  -0.13232246]
 [-0.05817419 -0.6077144  -0.28003386  0.88566273 -0.07248827 -0.09381509  0.071185    0.2052195  -0.19825625  0.08369678  0.14266704 -0.6624781  -0.0806222   0.1715698   0.05310533]
 [-0.17176703 -0.14297296 -0.19815972  0.02617457  0.10141876 -0.03280557 -0.03616126 -0.15951128 -0.08716012  0.17344661  0.04239016 -0.04071626 -0.00541215  0.09654161  0.1215632 ]
 [-0.6052394   0.25080973  0.06795997  0.00787893 -0.19193503  0.10584518  0.40707976 -0.16509502  0.37783563  0.34700596 -0.35834154  0.40244365 -0.2922117   1.0787089  -0.440163  ]
 [-0.04131735 -0.45982662  0.42278194 -0.13051656 -0.16136387  0.600551    1.1569288  -0.1802528   0.06472357  0.05641424 -0.5773562  -0.46016455 -0.32066664  0.26439932  0.43655077]
 [ 0.21747795  0.42448157  0.14375928  0.11842503 -0.32725102  0.28529865 -0.31554663 -0.07691832 -0.59347177 -0.0711163  -0.30059686 -0.02211148  1.4429737  -0.06689809 -0.34704047]
 [ 0.61746836 -0.8051127  -0.5741229   0.8205212   0.09173378 -0.262511   -0.05014714  0.29642352 -0.11610132 -0.76116604  0.35354936 -0.5466028   0.6068904  -0.12444257  0.430504  ]
 [-0.01073337 -0.06132647 -0.04994388 -0.04796394 -0.0182483  -0.07977338 -0.00428903 -0.07171794  0.01573954  0.01471201 -0.02921484 -0.01228224 -0.02357591  0.00694242  0.06516882]
 [ 0.25538892 -0.18910496  0.16181037  0.17729428  0.32901636  0.017494   -0.9362     -0.21039943  0.15343733 -0.26878938 -0.4195088  -0.19442861  0.43281028 -0.0486202   0.27211365]
 [-0.0277783  -0.02874178 -0.00903143  0.06933806  0.05019908  0.06650688  0.0121448  -0.05379146 -0.03282066  0.04593237  0.08515821  0.0333327  -0.01236742 -0.03356068 -0.00467028]]
R:
[[0.10226593 0.0026461  0.09128523 0.00982026 0.03621775 0.0026461  0.0026461  0.38666296 0.02663977 0.33916983]
 [0.22244996 0.01112315 0.11790762 0.01112315 0.01112315 0.01112315 0.01112315 0.01112315 0.11138689 0.48151657]
 [0.08659244 0.00587392 0.06827039 0.03465584 0.05063008 0.00587392 0.00587392 0.44229624 0.03430061 0.26563272]
 [0.12732394 0.01265082 0.06308425 0.04080548 0.06549744 0.01265082 0.01265082 0.2886268  0.05344296 0.3232667 ]
 [0.12429934 0.00218059 0.12212515 0.01413989 0.06270041 0.00218059 0.00218059 0.38008744 0.02502427 0.26508176]
 [0.13426904 0.00531937 0.12973936 0.01649489 0.05526282 0.00531937 0.00531937 0.35898882 0.02212752 0.26715943]
 [0.09075236 0.00760386 0.0731183  0.02294839 0.04591466 0.00760386 0.00760386 0.38945666 0.02761504 0.32738304]
 [0.14314206 0.00912834 0.08468948 0.02826996 0.06058875 0.00912834 0.00912834 0.2916417  0.0456703  0.3186127 ]
 [0.14007445 0.00517181 0.08973262 0.03913901 0.08973948 0.00517181 0.00517181 0.30866843 0.03552782 0.28160277]
 [0.13009135 0.01275878 0.09365541 0.01275878 0.06990479 0.01275878 0.01275878 0.33686468 0.03223854 0.28621012]
 [0.15122285 0.01318246 0.08086734 0.05478555 0.0729426  0.01318246 0.01318246 0.2807118  0.03204792 0.28787455]
 [0.24507661 0.01413397 0.07482533 0.05078844 0.09673306 0.01413397 0.01413397 0.01413397 0.07506024 0.4009804 ]
 [0.11935235 0.00185952 0.12732762 0.02116092 0.07154763 0.00185952 0.00185952 0.35621786 0.02076044 0.2780546 ]
 [0.13211271 0.00488624 0.12425282 0.02058233 0.07287069 0.00488624 0.00488624 0.3218466  0.02982337 0.28385276]
 [0.11988436 0.00079541 0.0796796  0.00079541 0.06303614 0.00079541 0.00079541 0.4098348  0.00919599 0.31518748]]
distance_matrix:
[[13.776595   13.414094   13.610869   13.28384    13.637289   13.634146   13.659825   13.36032    13.359883   13.447068   13.335224   13.001711   13.632072   13.508199   13.794642  ]
 [ 5.753558    5.525749    5.5421047   5.28483     5.624687    5.624154    5.6279936   5.374231    5.356219    5.488768    5.317019    5.11943     5.612161    5.5124555   5.8104324 ]
 [11.742726   11.787609   11.538921   11.3918705  11.708006   11.740269   11.620062   11.4958935  11.497901   11.58983    11.503589   11.484131   11.70695    11.638256   11.808657  ]
 [ 0.8406427   1.0562584   0.8121721   0.7640929   0.8282269   0.8272834   0.808847    0.7619396   0.79417795  0.80863804  0.7996285   0.92397344  0.8247702   0.79890406  0.89020836]
 [ 4.338581    4.678482    4.271734    4.223723    4.2646723   4.2561088   4.2778635   4.224365    4.233166    4.1931643   4.231954    4.4188414   4.2650094   4.23032     4.3358297 ]
 [ 3.2284822   3.8258913   3.0950956   3.1366682   3.144817    3.1640382   3.1566882   3.1498566   3.0942357   3.13974     3.1249762   3.44523     3.1357315   3.1347241   3.2038102 ]
 [ 0.848395    1.1807668   0.83641917  0.8376787   0.834438    0.83495986  0.8360406   0.81064355  0.830925    0.8521213   0.845341    1.0293034   0.8356807   0.8269244   0.86942244]
 [ 0.7085104   1.1215006   0.694721    0.744749    0.7315459   0.72792935  0.6949537   0.72063893  0.778592    0.739781    0.7771783   1.0680504   0.7505889   0.746734    0.7534131 ]
 [ 4.31233     5.0805855   4.3130994   4.4902864   4.357957    4.366065    4.3182087   4.4404125   4.459672    4.4483027   4.479499    4.974043    4.3685274   4.4145136   4.3215475 ]
 [ 1.3474848   1.8434557   1.3657472   1.4353225   1.3072286   1.3168852   1.3647226   1.3725245   1.365494    1.3821778   1.42569     1.7009286   1.3062425   1.3214586   1.3407731 ]
 [ 0.90784365  1.1620349   0.9553976   0.94349474  0.9013624   0.89666677  0.9205986   0.89295226  0.95069516  0.9026731   0.98191607  1.1307833   0.9147536   0.89612675  0.9324337 ]
 [ 0.7608126   1.2490944   0.8003144   0.8851672   0.80606014  0.80180347  0.77003247  0.8362926   0.92062664  0.81308013  0.9371791   1.2823433   0.8366668   0.83959734  0.7931835 ]
 [ 5.7473764   6.1952457   5.8240795   5.84995     5.6555767   5.6734705   5.7938533   5.7512035   5.697856    5.7537537   5.8112884   5.9582186   5.635357    5.6510663   5.677639  ]
 [ 3.1191425   3.5829434   3.1820097   3.2703147   3.1283422   3.1289158   3.155528    3.1936474   3.251703    3.1820438   3.2997375   3.6039076   3.1534808   3.1629598   3.1338992 ]
 [13.471799   13.958466   13.400643   13.365878   13.295015   13.35563    13.440737   13.340597   13.196769   13.323844   13.366267   13.438393   13.259122   13.252145   13.349415  ]]
