hid1:
[[0.21095702 0.23583594 0.         0.07142886 0.         0.         0.00153663 0.         0.         0.         0.15320466 0.         0.         0.         0.14965972]
 [0.08690404 0.2805857  0.         0.04633037 0.         0.         0.         0.         0.         0.         0.12885696 0.         0.         0.         0.11823326]
 [0.09199041 0.22087516 0.         0.07025995 0.         0.         0.         0.         0.         0.         0.0983378  0.         0.         0.         0.13501474]
 [0.04816541 0.05702695 0.         0.00854135 0.03580315 0.02840699 0.07791399 0.         0.         0.04789229 0.06497349 0.00032861 0.         0.05401881 0.03999656]
 [0.10940068 0.10734095 0.         0.03838233 0.         0.00115912 0.02862022 0.         0.         0.02570668 0.04721288 0.         0.         0.03494303 0.09495127]
 [0.02977416 0.01805962 0.         0.08538313 0.04847753 0.         0.01543828 0.02299156 0.         0.02433869 0.06637229 0.09460554 0.         0.02838973 0.05595248]
 [0.00774189 0.05059952 0.03249455 0.06567851 0.05358136 0.01357029 0.05403101 0.         0.03677539 0.04413138 0.05845751 0.01376019 0.         0.07316872 0.04974228]
 [0.06501785 0.         0.01041134 0.02604599 0.05001383 0.04802944 0.0668593  0.         0.02410097 0.04556045 0.02779169 0.02748467 0.         0.06532831 0.03220823]
 [0.06152198 0.09461702 0.0194905  0.01233986 0.06554541 0.         0.08836254 0.00467026 0.         0.05192516 0.03624047 0.         0.         0.02451249 0.0860583 ]
 [0.01676678 0.01729562 0.06065261 0.06509521 0.05212011 0.06289897 0.03544589 0.02459814 0.         0.00540979 0.0169305  0.04739527 0.         0.04278539 0.0273417 ]
 [0.05154386 0.03276247 0.01226366 0.02801609 0.06039689 0.0138328  0.03352252 0.06632143 0.00749179 0.03771217 0.04723833 0.05316623 0.         0.01415059 0.05638501]
 [0.04208884 0.04899449 0.06627204 0.00900478 0.05513161 0.0043415  0.06836229 0.04451363 0.03339831 0.06639458 0.00781237 0.09074067 0.         0.05106846 0.02622322]
 [0.00340299 0.         0.04362682 0.10479113 0.06999645 0.         0.03543321 0.03747648 0.03584089 0.03914071 0.03124679 0.04289281 0.02711107 0.09464699 0.00635384]
 [0.02890249 0.00048014 0.07954805 0.06921001 0.08443152 0.07801505 0.02832702 0.05599452 0.05625467 0.05451626 0.04512775 0.10370391 0.         0.06070598 0.01709384]
 [0.         0.         0.05933312 0.03163797 0.04496458 0.00287811 0.13273814 0.07177402 0.         0.         0.         0.02483555 0.         0.08193072 0.        ]]
hid2:
[[ 0.06736812  0.04000514  0.02338815  0.03790983  0.05189766  0.04577057  0.02905693  0.02608359  0.02247988  0.04044044  0.05396165  0.04246405  0.00293802  0.04889517  0.05236882]
 [ 0.00761221 -0.00533954 -0.02997106  0.04758025  0.0183972   0.02510023  0.00571581 -0.01131594 -0.03686049  0.035873    0.03789922 -0.01064346  0.04314502  0.03652821  0.00385375]
 [ 0.05569021  0.03396346  0.02186072  0.03292462  0.04551954  0.04030028  0.02781025  0.02315323  0.02330056  0.03351935  0.05081933  0.03982749 -0.00106909  0.04288037  0.04399603]
 [ 0.04654736  0.04028054  0.02882742  0.03972809  0.05269996  0.04140472  0.02775573  0.02921837  0.03204022  0.03793041  0.05524807  0.04575535  0.00238431  0.05049382  0.04604347]
 [ 0.05958292  0.03526316  0.0180448   0.03689935  0.04749391  0.04257328  0.02838783  0.02271347  0.01720505  0.04035871  0.05060686  0.03646224  0.00474302  0.04712299  0.04709689]
 [ 0.05175779  0.03533071  0.02469408  0.03614386  0.04595368  0.04017354  0.02751062  0.02750178  0.02614053  0.03316913  0.05135502  0.04125483  0.0018103   0.04649149  0.04330238]
 [ 0.04739738  0.03421254  0.02326627  0.0359499   0.04622122  0.03926846  0.02663808  0.02486604  0.02544857  0.03371193  0.05176079  0.04032574  0.00174456  0.04524311  0.04150722]
 [ 0.05554102  0.03458942  0.02186056  0.03542224  0.0458526   0.04122027  0.02767788  0.0248442   0.02223908  0.03479502  0.05111574  0.03934621  0.00190921  0.04520528  0.04408477]
 [ 0.04596536  0.0395808   0.0302333   0.04044664  0.05024417  0.04217973  0.02784985  0.03238486  0.03186863  0.03518691  0.05495629  0.04577072  0.00328484  0.05061927  0.04343606]
 [ 0.07722177  0.00650901 -0.00222879  0.04122003  0.01569653  0.0362919   0.00794999  0.01599232 -0.01401552  0.00617121  0.04160465  0.01608035  0.03029551  0.03712028  0.02689904]
 [ 0.04488223  0.03630315  0.02628163  0.03445866  0.04761352  0.03929224  0.02883595  0.02672967  0.02959398  0.03461863  0.05196013  0.0426616  -0.00195714  0.04530596  0.0420475 ]
 [ 0.06620843  0.05564815  0.04092493  0.04805429  0.0632382   0.06263627  0.0372733   0.04512607  0.03203613  0.04974369  0.06560139  0.05567221  0.00223206  0.05799086  0.05339905]
 [ 0.05944944  0.03302158  0.01946471  0.04060175  0.04539236  0.04017496  0.02293313  0.02461091  0.0193365   0.03295634  0.05144504  0.03783513  0.01058014  0.04892181  0.04565103]
 [ 0.05593389  0.03721161  0.02365256  0.03892367  0.04916676  0.04181668  0.02687909  0.02669937  0.02454679  0.03688892  0.05285448  0.04139375  0.00494828  0.04914099  0.04700296]
 [ 0.09364992  0.01340911 -0.00323728  0.04110914  0.02284333  0.04248344  0.01335903  0.01563194 -0.01720309  0.01786555  0.04267773  0.01700063  0.02836039  0.04042654  0.03838458]]
topics:
[[ 4.89576235e-02 -3.58945429e-02  1.84578188e-02  3.20359059e-02 -1.12739392e-01  5.39310016e-02  4.93783616e-02  1.32591963e-01 -5.94399646e-02 -7.30181858e-02 -1.61952656e-02 -2.89911274e-02  3.92677225e-02  3.05178147e-02 -8.21809843e-02]
 [ 3.72666903e-02 -2.35631093e-01 -2.47773677e-01  2.86004215e-01  1.63532477e-02 -6.92975596e-02 -5.88323921e-02  1.13688946e-01 -5.10772020e-02 -2.53340509e-02  7.60288537e-02 -1.80463716e-01 -2.19022065e-01 -4.39841300e-02 -4.59456518e-02]
 [-2.19902471e-02 -1.04891194e-03 -7.69839808e-02  2.71317568e-02  5.20379208e-02  5.17304009e-03  2.01446060e-02 -7.65937269e-02 -5.80490567e-02  1.12056606e-01  2.54553780e-02 -3.93274352e-02  2.45186016e-02  3.29302549e-02  3.40345390e-02]
 [-1.76077053e-01  2.69704670e-01  2.52878636e-01  2.32878793e-02  2.95779347e-01  6.99760243e-02  1.67127624e-01  1.33627415e-01  3.61738682e-01  2.40702435e-01  1.42518789e-01  2.53464967e-01 -1.97410986e-01  1.40722364e-01  1.68634102e-01]
 [ 4.60719347e-01  1.24174751e-01  9.57426056e-02  5.51825538e-02  8.59936997e-02  1.78735495e-01  6.47283569e-02  1.26380578e-01  1.25952419e-02  2.72611473e-02  9.83724818e-02  1.23960696e-01 -5.06073236e-03  7.76124224e-02  1.88166052e-01]
 [-1.57935098e-01  2.79413670e-01  3.36827099e-01  1.06423944e-02 -9.94531959e-02  2.25934863e-01 -3.73958237e-02 -7.21190544e-03 -1.95259884e-01  5.39287031e-02  1.77783649e-02  7.48930126e-02  7.76355743e-01  1.49304628e-01  7.35273659e-02]
 [ 3.38779002e-01 -3.78228188e-01 -1.67221233e-01  5.63736081e-01 -1.76600937e-03 -1.77996472e-01  7.44398218e-03  1.00735813e-01 -1.07984044e-01 -2.47754633e-01  1.11852765e-01 -3.89361411e-01  5.75306773e-01  2.04038825e-02  1.42673761e-01]
 [-1.08080246e-02 -3.45286578e-02 -3.15203667e-02 -6.64520543e-03 -1.33705381e-02 -3.53068523e-02 -2.23849970e-03 -3.41559388e-02  4.35307203e-03 -1.90877113e-02  2.85532675e-03 -1.01840608e-02 -3.96735594e-03  3.99787305e-03  2.02477607e-03]
 [ 1.77085146e-01  1.12040259e-01 -1.32521302e-01  1.40024766e-01  5.32093681e-02 -9.23911035e-02 -6.40489221e-01 -5.48527017e-02  1.00461826e-01 -1.65822178e-01  4.05763909e-02  4.20389622e-01  2.98943877e-01  6.17314577e-01 -2.20468417e-02]
 [-2.14632023e-02 -8.42043571e-03 -8.32469855e-03  2.81329956e-02  2.60394681e-02  4.71644662e-02  4.81283118e-04 -3.09493393e-02 -1.99458543e-02  9.09355097e-03  7.34699667e-02  1.76035669e-02 -2.54528597e-03 -1.47759132e-02 -3.44136208e-02]]
R:
[[0.08306041 0.01395198 0.19195236 0.11556674 0.19077867 0.01395198 0.01395198 0.21114716 0.01395198 0.15168682]
 [0.16020383 0.0219959  0.4305232  0.0219959  0.0219959  0.0219959  0.0219959  0.0219959  0.0219959  0.25530177]
 [0.08711173 0.01127367 0.1476832  0.11093441 0.16582614 0.01127367 0.01127367 0.26908088 0.01127367 0.17426892]
 [0.09536242 0.01758455 0.1430638  0.14159793 0.15029168 0.01758455 0.01758455 0.21927576 0.01758455 0.18007024]
 [0.09851223 0.0131413  0.2197874  0.10778232 0.17083283 0.0131413  0.0131413  0.20600963 0.0131413  0.14451045]
 [0.10329542 0.01449486 0.14072347 0.12274735 0.15625829 0.01449486 0.01449486 0.25168097 0.01449486 0.16731508]
 [0.09735654 0.014385   0.14377308 0.12156036 0.1479101  0.014385   0.014385   0.24737158 0.014385   0.18448828]
 [0.09764934 0.01306545 0.16290376 0.11351053 0.16363811 0.01306545 0.01306545 0.24169222 0.01306545 0.16834424]
 [0.11227736 0.01810237 0.12840451 0.14250916 0.14655408 0.01810237 0.01810237 0.21112064 0.01810237 0.18672474]
 [0.11750571 0.0198803  0.14571702 0.0198803  0.1682726  0.0198803  0.0198803  0.26833737 0.0198803  0.20076577]
 [0.10051525 0.01316441 0.1327083  0.13061854 0.1461275  0.01316441 0.01316441 0.2571135  0.01316441 0.18025927]
 [0.14022045 0.01766368 0.18958002 0.15994683 0.19482623 0.01766368 0.01766368 0.01766368 0.01766368 0.22710812]
 [0.09137276 0.01848852 0.16996154 0.10880642 0.16594698 0.01848852 0.01848852 0.23275521 0.01848852 0.157203  ]
 [0.09469602 0.01632944 0.16906017 0.12240186 0.16488624 0.01632944 0.01632944 0.22356543 0.01632944 0.16007249]
 [0.10797169 0.01691111 0.22693086 0.01691111 0.20684218 0.01691111 0.01691111 0.22272737 0.01691111 0.1509723 ]]
distance_matrix:
[[5.7118597  8.291094   5.9672875  6.0337677  5.839753   6.018486   6.092721   5.9495125  6.0942836  6.5667224  6.098834   5.6643114  5.954706   5.9091787  6.213731  ]
 [4.7369175  6.987196   4.944595   5.0023956  4.830223   4.9883146  5.045744   4.9263444  5.056067   5.500396   5.05365    4.706256   4.936614   4.8949995  5.216627  ]
 [3.0469308  4.896555   3.193267   3.2875776  3.1023169  3.2448242  3.2862966  3.1816587  3.3341084  3.5512595  3.3090026  3.119683   3.1832385  3.170979   3.3493433 ]
 [0.5342207  1.7811685  0.5231669  0.5478499  0.5205575  0.52625895 0.5310097  0.5154426  0.5632999  0.85489917 0.5390153  0.6341839  0.53015935 0.51772654 0.9087826 ]
 [0.7425351  2.039927   0.73202205 0.77310944 0.73772633 0.74352026 0.7496426  0.72905874 0.78983283 1.0270791  0.76114225 0.86228013 0.7407843  0.7347106  1.0789708 ]
 [0.9208641  2.384763   0.9132614  0.9089546  0.9300326  0.9063833  0.91513586 0.90769434 0.9222436  1.3460801  0.91152596 0.9706304  0.928681   0.90131223 1.4086086 ]
 [0.4280684  1.7275546  0.39982843 0.44660497 0.41969287 0.40923238 0.4163034  0.3995378  0.45720625 0.6840694  0.42440438 0.55397916 0.41808093 0.4113978  0.7572614 ]
 [0.4672792  1.654697   0.4385636  0.45051146 0.4498421  0.43250084 0.43412304 0.43066168 0.46087146 0.7378845  0.44285583 0.5762322  0.43693864 0.43075    0.83161676]
 [1.0033114  2.3983471  0.9911401  0.9487133  0.99921095 0.96501136 0.97121763 0.9773221  0.9587085  1.5010078  0.9594872  1.0148871  1.001974   0.96236    1.5780176 ]
 [0.5175959  1.9161719  0.47963297 0.48593915 0.5202341  0.47371066 0.47839177 0.48009527 0.49463594 0.860546   0.47575462 0.6059061  0.5012331  0.48171926 0.9659209 ]
 [0.52042663 1.9231503  0.46492755 0.47466457 0.5229833  0.45805275 0.46182024 0.46921575 0.47893226 0.83118975 0.457276   0.6175896  0.4937148  0.47543693 0.96212435]
 [0.77141774 2.1514745  0.7159797  0.7147268  0.77229786 0.70402086 0.706571   0.71773946 0.7172855  1.0915552  0.701265   0.8507577  0.7413895  0.7212236  1.2284291 ]
 [0.7610729  2.105453   0.6962445  0.6412461  0.7555057  0.6612582  0.6581168  0.69153714 0.64121103 1.180426   0.6420982  0.7901187  0.71795    0.68219936 1.3485659 ]
 [0.66659236 1.9517096  0.6022351  0.61105037 0.6590828  0.5936339  0.592777   0.6048908  0.61367846 0.9288306  0.5923116  0.77222085 0.62459576 0.61225307 1.0765623 ]
 [1.1649354  2.8046675  1.1223783  1.0728469  1.1864954  1.0920084  1.1011324  1.1213994  1.073482   1.6837764  1.0762093  1.1585424  1.1601201  1.1109828  1.8126239 ]]
