hid1:
[[-0.7841124   0.69059336 -0.83455014  0.42847833  0.48154894 -1.0817479  -0.52147466 -0.7669169  -0.5046737   0.7270044  -0.5265012   0.81420124 -0.6948725  -1.4577388   0.3898154 ]
 [ 0.04119922 -1.4577388   1.0576785  -0.24596566 -0.12513256  0.8691289   0.11963035 -1.0028819  -0.08352363  0.5122075  -0.27974835 -0.24756783 -1.4577388   0.15341386 -0.50024515]
 [-1.161992   -1.4577388  -1.4577388   0.47699785 -0.65787506 -1.0512121  -0.964545   -0.57857126  0.18192887 -1.4577388  -1.4577388  -0.64911175 -0.8443774   0.11840028  0.3804921 ]
 [ 1.1921579   0.31791535 -0.9342507   0.7666609  -0.606711    0.0395283   0.7486435  -0.26508155  0.46766335 -1.4577388  -1.4577388  -0.2304486   0.39217246  0.01689994 -0.5813425 ]
 [-0.2211546  -0.4629218  -0.5267592   1.030436   -0.3563499  -0.5191074  -0.27559477 -0.15489566  0.55589753 -0.46399128  0.0942511   0.3604716  -0.4329775   0.20846182  0.09748951]
 [-0.92425644 -1.4577388  -0.3125703   1.0913318  -0.43898636 -0.8128363  -0.8361388  -0.8428354   1.2786964  -0.9858097  -0.05927017  0.51654863 -1.4577388  -0.41996837 -0.265876  ]
 [-1.4577388  -1.4577388  -0.01936419 -0.51613206  0.9207774   0.05606982 -0.83032614  0.21487541  0.07945323  0.33957213  0.3413493  -0.3242937   0.5369251   0.76099706  0.26012957]
 [-1.4577388  -0.9857284  -0.97060096  0.65736735 -1.4577388   0.02909459  0.779665    0.22576919  0.5475515  -0.13121429 -1.4577388  -0.02211645 -1.0253046  -0.47051197 -0.50251305]
 [-0.08522005 -1.4577388  -0.98573875  0.48070347  0.92267334 -1.4577388  -0.78042126  0.26929718  0.46907058 -1.4577388  -0.1187892   0.22284731 -0.79459     0.9522207  -0.27290225]
 [-0.39748454  0.15995418 -0.419357   -0.33415437  0.4930888  -0.14652583 -0.75637406  0.04392886 -0.1796996   0.23767632 -0.0316513  -0.32181698 -0.15607777  0.41302255  0.2282052 ]
 [-0.57088387 -0.4214601  -0.52344996 -1.1053164  -0.20595685 -0.810319   -0.8173262   0.18935557  0.854829   -0.31390393 -0.63194215 -1.4577388  -0.41074353  0.98099923 -0.5145448 ]
 [-0.11284941 -0.32844946 -0.2844418  -1.1630046  -0.38103318 -1.4577388   1.0481203   0.02645846  0.04966275  0.11624981  0.923341   -0.62336147  0.6788646  -0.5644871  -1.4577388 ]
 [-0.25534362 -0.24148363 -0.565707   -0.00945669  0.28000677 -0.4522192  -0.6401869  -0.07615483  0.55285716 -0.06502263  0.04022322  0.18489005 -0.51338196  0.27520177 -0.3349456 ]
 [-0.3210894  -0.1273902  -0.520449    0.2664367   0.09173274 -0.29920164 -0.5953152  -0.2769503   0.5916277  -1.4577388  -0.24189189 -0.13630828 -0.2745972   0.08853222 -0.17599022]
 [-0.11631149 -0.42925715 -1.4577388  -1.4577388  -0.22219458 -1.4577388  -0.8872198   0.17153165  1.2749665   0.01996227 -1.4577388   0.5007021  -0.45088655  0.06291089 -0.2508515 ]]
hid2:
[[-0.10789033 -0.094125   -0.16495474 -0.01090245 -0.00841819 -0.15802294 -0.20140754 -0.0984171   0.02016569 -0.05991574 -0.042519   -0.01147879 -0.10075913 -0.0331645  -0.09260469]
 [-0.16062436 -0.09389248 -0.33300972  0.27790555  0.32181108 -0.40522024 -0.54448354 -0.03653772  0.4288575  -0.0942554   0.11253006  0.18065251 -0.1669941   0.41500998 -0.05538317]
 [-0.33833557 -0.16122013 -0.4180074   0.19300301  0.23083785 -0.5369113  -0.62825805 -0.14204225  0.45363647 -0.09960498  0.03001446  0.20512564 -0.33510694  0.37033135 -0.19615088]
 [-0.16377856 -0.11702263 -0.23891401  0.06987784  0.06669951 -0.26334196 -0.32148033 -0.10062946  0.14425398 -0.07310136 -0.012151    0.04442776 -0.15213156  0.09447522 -0.11404604]
 [-0.19151683 -0.11323926 -0.25175053  0.06608151  0.08594922 -0.2784388  -0.34165594 -0.11340109  0.16595064 -0.05371655 -0.00921282  0.06466082 -0.17212884  0.12256539 -0.11558796]
 [-0.2757201  -0.14344068 -0.35000786  0.13940352  0.16670913 -0.4347367  -0.5132416  -0.12973902  0.33681762 -0.08906242  0.01097663  0.14634259 -0.27108017  0.26226926 -0.16785628]
 [-0.09157699 -0.10752997 -0.17079923  0.03173048 -0.00537264 -0.15336996 -0.19583072 -0.08128542  0.01143237 -0.06521068 -0.02900619 -0.03098577 -0.07011925 -0.01817143 -0.08184901]
 [-0.10429536 -0.09580535 -0.1663791  -0.00091654 -0.00477287 -0.15789342 -0.20201638 -0.09426102  0.02156538 -0.06084224 -0.03828205 -0.01334586 -0.09488681 -0.02686881 -0.08945142]
 [-0.3377682  -0.16101627 -0.41754085  0.1928384   0.23066965 -0.53621536 -0.6275792  -0.14183559  0.45303923 -0.09954194  0.03003959  0.20481907 -0.334561    0.3698605  -0.19580285]
 [ 0.11142806 -0.11076779 -0.03024431  0.04786808 -0.14686264  0.10323527  0.0933102   0.00486219 -0.29447362 -0.05868235 -0.02941509 -0.23622228  0.1841781  -0.22443733  0.02080819]
 [-0.3129934  -0.15668394 -0.39486688  0.18182757  0.20991743 -0.5000526  -0.58709645 -0.13435097  0.4119518  -0.09671515  0.02622263  0.18175547 -0.30710897  0.33590704 -0.18369097]
 [-0.32685584 -0.15823026 -0.40671715  0.18591134  0.22125618 -0.51964563 -0.60919696 -0.13902567  0.43465722 -0.09798469  0.02781643  0.1951885  -0.32315296  0.353721   -0.19048285]
 [-0.33367285 -0.15977918 -0.4131362   0.18945831  0.22674084 -0.5295858  -0.6201987  -0.140996    0.4456158  -0.0987817   0.02891622  0.2011121  -0.33036396  0.36308146 -0.19383644]
 [-0.3249545  -0.15695457 -0.40448204  0.184147    0.22042711 -0.51639044 -0.6060649  -0.1384621   0.43201336 -0.09710945  0.0276475   0.1943339  -0.32136798  0.3516083  -0.18913494]
 [ 0.20711476 -0.00224005  0.18072468 -0.2889042  -0.3344686   0.35973942  0.38160393 -0.03860342 -0.57166576 -0.0053226  -0.14113528 -0.30718827  0.2197993  -0.58352053  0.04943888]]
topics:
[[ 8.85215923e-02 -7.25741312e-02  8.85291025e-04  4.81245779e-02 -2.40303203e-01  1.01867855e-01  8.25046822e-02  2.47444883e-01 -1.24334708e-01 -1.37433529e-01 -4.17048335e-02 -4.56730984e-02  5.76953776e-02  3.49267609e-02 -1.84035182e-01]
 [ 1.99665248e-01 -4.24697578e-01 -2.82181889e-01  7.26517797e-01 -1.34450808e-01 -3.28620300e-02 -4.28992324e-02  1.73330471e-01 -3.60502481e-01 -1.92222491e-01  1.04395643e-01 -5.45169950e-01  5.17592251e-01  1.13373278e-02  4.16475497e-02]
 [-2.26199225e-01 -6.18279278e-02 -1.68706074e-01 -4.91112750e-03  9.18668360e-02 -3.39375287e-02 -9.20528620e-02 -1.83488563e-01 -9.29673836e-02  2.29942679e-01  1.86988264e-02 -2.40494404e-02 -1.87454224e-02  8.09655637e-02  5.08344918e-02]
 [-3.39628428e-01 -1.61603153e-01 -4.19368118e-01  1.94017485e-01  2.32035547e-01 -5.38950801e-01 -6.30523980e-01 -1.42325059e-01  4.55904543e-01 -9.98141393e-02  3.03483959e-02  2.06266746e-01 -3.36415768e-01  3.72405887e-01 -1.96764678e-01]
 [ 2.10746124e-01 -1.45726732e-03  1.85394913e-01 -2.93841898e-01 -3.40456098e-01  3.66548628e-01  3.89865100e-01 -3.83902527e-02 -5.80554724e-01 -4.94053541e-03 -1.43412128e-01 -3.11630934e-01  2.23354608e-01 -5.92603564e-01  5.02976030e-02]
 [ 3.59101057e-01 -2.33768344e-01  4.42589726e-03  3.54580760e-01 -3.96231800e-01  3.67913395e-01  3.87153447e-01  8.75125676e-02 -8.91715407e-01 -8.85464400e-02  3.17718741e-03 -7.44094193e-01  7.04175055e-01 -4.51752484e-01  1.16419300e-01]
 [ 1.84302896e-01 -5.52407622e-01 -4.89227831e-01  1.03668177e+00  2.07627386e-01 -4.66730863e-01 -4.00748998e-01  2.30889395e-01  2.44812101e-01 -4.53333467e-01  2.57489413e-01 -3.16095859e-01  3.31765234e-01  3.36865604e-01  1.18996389e-01]
 [-8.08657985e-03 -5.19026369e-02 -6.18542023e-02 -6.06994405e-02 -2.15430297e-02 -8.18645880e-02 -2.05613300e-03 -6.03397749e-02  1.66776720e-02  1.85657607e-03 -3.09113488e-02 -1.62166655e-02 -1.78577639e-02  6.99914386e-03  5.22092171e-02]
 [-1.73594579e-01 -9.00017247e-02 -3.46819848e-01  2.83200443e-01  3.47128242e-01 -4.30896372e-01 -5.78529477e-01 -4.13791575e-02  4.66165304e-01 -9.60915163e-02  1.17874689e-01  2.03259364e-01 -1.86906308e-01  4.43218976e-01 -5.80751598e-02]
 [-2.64928080e-02 -7.34896865e-03 -1.09325135e-02  6.63930997e-02  5.31042367e-02  7.09684491e-02  1.25498027e-02 -4.32722457e-02 -3.66479233e-02  3.71556655e-02  1.15670793e-01  3.54791284e-02 -6.13583811e-03 -3.72265764e-02 -3.29482891e-02]]
R:
[[1.83944326e-06 1.83944326e-06 1.83944326e-06 5.77494383e-01 4.20404643e-01 1.83944326e-06 1.83944326e-06 6.88079990e-06 2.04814994e-03 3.68079563e-05]
 [1.11160502e-02 5.63496584e-03 8.19958560e-03 5.63496584e-03 5.63496584e-03 5.63496584e-03 5.63496584e-03 5.63496584e-03 9.38694537e-01 8.17996915e-03]
 [5.14439807e-06 5.54474718e-06 3.44795353e-06 9.97294843e-01 2.17028195e-03 3.44795353e-06 3.44795353e-06 1.66180289e-05 4.93734842e-04 3.44795353e-06]
 [6.06692676e-03 7.80069316e-03 6.06692676e-03 6.43258095e-01 2.72801816e-01 6.06692676e-03 6.06692676e-03 6.06692676e-03 3.77849489e-02 8.01983476e-03]
 [1.00702560e-02 2.20021720e-05 7.27030039e-02 6.47047579e-01 2.35883936e-01 2.20021720e-05 2.20021720e-05 2.20021720e-05 3.41851674e-02 2.20021720e-05]
 [1.83515280e-04 8.99526931e-04 1.83515280e-04 8.81547928e-01 1.13501117e-01 1.83515280e-04 1.83515280e-04 1.83515280e-04 2.79274886e-03 3.41143663e-04]
 [8.88312422e-03 2.95436084e-02 8.88312422e-03 5.15636802e-01 3.74808043e-01 8.88312422e-03 8.88312422e-03 8.88312422e-03 2.67127696e-02 8.88312422e-03]
 [2.14412645e-03 3.92252347e-03 2.14412645e-03 5.55468798e-01 4.08204615e-01 2.14412645e-03 2.14412645e-03 2.14412645e-03 1.85669400e-02 3.11655435e-03]
 [8.38458163e-07 8.38458163e-07 8.60721173e-07 9.95239139e-01 2.77523417e-03 8.38458163e-07 8.38458163e-07 8.38458163e-07 1.96879730e-03 1.17054678e-05]
 [3.56547683e-02 1.37761652e-01 3.56547683e-02 3.56547683e-02 4.92145717e-01 3.56547683e-02 3.56547683e-02 3.56547683e-02 1.20509245e-01 3.56547683e-02]
 [1.81750464e-03 4.29537753e-03 1.81750464e-03 9.40602243e-01 3.27888690e-02 1.81750464e-03 1.81750464e-03 1.81750464e-03 1.14084175e-02 1.81750464e-03]
 [3.89571505e-04 5.59774169e-04 3.89571505e-04 9.71095562e-01 1.87701695e-02 3.89571505e-04 3.89571505e-04 3.89571505e-04 7.23705906e-03 3.89571505e-04]
 [7.35536014e-06 3.20018245e-07 2.74713733e-04 9.86760378e-01 9.80732497e-03 3.20018245e-07 3.20018245e-07 3.20018245e-07 3.14854714e-03 3.20018245e-07]
 [1.00036873e-03 1.60097225e-05 1.98795926e-03 9.62524831e-01 2.15088688e-02 1.60097225e-05 1.60097225e-05 2.90494772e-05 1.28848338e-02 1.60097225e-05]
 [6.31491857e-05 1.11761949e-06 1.43663434e-03 1.11761949e-06 9.90701199e-01 1.11761949e-06 1.11761949e-06 1.11761949e-06 7.79235270e-03 1.11761949e-06]]
distance_matrix:
[[150.79285  179.40482  173.0088   153.70987  154.52502  162.83066  152.14478  151.1544   172.95607  165.64532  169.42172  171.23254  172.2222   170.97995  190.29927 ]
 [145.8807   199.05995  197.29396  157.3858   159.48691  179.26646  147.52332  146.4307   197.19571  143.45485  191.01758  194.24081  195.95828  193.77438  145.51367 ]
 [165.88242  209.04553  206.10812  173.65906  175.91544  191.06143  166.41681  166.1804   206.02708  165.68028  200.69232  203.51408  204.98294  203.1659   180.7961  ]
 [114.71839  143.94391  145.26274  119.25671  120.615486 132.80067  114.73743  114.7901   145.18819  118.41989  140.62242  143.04219  144.30219  142.71407  142.82118 ]
 [ 82.8509    89.07742   82.82785   78.71892   78.94836   78.600395  83.095     82.85804   82.8047   106.963554  81.112755  81.9762    82.45035   81.89008  152.71568 ]
 [127.00935  102.04329   89.930954 112.18505  110.54645   95.67923  127.431946 126.86305   89.96504  175.48146   91.71758   90.713135  90.24912   90.88829  247.47687 ]
 [ 98.29921  114.28563  110.67998   97.72548   97.94201  103.1142    98.543365  98.35112  110.63669  114.55173  107.795    109.277725 110.06556  109.07982  151.21095 ]
 [118.372284 134.80644  124.03044  116.352776 116.70823  118.299    119.29717  118.60323  124.006546 141.88658  121.93731  122.98266  123.561035 122.87551  180.50089 ]
 [122.87415   99.3044    91.07916  109.646675 107.92118   95.4119   123.68377  122.775375  91.10001  169.68396   92.41166   91.6191    91.288826  91.71463  236.1124  ]
 [109.78786   98.78842   97.62315  101.78988  100.71899   96.64906  109.83233  109.59105   97.60811  140.76334   96.95632   97.25295   97.45188   97.187065 196.19273 ]
 [137.78056  127.60274  122.091324 129.06837  128.42296  122.08013  138.20436  137.69441  122.087326 172.64265  121.84945  121.91194  121.99888  121.90828  229.02654 ]
 [117.59336  127.992325 128.3564   116.30044  116.645836 121.21374  117.56756  117.53046  128.30919  133.67577  125.54578  126.9902   127.761406 126.784424 172.70097 ]
 [ 78.832     59.107647  51.8812    66.869705  65.30522   54.90222   79.32861   78.699745  51.8945   121.18841   52.70555   52.198303  51.99888   52.261406 185.45032 ]
 [ 85.474106  71.33533   64.86508   75.17523   74.556175  66.16809   85.51832   85.29998   64.869286 121.79836   65.02229   64.89317   64.86649   64.93964  183.4419  ]
 [103.09883   81.18678   73.285904  90.23162   88.495384  77.073685 103.43245  102.924995  73.30426  146.58043   74.351425  73.72549   73.45801   73.81189  213.62471 ]]
