hid1:
[[0.13762076 0.         0.         0.03450196 0.00309493 0.02370528 0.02779401 0.         0.03656285 0.08596785 0.02823758 0.02603023 0.         0.         0.08437761]
 [0.12772173 0.00805191 0.         0.03842227 0.00204943 0.06265302 0.00201982 0.         0.04994138 0.07782006 0.03204201 0.         0.         0.         0.06362782]
 [0.08488335 0.09465822 0.         0.03657542 0.         0.0155019  0.05599608 0.02775078 0.09603711 0.0674476  0.02288702 0.02077821 0.06452074 0.02702732 0.07139669]
 [0.11720529 0.         0.         0.01514476 0.02267643 0.06430372 0.         0.00062411 0.03343051 0.06706852 0.0087729  0.00975947 0.         0.         0.03505381]
 [0.11205705 0.         0.         0.00644523 0.01574959 0.05398473 0.00238392 0.         0.02305768 0.07508525 0.01317356 0.02597888 0.         0.         0.03480631]
 [0.11896726 0.         0.         0.01877969 0.01311246 0.0646909  0.         0.         0.03598991 0.06021816 0.03014415 0.         0.         0.         0.04896263]
 [0.         0.13252929 0.         0.08293751 0.18268968 0.         0.17087412 0.15550345 0.03536326 0.         0.02580184 0.09220721 0.03177284 0.19516283 0.        ]
 [0.         0.11779603 0.         0.09103233 0.17522164 0.         0.10934374 0.076718   0.00847876 0.         0.00341663 0.07735273 0.07001105 0.1553111  0.00761224]
 [0.         0.10940679 0.         0.15698072 0.18880416 0.         0.11323106 0.         0.         0.         0.00451914 0.07481377 0.07736721 0.13764447 0.        ]
 [0.         0.11434553 0.         0.10803723 0.06895905 0.         0.09734204 0.         0.06331009 0.         0.01129154 0.115918   0.10323171 0.11196768 0.        ]
 [0.         0.06942751 0.         0.125203   0.09791289 0.         0.04658586 0.         0.03950385 0.         0.00216253 0.08856887 0.06869163 0.10009053 0.01901512]
 [0.         0.16695635 0.         0.11368876 0.08548753 0.         0.10188746 0.         0.07756556 0.         0.         0.09259764 0.10477747 0.12453538 0.01625992]
 [0.17154998 0.2032574  0.         0.13716237 0.14538522 0.18157862 0.16681534 0.18368608 0.05693205 0.12724032 0.04220442 0.         0.09191965 0.09741043 0.04535973]
 [0.16211465 0.22674409 0.         0.0602326  0.13844657 0.18082286 0.21907206 0.2921238  0.07852344 0.08359566 0.1047968  0.         0.08138465 0.15598528 0.08777875]
 [0.07831037 0.16301966 0.         0.07655177 0.12402929 0.12276921 0.14319527 0.20242831 0.06688335 0.08473306 0.08672545 0.         0.1046717  0.15628731 0.06878094]]
hid2:
[[ 0.05145112  0.05561053  0.00014914  0.05392882  0.03978852  0.02032889  0.04482818  0.02149392  0.05821147  0.04395255  0.02556816  0.04511683  0.04972002  0.05332198  0.04825961]
 [ 0.0291801   0.0108096  -0.00263245  0.01808092  0.05460254  0.04336334  0.03241843  0.0447272   0.02501456  0.03152559  0.05358056  0.02377948  0.02039204  0.02466917  0.03858555]
 [ 0.04752691  0.05730256 -0.00050097  0.05932207  0.02879045  0.01656772  0.04572726  0.01846847  0.05355745  0.04367076  0.01942765  0.04963382  0.0521863   0.05209864  0.04517023]
 [ 0.06014019  0.05519688 -0.00128963  0.05401951  0.0441604   0.02659277  0.04515902  0.02856433  0.06215212  0.05001567  0.03787454  0.04228372  0.05034615  0.05488158  0.05514802]
 [ 0.06030844  0.05638141  0.00099836  0.05573003  0.04571245  0.0251052   0.0447825   0.02817637  0.06313574  0.04897774  0.03391842  0.04314683  0.04925061  0.05512069  0.05642639]
 [ 0.05720202  0.05471662 -0.00078651  0.05445942  0.04224777  0.02559804  0.0451118   0.02740207  0.06027067  0.04819981  0.03470847  0.04284225  0.05007335  0.05383794  0.05366045]
 [ 0.07518995  0.05011548  0.00268595  0.0410733   0.06934723  0.04072529  0.04314204  0.04582285  0.06579471  0.05593111  0.06362001  0.03276757  0.04757572  0.05518577  0.06447702]
 [ 0.07550132  0.0501669   0.00330051  0.04171183  0.0701576   0.03993559  0.0428436   0.04601414  0.06612361  0.05558034  0.06233896  0.03305399  0.0465349   0.05550637  0.06508611]
 [ 0.08189069  0.05498438  0.00386236  0.04404392  0.07217969  0.04030171  0.04397254  0.04625364  0.07112587  0.05944965  0.06481928  0.03402129  0.04978795  0.05866469  0.06833777]
 [ 0.05294107  0.02008083 -0.0100945   0.01891737  0.06425414  0.0476858   0.03698821  0.05128943  0.04376413  0.04599495  0.07742694  0.02149151  0.03139194  0.04075645  0.04939897]
 [ 0.07184038  0.0645078  -0.00050074  0.05911309  0.04682526  0.02629185  0.04722725  0.02830544  0.07157797  0.05716586  0.04131243  0.04471924  0.05630101  0.06111569  0.06087197]
 [ 0.06640228  0.06308091  0.00184945  0.05806959  0.03990316  0.02620076  0.04414616  0.02628004  0.06905314  0.05446623  0.03525372  0.04622774  0.0550622   0.05715716  0.05637626]
 [ 0.10246509  0.0656479   0.00281888  0.04522991  0.08508848  0.04678423  0.0461445   0.0483404   0.0918835   0.07158941  0.07972381  0.03095067  0.05672764  0.06796313  0.08079633]
 [-0.00897388  0.02039996 -0.00520276  0.03553808  0.00100443  0.00174418  0.03731432  0.0113631  -0.00587561  0.01229571 -0.00392145  0.05272289  0.03233201  0.02429605  0.00041943]
 [ 0.1060776   0.05030478  0.00308416  0.03034415  0.10128173  0.05823506  0.04176438  0.06578599  0.08369031  0.07213187  0.1016638   0.02158731  0.04660488  0.06241865  0.08354434]]
topics:
[[-1.46400481e-02 -6.85866997e-02 -4.42776754e-02 -9.02890861e-02  3.19308005e-02  1.83230601e-02 -3.12602259e-02 -8.92420672e-03 -3.13722319e-03  5.14041781e-02  8.73387307e-02  2.98614353e-02 -4.74110432e-02 -7.91959316e-02 -1.83246043e-02]
 [-1.12667926e-01 -8.07746500e-02 -1.29474932e-02 -5.49019733e-03  1.77943055e-02  2.20305920e-02  1.11111104e-02  1.99034363e-02 -4.81791906e-02 -6.06085956e-02 -3.91165577e-02  2.65405956e-03 -5.75795323e-02 -3.41779329e-02 -7.10142031e-03]
 [-3.63728714e+00 -9.18325901e-01 -1.47490191e+00 -2.22211838e+00 -3.98453212e+00  2.64481974e+00  7.95316458e-01 -1.22293663e+00 -2.36469269e+00 -3.89470637e-01  2.20727491e+00 -9.49041069e-01  3.29834986e+00 -2.33444285e+00 -2.94844365e+00]
 [ 8.56852680e-02  1.31068617e-01  1.08759543e-02  1.22589618e-01  2.43849354e-03 -1.05890688e-02  6.38032556e-02 -1.64587330e-02  1.06181927e-01  6.85706288e-02 -2.55033448e-02  8.34360644e-02  9.74887386e-02  8.73677731e-02  6.82349205e-02]
 [ 8.88119265e-03 -1.99809633e-02 -1.91369578e-02 -8.72617364e-02 -1.12079173e-01 -3.06325890e-02 -3.92946228e-02  8.50405544e-02 -1.34153021e-02  1.51154504e-03  6.48626387e-02  9.32981893e-02  7.62523860e-02  1.06767088e-01 -1.43222407e-01]
 [ 3.51752415e-02  4.71049063e-02 -1.77877415e-02  3.13778609e-01 -3.15049857e-01 -3.84582877e-02  5.98732680e-02  1.12462886e-01 -1.40339926e-01  1.13227233e-01 -3.66870426e-02  1.87760606e-01  6.17742836e-02  3.46167875e-03  8.61121565e-02]
 [ 2.94143051e-01  1.36416197e-01  1.69030186e-02  6.19212575e-02  2.27109641e-01  1.26489684e-01  5.94627038e-02  1.21232703e-01  2.50060201e-01  1.74772665e-01  2.29694813e-01 -6.10146672e-03  9.41694230e-02  1.38739869e-01  2.20077500e-01]
 [-7.23472610e-02 -2.23349798e-02 -2.04305053e-01  1.26230121e-01  1.84794128e-01 -1.19507141e-01  2.43491113e-01 -2.80836895e-02 -8.85009840e-02 -4.02608812e-02  5.80706708e-02 -1.52496155e-02  4.41513695e-02  1.43195361e-01  9.30340439e-02]
 [ 2.85024717e-02 -1.80188119e-02 -2.10081890e-01  2.98484191e-02 -1.10749871e-01  7.00152963e-02  9.05447304e-02 -2.07442208e-03 -2.58780848e-02  4.72590737e-02  1.49659291e-01 -3.16964388e-02 -1.88289303e-02  1.79740757e-01 -1.31341383e-01]
 [-2.79234312e-02  2.12145876e-02  3.46783325e-02  2.67602429e-02  1.80586297e-02 -3.15521704e-03  3.85244749e-02  2.91512571e-02 -5.36236055e-02 -1.42710805e-02 -3.00253406e-02  6.21202551e-02  3.83415520e-02  1.40299425e-02 -1.97560508e-02]]
R:
[[6.09430224e-02 1.68390602e-01 5.18788118e-04 3.81385505e-01 2.27779076e-02 5.18788118e-04 1.55207649e-01 1.28935250e-02 1.93797126e-02 1.77984536e-01]
 [1.03888445e-01 2.73562521e-01 1.36667292e-03 1.36667292e-03 1.36667292e-03 2.22346764e-02 2.49800891e-01 1.36667292e-03 3.25905830e-02 3.12456220e-01]
 [6.19522557e-02 1.55936182e-01 7.38923380e-04 4.12512720e-01 2.24578436e-02 1.28674097e-02 1.28768072e-01 1.25993369e-02 1.93796139e-02 1.72787681e-01]
 [6.16586022e-02 1.68787941e-01 7.77422218e-04 3.32328498e-01 2.39521544e-02 1.41756693e-02 1.99616089e-01 1.40906451e-02 2.05457676e-02 1.64067209e-01]
 [5.56813814e-02 1.75301179e-01 3.71640112e-04 3.42953444e-01 2.05410309e-02 1.18661178e-02 1.94829628e-01 1.14968093e-02 1.74534395e-02 1.69505373e-01]
 [5.78877591e-02 1.75034419e-01 8.09277582e-04 3.39521050e-01 2.26435624e-02 1.36660552e-02 1.90401033e-01 1.31498920e-02 1.95799898e-02 1.67306855e-01]
 [6.47399798e-02 1.47244066e-01 7.59884948e-04 1.59627333e-01 2.18708962e-02 1.23870214e-02 3.02060813e-01 1.31837633e-02 1.86906327e-02 2.59435654e-01]
 [6.33611456e-02 1.50539994e-01 4.99287155e-04 1.60738215e-01 2.15948448e-02 1.22289788e-02 3.00734609e-01 1.27129517e-02 1.81330629e-02 2.59456962e-01]
 [6.44351095e-02 1.28448740e-01 4.64618555e-04 1.75606802e-01 2.10566875e-02 1.17298169e-02 3.09310496e-01 1.29495319e-02 1.79290343e-02 2.58069158e-01]
 [1.05719171e-01 2.22564593e-01 1.74983556e-03 1.74983556e-03 4.04051356e-02 2.30969489e-02 3.12314481e-01 2.37840433e-02 3.48136015e-02 2.33802423e-01]
 [6.45188764e-02 1.27306938e-01 6.18776539e-04 3.68583053e-01 2.40457524e-02 1.35787614e-02 2.10510269e-01 1.46749150e-02 2.06699297e-02 1.55492723e-01]
 [6.28773421e-02 1.46355689e-01 7.63116870e-04 3.86690706e-01 2.37839576e-02 1.34712793e-02 1.92143098e-01 7.63116870e-04 2.02376805e-02 1.52913973e-01]
 [7.03208074e-02 1.01915926e-01 6.41417399e-04 2.05860123e-01 2.24564951e-02 6.41417399e-04 3.59263599e-01 1.39598940e-02 1.88788176e-02 2.06061542e-01]
 [1.15396246e-01 1.58264846e-01 8.87715316e-04 2.68900514e-01 3.57487872e-02 1.87215824e-02 8.87715316e-04 2.20796894e-02 2.97976956e-02 3.49315286e-01]
 [8.44059661e-02 1.11428730e-01 4.52938781e-04 4.52938781e-04 2.56173294e-02 1.34923626e-02 4.39623624e-01 1.56474598e-02 2.16047261e-02 2.87273914e-01]]
distance_matrix:
[[ 3.6632242 16.795494   3.4737606  4.3886995  4.2200823  4.215433  10.772145  10.697526  10.477707  18.082506   4.0824547  3.7377977 11.322996   8.177483  23.880972 ]
 [ 3.6903486 16.969646   3.4997673  4.4251776  4.2499304  4.2493267 10.861865  10.786311  10.560434  18.245552   4.1058292  3.756854  11.376671   8.342146  24.011917 ]
 [ 2.7551422 14.648087   2.6563253  3.3785648  3.228262   3.2160082  9.217173   9.141733   8.98142   16.062473   3.2113485  2.920042  10.013452   6.6604624 21.91623  ]
 [ 3.5222807 12.098745   3.8641815  3.4242754  3.3905592  3.389967   7.315215   7.258443   7.131407  12.952196   3.4154644  3.392806   7.8949547  8.162311  17.798811 ]
 [ 3.378868  11.702397   3.7000055  3.355486   3.307457   3.299739   7.2743607  7.211561   7.1290445 12.8000965  3.4295168  3.3701477  8.086894   7.4623795 17.938164 ]
 [ 4.0239573 12.847797   4.3524075  3.9568453  3.9146204  3.9178886  7.9477243  7.889838   7.7529716 13.694701   3.9248352  3.886876   8.490801   8.767398  18.523315 ]
 [25.430779  13.495304  28.310472  21.283257  21.89735   21.982595  12.700532  12.757981  12.786991  11.677116  22.184864  23.807404  12.593344  31.956598   9.877218 ]
 [19.12249   10.460642  21.64007   15.562139  16.090439  16.164923   8.81829    8.864829   8.836615   8.888441  16.26505   17.672607   8.664745  25.635832   7.8831253]
 [15.154166   9.996618  17.279541  12.219455  12.646415  12.717606   7.437564   7.4680853  7.377619   8.718426  12.707418  13.879571   7.241852  21.668533   8.523022 ]
 [ 3.8440886 15.1890545  4.0065327  3.9884596  3.9063082  3.936306   8.916636   8.860497   8.574694  15.7342205  3.6289215  3.5435991  8.925837   9.744341  20.186953 ]
 [ 4.0113134 14.079641   4.344017   3.885745   3.8484507  3.8877773  7.953685   7.907115   7.6126003 14.404711   3.5521145  3.5929594  7.8624897 10.092341  18.292274 ]
 [ 5.0129404 14.068575   5.416151   4.76138    4.7447786  4.771366   8.46222    8.416362   8.183857  14.451763   4.563774   4.6165304  8.5501    10.820775  18.489244 ]
 [15.727262  11.1539    17.91309   12.562203  13.02102   13.125704   7.6508055  7.6887846  7.476452   9.211491  12.821749  14.114795   6.824957  23.740183   8.164278 ]
 [15.899974  11.9434185 18.053553  12.823682  13.255332  13.37561    8.10592    8.140788   7.892462  10.024284  13.007416  14.282281   7.1858006 24.124315   8.822924 ]
 [15.22667    9.653578  17.409773  12.105065  12.570733  12.65213    6.9292917  6.965049   6.831806   8.073891  12.525848  13.804246   6.5389614 22.023462   7.4422474]]
