hid1:
[[1.51135117e-01 3.56757194e-01 4.92391258e-01 4.75112110e-01 3.19183230e-01 1.10270634e-01 4.86828238e-01 0.00000000e+00 1.01726741e-01 5.36972955e-02 3.54942262e-01 2.54145175e-01 5.85271478e-01 5.21414697e-01 2.31570095e-01]
 [7.26930425e-02 2.83739418e-01 4.95408803e-01 0.00000000e+00 0.00000000e+00 3.17526609e-01 3.41733009e-01 0.00000000e+00 0.00000000e+00 0.00000000e+00 8.85269940e-02 4.56378758e-01 8.97128060e-02 4.94659245e-01 3.96575391e-01]
 [2.10193649e-01 0.00000000e+00 4.12297696e-01 1.25695586e-01 2.25937441e-01 1.08423732e-01 3.59682679e-01 0.00000000e+00 1.32931173e-01 8.97375420e-02 1.97135955e-01 5.54876029e-01 8.45767260e-02 3.25479329e-01 2.93340027e-01]
 [5.43939650e-01 6.44470975e-02 0.00000000e+00 1.88205883e-01 5.23932874e-01 0.00000000e+00 0.00000000e+00 1.94931865e-01 2.87419140e-01 6.25936687e-01 3.16720963e-01 0.00000000e+00 4.53706205e-01 3.31911057e-01 3.90173048e-01]
 [2.00503066e-01 1.45934954e-01 0.00000000e+00 2.48005226e-01 0.00000000e+00 0.00000000e+00 9.97995362e-02 1.08095311e-01 1.77730963e-01 5.50996244e-01 4.02295470e-01 0.00000000e+00 5.27574897e-01 0.00000000e+00 2.30355278e-01]
 [1.47380769e-01 2.05891877e-01 0.00000000e+00 5.04670084e-01 3.77307951e-01 0.00000000e+00 3.30116183e-01 2.69916564e-01 1.43255100e-01 5.27337313e-01 1.52533829e-01 0.00000000e+00 4.88159865e-01 0.00000000e+00 2.46729717e-01]
 [5.64139068e-01 4.29236740e-01 4.91551369e-01 3.63006443e-02 6.82432115e-01 7.33724609e-02 4.31241214e-01 3.06220025e-01 2.64125019e-01 0.00000000e+00 4.05503690e-01 0.00000000e+00 2.08040044e-01 0.00000000e+00 0.00000000e+00]
 [4.37762618e-01 5.20082951e-01 4.89703178e-01 0.00000000e+00 2.97231346e-01 5.92753999e-02 0.00000000e+00 3.24863940e-01 2.35193416e-01 0.00000000e+00 3.61884683e-01 0.00000000e+00 0.00000000e+00 2.83456415e-01 0.00000000e+00]
 [5.27292907e-01 3.49448949e-01 3.92580509e-01 0.00000000e+00 0.00000000e+00 1.51051879e-01 1.71711072e-01 3.85783136e-01 0.00000000e+00 3.25762659e-01 2.88036972e-01 6.09279685e-02 1.24144442e-01 2.22088307e-01 0.00000000e+00]
 [5.60418554e-02 2.47975543e-01 2.20477000e-01 3.01623225e-01 1.68434456e-01 0.00000000e+00 1.35774106e-01 4.00416434e-01 0.00000000e+00 1.34545118e-01 1.07758000e-01 3.60866636e-01 0.00000000e+00 0.00000000e+00 2.88517088e-01]
 [0.00000000e+00 7.97964782e-02 0.00000000e+00 3.69021714e-01 0.00000000e+00 0.00000000e+00 0.00000000e+00 3.48776400e-01 0.00000000e+00 0.00000000e+00 1.63050458e-01 4.07681614e-01 0.00000000e+00 2.32608303e-01 0.00000000e+00]
 [2.26657897e-01 2.06586227e-01 2.25476831e-01 4.86743599e-01 4.35981661e-01 1.17830336e-01 4.17944480e-04 7.55552948e-01 1.40639633e-01 0.00000000e+00 0.00000000e+00 2.70233244e-01 0.00000000e+00 4.36315954e-01 1.07772816e-02]
 [2.89232552e-01 1.65653273e-01 0.00000000e+00 1.01430453e-01 2.17670128e-01 2.72839755e-01 8.70648399e-02 1.71746299e-01 2.37096697e-01 2.41845429e-01 0.00000000e+00 2.88355827e-01 2.14146540e-01 4.12456602e-01 0.00000000e+00]
 [3.52030009e-01 3.58221203e-01 0.00000000e+00 4.97713745e-01 9.19696093e-02 4.44873601e-01 0.00000000e+00 4.64500815e-01 2.20091850e-01 0.00000000e+00 0.00000000e+00 2.75725693e-01 1.27470791e-01 3.60689908e-02 7.63292834e-02]
 [1.25776306e-01 3.26723874e-01 0.00000000e+00 0.00000000e+00 9.28620026e-02 3.55758220e-01 1.86299562e-01 2.13767052e-01 6.48265928e-02 1.08392738e-01 0.00000000e+00 4.96715680e-02 1.72279805e-01 5.26851594e-01 8.18272457e-02]]
hid2:
[[ 0.20284408  0.141683    0.17521353  0.08852913  0.18874666  0.15566312  0.15653807  0.1427779   0.1992346   0.20111963  0.18722387  0.16155347  0.18245526  0.11675538  0.16509496]
 [ 0.14545768  0.04674156  0.17029631  0.10632264  0.16704722  0.13675736  0.15201484  0.1482948   0.21212275  0.24747929  0.22641943  0.16637394  0.21845098  0.02976289  0.24967968]
 [ 0.19170307  0.13998462  0.16037983  0.11482132  0.16049893  0.1441812   0.16185398  0.15577258  0.18377851  0.20334198  0.18954153  0.1800794   0.19447847  0.1177776   0.17309876]
 [ 0.09398018  0.10664435  0.13459805  0.17241926  0.17732993  0.17618258  0.2166268   0.20044345  0.18422797  0.20116548  0.23232909  0.1926915   0.21395257  0.13463272  0.22976108]
 [ 0.0836845   0.08507226  0.11783499  0.16033132  0.14593832  0.13876306  0.19456142  0.20184018  0.17248426  0.19143888  0.20981169  0.20626907  0.22034238  0.1134493   0.22887899]
 [ 0.07094744  0.12957327  0.1323484   0.20484239  0.14718667  0.19182439  0.2209332   0.20863825  0.14512043  0.16434321  0.16923055  0.20083135  0.19658291  0.15219171  0.22047801]
 [ 0.24267973  0.26601785  0.21325156  0.1798975   0.14898388  0.23424508  0.18825     0.15406074  0.13992164  0.17351827  0.12653707  0.17796202  0.15825932  0.18920904  0.12158376]
 [ 0.28870767  0.33226335  0.24655192  0.18747458  0.19764853  0.2750173   0.20796162  0.15699364  0.15708488  0.17186797  0.1409949   0.17045367  0.1405803   0.24507882  0.09533869]
 [ 0.2799642   0.33912414  0.24854326  0.21368124  0.19620547  0.29975387  0.23011154  0.15917614  0.14685588  0.17955716  0.15696108  0.1662359   0.14673272  0.2546287   0.10207344]
 [ 0.0357202   0.14175761  0.1578647   0.24415094  0.17179964  0.26378655  0.26338592  0.22860773  0.13922793  0.16139455  0.19481343  0.18686825  0.19267413  0.19425724  0.2303242 ]
 [ 0.08237606  0.1858961   0.12468445  0.21705535  0.13017325  0.20673344  0.228564    0.21704714  0.12037756  0.1314462   0.13805893  0.2122335   0.18368496  0.20100883  0.17472161]
 [ 0.13016073  0.23104484  0.17972581  0.21330507  0.13774364  0.2602886   0.21611324  0.21878782  0.1432388   0.14577663  0.14541456  0.20816968  0.16678049  0.21885982  0.14939217]
 [ 0.19498166  0.25792     0.19806375  0.15960944  0.23095474  0.27086514  0.2331809   0.17167185  0.1797077   0.16502994  0.19063054  0.15758789  0.15907782  0.23344573  0.1259377 ]
 [ 0.0158455  -0.00951819 -0.07220799  0.0343105   0.02369042 -0.05476123  0.13111977  0.18614943  0.11797652  0.11893461  0.16447501  0.24246013  0.26016843  0.07400101  0.14331664]
 [ 0.18885183  0.19762646  0.2514109   0.18839338  0.264907    0.3108592   0.2549239   0.17034416  0.20999613  0.23968208  0.28117466  0.13163787  0.18490651  0.19403304  0.20124742]]
topics:
[[ 3.77857685e-01 -1.19039200e-01  2.20372185e-01 -1.11752287e-01  4.42583233e-01 -5.33117428e-02  1.38072446e-01  1.12043560e-01  5.41269422e-01  5.93611121e-01  8.25599253e-01  1.48431063e-01  4.27652627e-01 -1.09911069e-01  3.73480588e-01]
 [-6.87082052e-01 -3.59938681e-01 -2.26590410e-01  1.05699794e-02  1.18287280e-01 -6.90400526e-02  1.73249632e-01  3.27905983e-01  8.07472691e-02 -2.01952010e-01 -1.42026797e-01  2.43709713e-01  2.06054270e-01 -4.55697030e-02  3.93948466e-01]
 [-2.06040211e+01 -4.89039421e+00 -7.79060698e+00 -1.28181925e+01 -2.22930775e+01  1.55052977e+01  4.25103951e+00 -7.19326305e+00 -1.30276461e+01 -2.07699084e+00  1.23876257e+01 -5.49892473e+00  1.89793873e+01 -1.34971590e+01 -1.67630329e+01]
 [ 4.79928076e-01  8.14265668e-01 -4.61807474e-02  1.47838786e-01 -1.28559411e-01 -9.40517429e-03  5.23002073e-02  1.73117816e-01 -7.50303417e-02 -2.19818264e-01 -4.45825905e-01  4.10368949e-01 -3.75562115e-03  4.80090261e-01 -3.55946571e-01]
 [ 9.76838619e-02 -9.44086760e-02  2.65055173e-03 -3.85707736e-01 -5.73875546e-01 -2.00480819e-01 -2.32811540e-01  6.58100784e-01  8.39942992e-02  2.29144692e-02  6.33402824e-01  5.68799973e-01  4.39929038e-01  6.91476285e-01 -5.88883638e-01]
 [ 1.52729347e-01  3.58208209e-01 -2.66495496e-01  1.83347309e+00 -1.77294207e+00 -3.43404949e-01  2.41406932e-01  7.33503342e-01 -8.31946313e-01  5.11626303e-01 -7.73834018e-03  1.23044264e+00  7.20043182e-01  5.95402718e-02  5.47156096e-01]
 [ 5.89702845e-01  9.22630191e-01  8.86508226e-01  5.93055010e-01  6.56837523e-01  1.13695395e+00  5.31012714e-01  1.88375920e-01  2.95630038e-01  3.31538767e-01  3.29199731e-01 -4.14144713e-03 -2.66866218e-02  6.17509902e-01  1.34984493e-01]
 [-5.10842621e-01 -7.06701055e-02 -1.28320897e+00  6.90381348e-01  1.01522505e+00 -6.46195054e-01  1.44060016e+00 -1.52952418e-01 -5.70874929e-01 -2.20482439e-01  3.74796361e-01 -2.09434465e-01  3.88129264e-01  8.08273911e-01  5.45385301e-01]
 [ 9.32023898e-02 -2.56763771e-02 -1.15173340e+00  1.84272036e-01 -5.61261654e-01  4.33436483e-01  6.25333071e-01  8.80846828e-02 -1.33023337e-01  3.68215889e-01  9.73315656e-01 -8.27275440e-02  4.21312973e-02  1.04793203e+00 -6.52130127e-01]
 [ 2.84667850e-01 -2.73396391e-02  1.50376081e-01 -4.50135358e-02 -1.13400325e-01 -1.10979334e-01 -1.26979247e-01 -1.30023360e-02  6.53172433e-02  1.58718944e-01 -2.02964097e-01  1.62179187e-01  1.29921466e-01 -2.12509483e-01  1.55119807e-01]]
R:
[[2.36185685e-01 1.61255062e-01 3.75024356e-05 8.18124563e-02 2.67589297e-02 3.75024356e-05 1.87297463e-01 1.25316381e-02 2.34006196e-02 2.70683140e-01]
 [2.80993432e-01 2.11536631e-01 1.62817858e-04 1.62817858e-04 1.62817858e-04 2.45221499e-02 1.69879973e-01 1.62817858e-04 2.55394131e-02 2.86877185e-01]
 [2.38377661e-01 1.67968869e-01 6.02799591e-05 8.29524100e-02 2.66976785e-02 1.59298237e-02 1.80755600e-01 1.32088382e-02 2.31309105e-02 2.50917912e-01]
 [2.52177507e-01 2.71386057e-01 6.45771934e-07 4.73404266e-02 1.51859159e-02 3.69724557e-02 2.04976261e-01 1.09654330e-02 3.02044004e-02 1.30790934e-01]
 [2.45865926e-01 2.73503304e-01 1.89896684e-06 5.09264097e-02 2.07295623e-02 4.09213416e-02 1.77999333e-01 1.03542935e-02 2.51055546e-02 1.54592305e-01]
 [1.77020207e-01 2.90065289e-01 1.35792761e-05 4.87954617e-02 1.92590337e-02 4.39363755e-02 2.24811286e-01 1.46678928e-02 2.66313050e-02 1.54799610e-01]
 [1.43561661e-01 1.25752270e-01 3.98311589e-04 1.19693875e-01 3.09669916e-02 2.01753844e-02 2.57518560e-01 1.88394133e-02 1.73978452e-02 2.65695721e-01]
 [1.49303511e-01 9.93904471e-02 1.70005296e-04 1.54277414e-01 3.90576161e-02 8.81364010e-03 2.92116135e-01 2.23100111e-02 1.43939359e-02 2.20167264e-01]
 [1.41475216e-01 1.00300714e-01 4.16230556e-04 1.37006998e-01 3.66785601e-02 1.63988713e-02 3.12419116e-01 2.68914290e-02 1.75612103e-02 2.10851640e-01]
 [1.35081008e-01 3.21615994e-01 1.32008718e-04 1.32008718e-04 3.40306982e-02 4.67529371e-02 2.88501412e-01 2.02116538e-02 2.95955949e-02 1.23946659e-01]
 [1.41172275e-01 2.79681921e-01 1.72107975e-04 9.85635743e-02 3.09111010e-02 4.25837114e-02 2.35273227e-01 1.85086895e-02 2.59137172e-02 1.27219707e-01]
 [1.40167341e-01 2.58182675e-01 1.33705704e-04 1.08304098e-01 3.44375372e-02 3.61135043e-02 2.68380582e-01 1.33705704e-04 2.91952826e-02 1.24951541e-01]
 [1.86812744e-01 1.86460584e-01 3.63552448e-04 1.27933666e-01 3.11765485e-02 3.63552448e-04 2.75043964e-01 2.01533437e-02 2.75598634e-02 1.44132182e-01]
 [2.70483136e-01 2.75394261e-01 9.37571633e-04 1.55743316e-01 4.18117270e-02 2.74644792e-02 9.37571633e-04 2.38110088e-02 3.73041034e-02 1.66112810e-01]
 [2.16688931e-01 1.81817845e-01 2.88944313e-04 2.88944313e-04 3.28284465e-02 1.34157147e-02 3.20455819e-01 2.23850254e-02 2.81134453e-02 1.83716834e-01]]
distance_matrix:
[[ 7.051319   7.3991947  6.929692   7.506258   7.3226376  8.016507   8.391011   9.253593   9.827202   9.922976   8.437156   9.008684   8.55465   10.042191   9.594312 ]
 [ 7.02536    7.4444094  6.93627    7.5367355  7.2470713  7.847205   8.431096   9.463376  10.115137   9.843235   8.191426   8.8873     8.627619   9.304823  10.070134 ]
 [ 5.1539145  5.155802   5.073155   5.8719254  5.4786816  6.819422   7.5737123  8.738531   9.573531   9.454956   7.51208    8.297194   7.664734   6.6551785  9.043958 ]
 [10.367535   9.64674   10.083563   9.11092    9.250908   9.87043   12.048257  12.876741  13.190083  11.144871  10.785603  11.435208  11.355237  14.139299  11.21911  ]
 [ 8.258561   7.683938   8.015591   7.5393934  7.3290625  7.7075033  9.778805  11.131244  11.591428   9.215684   8.432108   9.281213   9.774206  10.720119  10.373671 ]
 [11.519354  10.71036   11.235571  10.288687  10.200026  10.369055  12.829101  14.097897  14.424002  11.473999  11.1821995 12.015889  12.656722  14.760967  12.770867 ]
 [12.582977  14.706453  12.799898  13.631727  14.068403  12.560892  10.412099  10.027437  10.065086  12.388485  11.985481  11.58113   10.932776  22.031809  11.520389 ]
 [12.058868  14.466858  12.2739105 13.119228  13.613909  12.109072   9.759072   9.168062   9.223549  11.960716  11.377102  10.859784  10.10712   21.513676  10.951684 ]
 [11.528847  13.174738  11.684851  12.148169  12.7097    11.356886   9.5440855  9.154236   9.10714   11.128912  11.005299  10.452701   9.859275  21.368729   9.983304 ]
 [10.953115  12.108891  10.761854   9.805067  10.201769   8.627201   9.129222   9.234638   9.164082   8.235842   8.121117   8.025199   8.892476  17.548843   9.71235  ]
 [ 8.714338   9.718586   8.474003   7.957286   7.955905   7.301402   8.229282   8.7498045  9.054746   8.032651   6.95234    7.360428   8.01667   12.248312   9.682295 ]
 [ 9.924927  11.086838   9.877083   9.034597   9.530647   8.190174   8.560914   8.4937935  8.483528   7.8502445  7.8606453  7.6685553  8.01694   17.165447   8.581719 ]
 [ 9.841444  11.224285   9.868221   9.729925  10.246237   8.874311   8.116199   8.007505   7.9808197  8.847118   8.48399    8.207284   8.092877  17.843182   8.817386 ]
 [10.475414  11.186113  10.428564  10.010653  10.488577   9.633379   9.641782   9.771538   9.795656   9.934063   9.650497   9.571528   9.408931  17.660196   9.782775 ]
 [11.074249  12.809275  11.106119  10.923695  11.443712   9.284533   8.270364   8.2053795  8.004234   8.563816   8.537996   8.111035   8.608144  19.735083   9.354424 ]]
