hid1:
[[0.         0.2559232  0.         0.49680394 0.04973736 0.         0.3315475  0.34764087 0.03287107 0.20710519 0.13524938 0.4874364  0.16797835 0.34262317 0.6661661 ]
 [0.02884134 0.20258307 0.         0.4333543  0.10854734 0.         0.27173358 0.30728903 0.1808131  0.30575338 0.17859909 0.42143106 0.06668687 0.20405723 0.56776655]
 [0.         0.12999617 0.         0.42109004 0.01527573 0.         0.25939575 0.31126314 0.275131   0.30914494 0.20039652 0.44377038 0.10508727 0.11791015 0.6187249 ]
 [0.14623486 0.06420412 0.16436033 0.36455086 0.         0.         0.2808597  0.62087035 0.4026644  0.20496036 0.0124115  0.67017704 0.13684928 0.44598633 0.418798  ]
 [0.2173829  0.12060486 0.25909334 0.29766217 0.         0.         0.10076085 0.61032194 0.56739604 0.10851366 0.02701973 0.53843176 0.10881086 0.427012   0.5194593 ]
 [0.10209308 0.08299665 0.05040855 0.39943984 0.13078481 0.00496933 0.20934348 0.5560749  0.3573689  0.         0.         0.54220206 0.1700496  0.4107313  0.43753976]
 [0.668153   0.37005362 0.5068068  0.40926912 0.32837832 0.6847392  0.17692718 0.11819529 0.02318883 0.27365774 0.79043245 0.3649289  0.1579109  0.18573076 0.16357894]
 [0.76472884 0.51209337 0.48392645 0.44506592 0.41539344 0.6277809  0.24355035 0.         0.07833795 0.35129988 0.6880712  0.3629358  0.17696224 0.1908391  0.20323716]
 [0.46192077 0.18565567 0.1718665  0.3411445  0.33451462 0.40603256 0.5002785  0.03533727 0.412481   0.6257705  0.3385482  0.6339981  0.03011292 0.27750424 0.36990485]
 [0.19754364 0.4132893  0.2523418  0.25798935 0.3102695  0.41835696 0.10327652 0.25826213 0.18917838 0.         0.31478286 0.51276296 0.08135743 0.5179878  0.3674043 ]
 [0.34852314 0.24299686 0.2487427  0.3957978  0.4602182  0.30920377 0.22392304 0.36839816 0.20264058 0.1030117  0.43509412 0.43328083 0.07552572 0.573892   0.4846836 ]
 [0.52110964 0.40347537 0.39435312 0.17244285 0.46746874 0.3897307  0.12120862 0.28320795 0.34442937 0.24993522 0.44243369 0.2724309  0.05690403 0.48711774 0.4917677 ]
 [0.5012523  0.47833738 0.45983723 0.1788544  0.25998336 0.6663779  0.38859156 0.27831343 0.09117921 0.06526096 0.41088355 0.03989987 0.12760438 0.5100093  0.388814  ]
 [0.6200326  0.4319983  0.41968378 0.19304773 0.21092139 0.5874595  0.26410806 0.23461232 0.25893334 0.3965233  0.47424826 0.04756589 0.06439845 0.39560893 0.25741288]
 [0.7157615  0.4228301  0.52805185 0.16647041 0.23276299 0.618049   0.2431493  0.04496837 0.1637608  0.34758344 0.47912923 0.         0.13863635 0.29902664 0.01668456]]
hid2:
[[ 0.03933138  0.08997624  0.07134391  0.22598228  0.19393653  0.15057719  0.3658586   0.3973695   0.29431507  0.16895756  0.1770284   0.41238216  0.10275252  0.31861418  0.57645196]
 [ 0.01456209  0.07318931  0.07872787  0.2483924   0.19626126  0.18876746  0.378705    0.39710012  0.28330296  0.17242157  0.21740456  0.40815365  0.10441921  0.30776381  0.60433227]
 [ 0.06755802  0.0800565   0.0811499   0.22647622  0.1696433   0.12830779  0.3566433   0.39625558  0.3043425   0.20779973  0.17523116  0.41290176  0.10941136  0.30065882  0.575621  ]
 [ 0.19847909  0.1900246   0.15824434  0.22786596  0.17903255  0.2397358   0.30657476  0.31552348  0.26059175  0.2523706   0.2680471   0.34179246  0.1077064   0.31941116  0.4318166 ]
 [ 0.28983414  0.23836197  0.21081594  0.22062036  0.17950594  0.27916107  0.2716133   0.27347723  0.25619948  0.30334848  0.31145173  0.30400267  0.10625437  0.31643394  0.3619308 ]
 [ 0.23979254  0.21231434  0.17402723  0.21587677  0.15968569  0.26175255  0.28715196  0.28763238  0.24784395  0.28167838  0.2986703   0.31809098  0.11666282  0.31194866  0.37509206]
 [ 0.38239598  0.36313978  0.2840669   0.24934618  0.21913117  0.43150803  0.24198261  0.19881976  0.19086984  0.29896733  0.41294014  0.23681064  0.09660745  0.3593636   0.24025653]
 [ 0.4259619   0.3763699   0.3133309   0.24441515  0.21948813  0.43795043  0.22675465  0.18527937  0.20037316  0.3301856   0.4235476   0.22385718  0.09625278  0.35131308  0.22383392]
 [ 0.3871074   0.3831335   0.2959628   0.25672343  0.2315122   0.4588442   0.24071261  0.1913988   0.18052407  0.28758806  0.4243456   0.23036914  0.09339537  0.36867052  0.23044708]
 [ 0.20034549  0.17859858  0.17847055  0.22816591  0.18709277  0.28351447  0.30520818  0.30152085  0.25160503  0.2721064   0.33535957  0.31915236  0.11508404  0.31281596  0.42368108]
 [ 0.2164105   0.20770597  0.17147523  0.23007844  0.18648289  0.25756288  0.29884332  0.30527604  0.25495875  0.25463048  0.2806987   0.3330508   0.10432908  0.32459825  0.41449133]
 [ 0.28430286  0.21393818  0.19830087  0.20810789  0.155882    0.24581794  0.2662053   0.28608286  0.2720418   0.31680906  0.29347953  0.31743276  0.10773462  0.30254933  0.37084183]
 [ 0.45269382  0.37345356  0.31801558  0.2136433   0.210039    0.43482718  0.21162312  0.16628739  0.21033251  0.36124343  0.43932894  0.20458722  0.10083167  0.33590066  0.18940948]
 [ 0.39981237  0.02757397  0.17050776  0.08805813  0.01576264 -0.06811729  0.21727139  0.31775028  0.44330668  0.57623947  0.17894508  0.3449152   0.14032501  0.14736465  0.42670292]
 [ 0.4763432   0.376129    0.36587578  0.24010426  0.23296195  0.48385456  0.21024762  0.1578058   0.20933041  0.38713172  0.4952703   0.18853118  0.09815839  0.33238128  0.20901556]]
topics:
[[ 2.68903933e-02 -8.81215930e-02 -2.80330479e-01 -6.35018229e-01  1.58241555e-01  1.30298078e-01 -2.16916338e-01 -1.36086926e-01  3.14156532e-01  4.42354798e-01  6.37615144e-01  1.16771311e-01 -1.03820853e-01 -2.52937347e-01 -3.73978078e-01]
 [-5.68313897e-01 -2.01456860e-01 -2.30319008e-01  3.09191346e-01  2.36065969e-01 -4.62339707e-02  6.05166137e-01  6.79961443e-01  3.10351133e-01 -1.98953882e-01 -7.97870904e-02  6.59981966e-01  1.05681516e-01  3.64296883e-01  1.06473386e+00]
 [-2.41737175e+01 -6.17048836e+00 -9.38055801e+00 -1.50079231e+01 -2.60391083e+01  1.72386036e+01  4.69961405e+00 -8.60645962e+00 -1.56325302e+01 -2.92995858e+00  1.38704376e+01 -6.71043682e+00  2.09147511e+01 -1.58346300e+01 -1.94449005e+01]
 [ 6.38803303e-01  1.07134545e+00 -1.50471106e-01  1.86331421e-01 -1.73134446e-01 -3.94867472e-02  4.56595384e-02  1.46167487e-01 -7.50774145e-02 -1.45434543e-01 -5.51604092e-01  4.54943240e-01  3.37983891e-02  6.57103002e-01 -5.49756706e-01]
 [ 1.28256381e-01 -1.13160521e-01 -3.19798477e-02 -4.35823053e-01 -5.62837064e-01 -2.79634863e-01 -2.41574198e-01  7.73562431e-01  9.63997021e-02  2.46828310e-02  7.16038644e-01  6.29267395e-01  5.50778508e-01  8.71348739e-01 -7.10382879e-01]
 [ 2.68367846e-02  2.46840626e-01 -3.15028012e-01  2.12147522e+00 -2.00243735e+00 -2.77464390e-01  4.53275174e-01  7.99940467e-01 -1.03051007e+00  5.57120383e-01 -5.20342216e-02  1.27426696e+00  6.89195096e-01  7.50695914e-02  6.37070298e-01]
 [ 6.12037063e-01  9.05890524e-01  5.82150877e-01  4.35220540e-01  4.68995571e-01  1.18177795e+00  1.81907356e-01 -7.09831715e-02 -1.37190044e-01  1.10373333e-01  8.46901119e-01 -1.10897776e-02  4.56151664e-02  6.02582574e-01 -1.75957739e-01]
 [-6.39230251e-01 -4.73689660e-02 -1.46525288e+00  8.40008557e-01  1.16321421e+00 -5.97866178e-01  1.70454693e+00 -8.01635608e-02 -7.58225977e-01 -2.87521034e-01  4.63921130e-01 -2.75132775e-01  6.08789980e-01  1.01829481e+00  6.47320330e-01]
 [ 1.09919287e-01  4.34404872e-02 -1.46406174e+00  2.48658031e-01 -7.04271853e-01  4.97839034e-01  7.38925755e-01  1.29412770e-01 -2.41721824e-01  2.61831731e-01  1.04456019e+00 -1.41743585e-01 -5.49813956e-02  1.24893880e+00 -7.74681151e-01]
 [ 1.10902476e+00  6.03644215e-02  6.46594822e-01 -2.14666240e-02 -1.91723257e-02 -1.25986740e-01  2.81909644e-03  1.51506826e-01  7.19970763e-01  1.23893952e+00  3.22149634e-01  1.54460505e-01  1.65381610e-01 -8.19283202e-02  3.29543978e-01]]
R:
[[2.98276376e-02 5.46074271e-01 3.94371928e-05 3.71330641e-02 7.04733608e-03 3.94371928e-05 1.67189822e-01 2.67157075e-03 8.29767995e-03 2.01679796e-01]
 [3.51635031e-02 5.58038354e-01 1.46546445e-04 1.46546445e-04 1.46546445e-04 8.22680816e-03 1.93504795e-01 1.46546445e-04 1.11552710e-02 1.93325043e-01]
 [2.96106935e-02 5.30023396e-01 5.56745763e-05 3.51003446e-02 7.03329034e-03 6.22718735e-03 1.51648521e-01 2.73769395e-03 8.69984645e-03 2.28863344e-01]
 [3.29708681e-02 4.15618926e-01 1.72635235e-04 4.11305651e-02 9.99376923e-03 6.48994697e-03 2.41264433e-01 3.98378540e-03 1.03420606e-02 2.38032952e-01]
 [3.48053761e-02 3.49300921e-01 1.27586245e-04 4.32299450e-02 1.13910735e-02 6.33958494e-03 2.75680423e-01 3.86050041e-03 1.02948882e-02 2.64969736e-01]
 [3.78895141e-02 3.72147739e-01 5.41071407e-04 4.41387743e-02 1.28836008e-02 8.31618626e-03 2.54517704e-01 5.03232144e-03 1.26639642e-02 2.51869112e-01]
 [3.27914469e-02 2.60374993e-01 9.62847334e-05 4.03719768e-02 9.82365664e-03 6.17728569e-03 3.98356616e-01 4.49052406e-03 1.08498735e-02 2.36667275e-01]
 [3.01737338e-02 2.37295389e-01 6.08151968e-05 4.04699557e-02 9.17306729e-03 5.28645609e-03 4.05926049e-01 3.52684199e-03 9.20309592e-03 2.58884490e-01]
 [3.06632239e-02 2.56010205e-01 7.30886386e-05 3.99468727e-02 8.77310056e-03 5.22872247e-03 4.20456737e-01 3.54549312e-03 9.27330926e-03 2.26029292e-01]
 [4.03648838e-02 4.00489122e-01 3.34469136e-04 3.34469136e-04 1.57915056e-02 9.10246745e-03 2.75205135e-01 5.61496615e-03 1.27127022e-02 2.40050346e-01]
 [3.42952050e-02 4.01415706e-01 7.00702585e-05 4.12620082e-02 1.05624590e-02 6.27718912e-03 2.57213712e-01 3.74309742e-03 9.49843321e-03 2.35662103e-01]
 [3.93156260e-02 3.57147813e-01 1.46274251e-04 4.61082570e-02 1.35393934e-02 8.28038901e-03 2.46303245e-01 1.46274251e-04 1.28460638e-02 2.76166618e-01]
 [3.83291133e-02 2.12235436e-01 3.78884171e-04 4.25014235e-02 1.09317768e-02 3.78884171e-04 3.97720814e-01 4.72169556e-03 1.22609716e-02 2.80540973e-01]
 [6.08329549e-02 3.22393209e-01 3.35953693e-04 6.35350645e-02 1.71931013e-02 1.26475645e-02 3.35953693e-04 7.40827527e-03 2.06013005e-02 4.94716555e-01]
 [3.55887525e-02 2.02517927e-01 7.58903043e-05 7.58903043e-05 9.55965649e-03 6.16713241e-03 4.44093496e-01 3.17613501e-03 1.02217793e-02 2.88523316e-01]]
distance_matrix:
[[ 3.2234573  3.249277   3.483162   5.2299843  7.3702545  6.41521   12.768108  14.060875  13.594791   6.0383186  5.666559   6.9451675 15.026756  14.294548  17.232864 ]
 [ 2.6465225  2.9299946  2.5579948  3.5283813  5.017437   4.3022757 10.196188  11.15498   11.114353   4.308609   3.9043102  4.5019836 11.734938   9.41416   13.9424   ]
 [ 2.4672737  2.8559666  2.22023    4.465069   6.4788666  5.505477  13.197308  14.26503   14.358168   5.533737   5.051939   5.640835  14.832937   7.9627266 17.386993 ]
 [ 4.0962963  4.3104095  3.9288464  4.235182   5.336321   4.807584   9.908766  10.716751  10.768345   4.805624   4.514126   4.9063625 11.213411   9.985691  13.154358 ]
 [ 5.065201   5.2468166  4.913597   4.88826    5.8180428  5.3868017 10.029381  10.774944  10.835169   5.360119   5.112379   5.460331  11.244347  10.953079  13.055012 ]
 [ 3.6569824  3.59445    3.8765411  4.736904   6.3644333  5.6900625 10.898388  11.982794  11.624062   5.247841   5.0385876  6.1008224 12.820152  13.894754  14.64624  ]
 [23.671457  22.890137  23.743164  14.799534  11.552349  12.929635   6.0526237  5.6389637  5.556328  12.947136  13.681046  13.00075    5.6111298 30.263674   4.7786255]
 [26.851648  25.962318  27.035416  17.543877  14.106411  15.593141   7.8551025  7.4225597  7.22464   15.56382   16.326185  15.709335   7.4564133 34.56835    6.4388084]
 [10.481949  10.605421  10.080132   6.826433   6.0020714  6.318265   7.2094917  7.3444614  7.716984   6.65361    6.605463   6.0913696  7.4002686 12.955502   8.440762 ]
 [ 7.2852707  7.166151   7.144745   4.853134   4.722515   4.7553873  6.462826   6.9321804  6.956791   4.6903496  4.7340527  4.8221664  7.319607  13.213606   8.392532 ]
 [ 5.618847   5.5517483  5.550934   3.9416924  4.1855507  4.0602484  6.5558205  7.1504917  7.109173   3.9388466  3.9222279  4.1964264  7.6139717 12.341087   8.88253  ]
 [ 8.534725   8.480223   8.296139   5.0788574  4.4100533  4.6768675  5.34914    5.59651    5.7671013  4.758251   4.8416424  4.64666    5.8281517 13.116175   6.700878 ]
 [18.537777  17.97012   18.648327  11.23571    8.779133   9.812652   4.8459206  4.7073765  4.542053   9.883842  10.332947   9.930613   4.8549576 25.855955   4.582409 ]
 [20.697931  20.191662  20.454754  12.283697   9.197987  10.465884   4.9841785  4.5157814  4.752207  10.75387   11.322191  10.286121   4.321169  24.06959    3.8578625]
 [29.089396  28.288645  28.982897  18.670675  14.617048  16.335438   7.959841   7.2366676  7.3723392 16.531828  17.370468  16.17853    6.9636517 33.395214   5.794237 ]]
