hid1:
[[-1.3687061  -1.0930543  -1.1528798  -1.4529017  -1.3438562  -1.328346   -1.2728477  -1.1142082  -1.4143921  -1.2919549  -0.9514533  -1.1321152  -0.4660951  -1.4577388  -1.4223982 ]
 [-1.3707691  -1.4577388  -1.0308301  -1.4535558  -1.4163727  -1.3016859  -1.1601483  -1.0433513  -1.4441433  -1.2770681  -1.2053697  -1.2088599  -1.4577388  -0.59646624 -1.4343712 ]
 [-1.3997135  -1.4577388  -1.4577388  -1.4492791  -1.3996549  -1.3674793  -1.1696897  -0.1398066  -1.4511938  -1.4577388  -1.4577388  -1.424879   -1.0369759  -0.6945666  -1.446037  ]
 [-1.4013447  -0.503453   -1.148584   -1.3913391  -1.2853976  -0.81362057 -0.508833   -1.1851941  -1.4245095  -1.4577388  -1.4577388  -1.1192976  -1.2827994  -1.3344079  -1.1890234 ]
 [-1.3679191  -0.81087303 -0.73568225 -1.2931964  -1.3249578  -0.24582592 -0.15876558 -0.78806096 -1.3489245  -0.05929756  0.50146127 -0.87184834 -0.77733207 -1.3537542  -1.163278  ]
 [-1.4146698  -1.4577388  -1.1509837  -1.376129   -1.3732842  -0.588448    0.24787045 -0.95456195 -1.322903   -0.38313538  0.16136096 -0.9824358  -1.4577388  -1.4074131  -1.1202505 ]
 [-1.4577388  -1.4577388  -1.35176    -0.3444305  -1.3628561  -1.3348517  -0.6835231  -0.9976448  -0.9954903  -1.3549353  -1.3741527  -0.8935274  -1.1738421  -1.1203201  -0.9504092 ]
 [-1.4577388  -1.2872107  -1.1926788  -0.8030843  -1.4577388  -1.3223876  -1.0186208  -0.4901384  -1.2639555  -1.3626076  -1.4577388  -1.2785758  -1.1776885  -0.8993963  -1.1768781 ]
 [-1.2498673  -1.4577388  -1.0741389  -1.0843502  -0.95883787 -1.4577388  -1.3427052  -0.06125255 -1.078079   -1.4577388  -1.1354032  -1.0235234  -0.9752126  -0.9489583  -1.0867727 ]
 [-1.4458879  -1.2940978  -0.5662958  -1.1461225  -1.4080867   0.74906725 -0.63455445 -0.49951518 -0.8999605  -0.11497432  1.1942984  -0.6425658   1.0856546  -1.2705973  -1.1886479 ]
 [-1.4377604  -1.3035425  -0.7232398  -1.3168893  -1.3920919   0.46616176 -0.1250794  -0.6609486  -1.0964454  -0.04769801  1.0141828  -1.4577388   0.44544974 -1.0331242  -1.2142667 ]
 [-1.4220834  -1.2250534  -1.1188073  -1.2753488  -1.3594131  -1.4577388   0.08336903 -0.6870589  -0.7646804  -0.2661832   0.90554774 -1.1973388   1.027463   -1.1562586  -1.4577388 ]
 [-1.4397701  -1.3499644  -0.70296454 -1.227738   -1.3356075  -0.7932033  -0.692274   -1.0757234   0.20491584 -0.01946646  0.17577969 -1.0346956   0.6176468  -1.2116263  -1.4230981 ]
 [-1.4204617  -1.2730907   0.19575529 -1.1885947  -1.2417169  -0.59273547 -0.7270442  -0.8870373  -0.71884817 -1.4577388  -0.03875379 -1.253494   -0.33936393 -1.1689383  -1.3268251 ]
 [-1.4427394  -1.2652607  -1.4577388  -1.4577388  -1.3649588  -1.4577388  -1.1638606  -1.1690693  -0.38421232 -0.06629062 -1.4577388  -1.0433387  -0.22569379 -1.3015428  -1.4191688 ]]
hid2:
[[-1.1674833  -1.1179818  -1.2140023  -1.2020819  -1.2186567  -1.1109788  -1.1203495  -1.1535621  -1.1697143  -1.1351328  -1.0726409  -1.1168773  -1.0076597  -1.0896212  -1.220435  ]
 [-1.8775748  -1.1644629  -0.86679214 -1.2153273  -1.7155443   0.4446044  -0.15942244 -0.61076945 -1.1544973  -0.10089544  0.9477922  -0.7660767   0.8300969  -1.3651831  -1.3959914 ]
 [-1.0963565  -1.0880917  -1.2518251  -1.1810086  -1.1955091  -1.2182516  -1.1772524  -1.2083964  -1.1883391  -1.2517915  -1.2781144  -1.1353139  -1.1404881  -1.0446863  -1.2118092 ]
 [-1.289253   -1.0916733  -1.0629357  -1.102092   -1.2582177  -0.653446   -0.8476156  -1.032773   -1.1828051  -0.87183845 -0.5719797  -1.0648916  -0.64625835 -1.2414415  -1.183689  ]
 [-1.3221321  -1.0600967  -1.083625   -1.0813315  -1.3277214  -0.5472839  -0.7676067  -1.0386455  -1.2369653  -0.88739496 -0.52655214 -1.04562    -0.53130543 -1.2296305  -1.2249957 ]
 [-1.3499069  -1.1185173  -1.0568315  -1.1441121  -1.3068664  -0.5963268  -0.82170624 -0.9960044  -1.1729931  -0.80759525 -0.4456684  -1.0422226  -0.53392303 -1.2481419  -1.218987  ]
 [-1.0289059  -1.1245803  -1.1799784  -1.1785909  -1.0473034  -1.3439229  -1.2690916  -1.1636904  -1.0741545  -1.1876389  -1.3068358  -1.1441123  -1.2989336  -1.0579748  -1.1054329 ]
 [-1.0402305  -1.143102   -1.151157   -1.1912537  -1.0346932  -1.3303561  -1.273575   -1.1376584  -1.0466906  -1.133564   -1.2388333  -1.1404365  -1.2831278  -1.0806574  -1.094494  ]
 [-1.0563736  -1.1443007  -1.1790925  -1.1935346  -1.0519606  -1.3353947  -1.2695882  -1.1606666  -1.0739999  -1.1667793  -1.2695627  -1.1532086  -1.2890267  -1.0830936  -1.1095055 ]
 [-1.7289183  -1.135722   -0.79485685 -1.1710037  -1.5366404   0.32824782 -0.19970241 -0.48154333 -1.0182952  -0.03192274  1.004728   -0.6747542   0.7566174  -1.197926   -1.305691  ]
 [-1.3566909  -1.121624   -1.1077591  -1.1964475  -1.3418139  -0.6603844  -0.8271456  -0.9723159  -1.1517146  -0.81343967 -0.44343853 -0.99583125 -0.4538084  -1.1361336  -1.265344  ]
 [-1.3904103  -1.134882   -1.162272   -1.2506841  -1.4534608  -0.6762376  -0.8849796  -1.0410994  -1.2268806  -0.91090745 -0.53983027 -1.0307131  -0.4868083  -1.1701171  -1.3580347 ]
 [-1.3373691  -1.0962754  -1.12699    -1.1788481  -1.3552523  -0.66201174 -0.8177207  -0.9847701  -1.1718069  -0.8640135  -0.5045264  -0.9850539  -0.4567112  -1.0992199  -1.2754288 ]
 [-1.407058   -1.1245985  -1.0685782  -1.2027318  -1.3844601  -0.52891034 -0.75426155 -0.90921235 -1.139836   -0.7178017  -0.2542596  -0.95182776 -0.29268086 -1.1436331  -1.2862653 ]
 [-1.6988026  -1.1165543  -0.78258014 -1.1545571  -1.5258638   0.32826802 -0.19701111 -0.4717964  -1.0063989  -0.03676362  0.9851672  -0.65829045  0.7550025  -1.172349   -1.2947146 ]]
topics:
[[-1.01983070e+00 -1.60957479e+00  3.77255410e-01 -1.17252600e+00  2.36526817e-01 -7.05895066e-01 -1.07137501e+00  4.78985995e-01  5.90374470e-01  1.33038878e+00  1.64036536e+00 -5.21800876e-01 -5.20627081e-01 -1.32963574e+00 -1.44480560e-02]
 [-7.88694918e-01 -6.63986802e-01 -1.17768057e-01  7.53377825e-02  2.04708755e-01  1.49724543e-01  2.92118669e-01  4.56399113e-01  7.15640262e-02 -2.68605262e-01 -3.41558278e-01  1.43753901e-01  7.63679743e-02  6.48400411e-02  3.48076522e-01]
 [-2.13738155e+01 -7.60646296e+00 -9.64052773e+00 -1.47350597e+01 -2.29938393e+01  1.14398594e+01  1.15760326e+00 -1.00416613e+01 -1.53668833e+01 -4.20672035e+00  1.01174221e+01 -8.25468063e+00  1.52225666e+01 -1.54176693e+01 -1.92772884e+01]
 [-7.38337278e-01 -1.13896942e+00 -1.68926322e+00 -1.29519045e+00 -1.04341316e+00 -2.45028067e+00 -2.00484037e+00 -1.87283695e+00 -1.41564202e+00 -2.24506831e+00 -3.05895996e+00 -1.59705460e+00 -2.65748978e+00 -1.06912696e+00 -1.23964560e+00]
 [ 1.61711514e-01 -2.23820135e-01 -5.44609688e-03 -4.45143461e-01 -5.43031573e-01 -1.47170573e-01 -3.77012789e-01  5.68933547e-01  9.81725939e-03  1.48951309e-03  5.93570352e-01  5.20090580e-01  4.89597559e-01  7.42743492e-01 -7.26840377e-01]
 [ 1.32082805e-01  2.79275119e-01 -2.78076440e-01  1.76992893e+00 -1.78603530e+00 -3.03879231e-01  1.74923927e-01  6.11690700e-01 -9.85507131e-01  4.42447931e-01 -8.35420191e-02  1.06893694e+00  4.88716245e-01  6.04112484e-02  4.30178493e-01]
 [-3.36823775e-03 -2.81539708e-01  1.78673595e-01  3.79914016e-01  3.59190047e-01  1.60466492e-01 -3.49873397e-03 -7.97409937e-02 -3.13081861e-01 -8.91639963e-02 -1.76055394e-02 -3.86798382e-01 -7.33747602e-01 -6.90692008e-01  2.85755306e-01]
 [-4.89950210e-01 -1.30137548e-01 -1.32704008e+00  6.67752504e-01  1.03094125e+00 -6.76080108e-01  1.37115943e+00 -2.63058901e-01 -6.51189208e-01 -2.39868417e-01  3.38094324e-01 -3.29733253e-01  3.88061136e-01  7.74062932e-01  4.62721348e-01]
 [ 8.04126933e-02 -5.20067692e-01 -1.14070165e+00  1.60037711e-01 -5.32771468e-01  5.11247098e-01  6.44032836e-01 -1.01746276e-01 -1.13137089e-01  3.10793579e-01  9.63695645e-01 -3.07017595e-01  3.93254086e-02  1.04892635e+00 -6.95335746e-01]
 [ 2.41877049e-01 -1.07572809e-01  2.58170068e-01  4.42044772e-02 -3.50383259e-02 -3.87189165e-02 -5.38246632e-02  8.45437497e-03  1.38394207e-01  2.75361747e-01 -1.80744186e-01 -4.46387641e-02  1.04294069e-01 -2.21716076e-01  1.63426846e-01]]
R:
[[0.13495705 0.05038899 0.02817308 0.53589326 0.0780054  0.02817308 0.02817308 0.04383394 0.02817308 0.04422905]
 [0.24038066 0.12955113 0.07033195 0.07033195 0.07033195 0.07033195 0.07033195 0.07033195 0.07033195 0.13774458]
 [0.10341781 0.05180929 0.02508832 0.57483244 0.08117891 0.02508832 0.02508832 0.03980592 0.02508832 0.04860237]
 [0.14684178 0.04328143 0.03790536 0.40545994 0.03790536 0.03790536 0.17698468 0.03790536 0.03790536 0.03790536]
 [0.11571673 0.05171322 0.04131357 0.3871844  0.04749795 0.04131357 0.19131982 0.04131357 0.04131357 0.04131357]
 [0.16636644 0.05112453 0.04031809 0.3850362  0.04974897 0.04031809 0.14613335 0.04031809 0.04031809 0.04031809]
 [0.15384342 0.04498699 0.01927635 0.58642066 0.05960447 0.01927635 0.01927635 0.03291917 0.01927635 0.04511992]
 [0.17524844 0.04003783 0.01936195 0.57566106 0.05629222 0.01936195 0.01936195 0.03064507 0.01936195 0.04466757]
 [0.16654994 0.0452859  0.01993369 0.58265764 0.05328734 0.01993369 0.01993369 0.03397717 0.01993369 0.03850731]
 [0.268972   0.10434112 0.06265644 0.06265644 0.14744328 0.06265644 0.06265644 0.08736902 0.06265644 0.07859239]
 [0.16937605 0.06279555 0.03986855 0.3932001  0.09334378 0.03986855 0.03986855 0.06130904 0.03986855 0.06050126]
 [0.1471371  0.06503932 0.04192513 0.42084435 0.10628925 0.04192513 0.04192513 0.04192513 0.04192513 0.05106434]
 [0.14448401 0.07183209 0.03967171 0.40022343 0.10455206 0.03967171 0.03967171 0.06041475 0.03967171 0.05980679]
 [0.18057898 0.06719827 0.04311211 0.35148486 0.10852885 0.04311211 0.04311211 0.06073567 0.04311211 0.05902488]
 [0.2598984  0.10512094 0.06188605 0.06188605 0.15450697 0.06188605 0.06188605 0.08431944 0.06188605 0.08672406]]
distance_matrix:
[[ 21.463867 329.8448    21.874573  51.894775  61.1351    59.58194   24.764038  24.493622  24.302185 320.07248   54.04785   46.681335  51.37555   73.24429  318.55707 ]
 [ 24.440552 363.77448   22.189575  63.855347  74.38449   72.89499   24.004944  24.450104  23.892944 353.64703   66.3811    57.665405  63.16272   88.3017   352.03342 ]
 [ 26.265991 377.4975    22.814453  67.9577    78.60123   77.8624    24.693542  25.569305  24.79425  367.57303   71.861145  62.358093  68.2359    94.83142  365.86667 ]
 [ 51.289642 202.87155   64.44406   33.285645  34.577972  35.225403  74.75113   71.58923   72.75827  197.38672   36.81375   35.72177   36.20706   42.56903  196.3026  ]
 [144.43224  121.181625 172.49257   77.13408   71.215836  71.16502  188.42403  181.24696  184.7519   113.94072   76.39314   84.027664  78.538895  66.3535   112.988266]
 [ 90.84155  142.9805   113.59747   45.39795   44.240417  42.137054 124.81247  118.44934  121.2027   136.54877   46.05957   50.13098   48.23105   42.846863 136.11813 ]
 [ 29.724152 367.62485   28.13144   65.70889   76.94293   75.28534   27.928497  27.847595  27.692535 354.04108   70.58597   63.897247  67.87692   92.219604 352.392   ]
 [ 40.25598  364.8628    40.746826  72.82196   85.21854   81.258026  38.050842  36.72879   37.276062 348.9339    76.90076   71.89374   75.37341   97.106476 347.48474 ]
 [ 35.546112 326.21036   38.89084   58.050446  69.02109   65.06131   37.146942  35.02893   36.11441  309.21796   61.71167   58.467926  60.6326    78.726105 307.6797  ]
 [319.34024   89.29294  364.8122   199.27689  184.95703  182.78581  388.29068  376.6142   382.44614   85.05359  188.92369  205.86319  194.40599  160.8637    84.61279 ]
 [219.96396   96.374115 256.6556   131.24405  121.666565 118.97189  276.21558  266.73584  271.4111    89.79349  121.54648  133.24881  125.353455 102.51718   89.14273 ]
 [229.63171   75.748505 268.90457  130.64087  119.76074  117.47656  289.48157  279.2933   284.29343   70.953094 122.31055  135.34805  126.80109  100.86334   70.47281 ]
 [160.19702  110.91263  191.24911   93.50165   87.73581   83.92572  207.76843  199.51453  203.33505  104.288666  84.30289   92.002625  87.571106  71.789734 103.92352 ]
 [104.28125  132.87064  127.49896   54.894684  50.42517   50.502808 143.57281  137.96933  140.66367  126.19156   52.036377  55.63318   52.774567  46.366455 124.996216]
 [ 90.71564  140.94067  112.78934   48.465057  45.709747  44.4718   127.26965  121.7496   124.09378  134.70627   45.110443  47.718414  46.181824  41.481567 134.00494 ]]
