hid1:
[[0.19584878 0.20541985 0.         0.27153185 0.10646398 0.29331395 0.26884413 0.22231454 0.30612642 0.19740131 0.36639038 0.24863939 0.20749037 0.30871826 0.27376112]
 [0.13720083 0.         0.02907552 0.3223913  0.         0.28253642 0.29279047 0.297442   0.15999229 0.12413423 0.22293493 0.17826088 0.29847577 0.509788   0.22315347]
 [0.         0.         0.0905365  0.22661193 0.         0.13440163 0.23464093 0.3138669  0.15149458 0.         0.15584701 0.31598875 0.3310233  0.09511105 0.        ]
 [0.02487361 0.17067298 0.16029026 0.4159813  0.11220657 0.34178558 0.28333035 0.43620965 0.15489781 0.39704615 0.2647641  0.25654426 0.1507343  0.0856576  0.08285076]
 [0.04746126 0.13580586 0.21858059 0.36125734 0.2731076  0.3808708  0.38373017 0.38195154 0.04950793 0.248053   0.27917248 0.22475421 0.         0.02062571 0.18610108]
 [0.         0.09402718 0.         0.39192352 0.30060136 0.21544747 0.33981732 0.32432494 0.05949378 0.24014585 0.3119811  0.356502   0.1215284  0.21813795 0.09323787]
 [0.32883164 0.         0.         0.00133059 0.         0.         0.         0.04381398 0.64253676 0.         0.         0.         0.23057847 0.         0.        ]
 [0.23029548 0.         0.06298756 0.         0.         0.         0.11235487 0.21963993 0.38860592 0.         0.03862649 0.         0.43813625 0.21252152 0.        ]
 [0.         0.         0.26682508 0.         0.38853905 0.         0.         0.06531552 0.21657552 0.03861826 0.27637872 0.38518202 0.3914367  0.         0.19698705]
 [0.         0.19487411 0.30767724 0.16689707 0.5110002  0.26531497 0.38617247 0.309318   0.11952174 0.31159955 0.24160816 0.31200817 0.5089057  0.36168036 0.3941675 ]
 [0.         0.2594737  0.27276057 0.0995377  0.25479877 0.18537866 0.43297493 0.32680848 0.20998323 0.22660099 0.35272557 0.282172   0.37126622 0.0737078  0.23827147]
 [0.         0.37624806 0.30792585 0.23508504 0.35423404 0.40199417 0.3430403  0.41923645 0.2236796  0.15778242 0.24868484 0.42205936 0.32839254 0.21220788 0.2816399 ]
 [0.65264064 0.24969542 0.49274087 0.40455613 0.         0.24944103 0.23009408 0.07449366 0.17269114 0.3786615  0.         0.         0.17571993 0.12132189 0.39482337]
 [0.1515983  0.4566008  0.1186356  0.44258    0.         0.37366015 0.32798105 0.0371737  0.2886866  0.4174065  0.         0.02362596 0.31445816 0.17448457 0.16675472]
 [0.44528005 0.32541072 0.20432107 0.40494183 0.         0.40451345 0.28291202 0.         0.21646969 0.01109858 0.20523757 0.12818463 0.1687467  0.08692886 0.34046033]]
hid2:
[[ 0.18028775  0.16522232  0.1907579   0.24898967  0.16205335  0.22932103  0.24934958  0.21731162  0.24033809  0.19839896  0.18881941  0.18422449  0.2547376   0.15286341  0.1854729 ]
 [ 0.16892198  0.15772773  0.21831307  0.27454603  0.18493314  0.28708923  0.26574665  0.23620518  0.25410172  0.22595716  0.23219892  0.19715016  0.25564235  0.13755405  0.23212099]
 [ 0.1738506   0.15505041  0.17955428  0.24637318  0.1459851   0.211111    0.2420633   0.22336563  0.23923361  0.19881949  0.19124079  0.19544101  0.26504374  0.14838561  0.18242905]
 [ 0.12590666  0.11915021  0.11919855  0.18071437  0.14079702  0.16285664  0.22120874  0.25114197  0.2520813   0.17996219  0.22258809  0.23596959  0.30411902  0.15472986  0.14708991]
 [ 0.11870648  0.07265981  0.09541177  0.11560155  0.12651873  0.09975648  0.17720729  0.25462574  0.29191384  0.18609193  0.2498162   0.24957755  0.34362465  0.12562907  0.11781449]
 [ 0.1122863   0.08168031  0.11974365  0.1703783   0.10374248  0.1187986   0.19959761  0.23043728  0.25303686  0.17000628  0.18399534  0.20495431  0.30847526  0.11777633  0.14295004]
 [ 0.1204845   0.05374108  0.08091268  0.08201516  0.12397315  0.0698767   0.15705507  0.25682387  0.31312278  0.19208156  0.27138522  0.2591201   0.36440182  0.11653949  0.10053539]
 [ 0.11098097  0.06655358  0.08952661  0.11303708  0.1234183   0.09208544  0.17696503  0.2536784   0.28926957  0.18120311  0.24475165  0.24732701  0.3450289   0.12389824  0.11684899]
 [ 0.12417822  0.07947137  0.09740798  0.12580028  0.12464504  0.10444068  0.1823402   0.25134593  0.2857647   0.1868076   0.24545623  0.24570131  0.3383925   0.1296786   0.11946022]
 [ 0.18698575  0.16439259  0.22452207  0.31629783  0.16704705  0.27034006  0.28020602  0.214226    0.2241737   0.21890947  0.19277596  0.16340463  0.23113132  0.15061317  0.24079216]
 [ 0.20966756  0.18753463  0.22042648  0.3030658   0.15474889  0.24508753  0.26221848  0.20698655  0.22480166  0.2079909   0.16038269  0.16925658  0.22859916  0.15493314  0.21218076]
 [ 0.19577579  0.21625635  0.21957731  0.3095743   0.15463851  0.2958753   0.2773544   0.22956221  0.20674777  0.20270054  0.1756245   0.19617137  0.22504061  0.18014264  0.20514148]
 [ 0.18537615  0.18147652  0.19910838  0.26571724  0.17580909  0.25028992  0.26207793  0.22028354  0.23415583  0.1988112   0.18719926  0.18579933  0.2432887   0.16458553  0.19609363]
 [ 0.06685118 -0.0507921   0.04187901  0.10331502 -0.06315021 -0.1048859   0.10887936  0.17819609  0.24294116  0.12226284  0.0682345   0.13831453  0.34374645  0.04026884  0.06827556]
 [ 0.21832371  0.20797339  0.24497782  0.30950314  0.22835843  0.32922584  0.29137924  0.23796245  0.25082636  0.24447991  0.2553415   0.20302954  0.2340329   0.17725956  0.24706917]]
topics:
[[ 1.11539155e-01 -1.50069639e-01 -1.91041715e-02 -2.98931479e-01  1.41442671e-01 -1.59250021e-01 -6.66995645e-02  3.28500271e-01  5.84709525e-01  2.82055736e-01  5.67693591e-01  4.12738800e-01  6.06640041e-01 -1.24158049e-02 -4.55153920e-02]
 [-7.57822931e-01 -2.82212496e-01 -1.12675838e-01  1.61895707e-01  8.19283649e-02  5.81645370e-02  3.51927459e-01  3.73904228e-01 -2.66797636e-02 -3.09919655e-01 -2.97233373e-01  1.30824178e-01  2.19386116e-01  5.87009005e-02  3.59075904e-01]
 [-2.09352856e+01 -5.26720047e+00 -8.14521027e+00 -1.30118637e+01 -2.25990238e+01  1.49550591e+01  3.84448600e+00 -7.47888184e+00 -1.35395594e+01 -2.58784771e+00  1.19939880e+01 -5.79996014e+00  1.84001484e+01 -1.37074594e+01 -1.70227947e+01]
 [ 5.06901264e-01  8.66879344e-01 -7.79060051e-02  2.25388333e-01 -1.69183552e-01 -3.16030867e-02  1.61842838e-01  1.34963974e-01 -1.11203492e-01 -1.32758155e-01 -4.72000301e-01  3.86464506e-01  1.32430539e-01  5.40357471e-01 -4.36140537e-01]
 [ 7.93381631e-02 -9.06747952e-02 -3.11736278e-02 -3.71530443e-01 -6.03633523e-01 -2.11872846e-01 -2.11563975e-01  6.39105439e-01  6.63226023e-02  1.89511776e-02  5.78711987e-01  5.63101828e-01  5.01618087e-01  7.14118361e-01 -6.33351624e-01]
 [ 1.10593311e-01  2.62361228e-01 -1.93396822e-01  1.83066070e+00 -1.80024338e+00 -3.01939070e-01  3.58130455e-01  6.37139261e-01 -8.77403855e-01  4.62920487e-01 -9.36414599e-02  1.08873773e+00  6.08662784e-01  5.47819771e-02  5.41344821e-01]
 [ 4.87269253e-01  7.24043846e-01  5.43579757e-01  6.73941135e-01  6.55623674e-01  1.02856410e+00  6.02840662e-01  3.22026521e-01  1.89213827e-01  3.90811443e-01  4.58871603e-01  3.19959998e-01  2.43685916e-02  4.57989395e-01  4.75528032e-01]
 [-5.27517319e-01 -7.83017054e-02 -1.29553676e+00  7.06357241e-01  9.99657393e-01 -6.33369267e-01  1.44946241e+00 -1.98450372e-01 -6.13846719e-01 -2.69028187e-01  3.27810973e-01 -2.32569128e-01  4.04026389e-01  8.29112768e-01  5.19416153e-01]
 [ 9.14690718e-02 -1.94227118e-02 -1.18209231e+00  2.08276406e-01 -5.85744560e-01  4.39898819e-01  6.34554803e-01  8.70342553e-02 -1.56757638e-01  3.17894906e-01  9.31231678e-01 -1.65059894e-01  3.59181613e-02  1.06676757e+00 -6.83899045e-01]
 [ 2.46974647e-01 -7.02550784e-02  2.50255048e-01  2.56156087e-01 -1.36920527e-01 -1.36017606e-01  6.88529685e-02  2.60582827e-02  2.73716748e-01  2.01796025e-01 -9.61837843e-02 -7.16166198e-02  2.50933409e-01 -1.08913220e-01  1.70974717e-01]]
R:
[[1.97430328e-01 1.02538444e-01 3.19646264e-04 4.55373190e-02 1.36251515e-02 3.19646264e-04 2.91566998e-01 1.01076793e-02 1.21472273e-02 3.26407522e-01]
 [2.17232987e-01 1.16795279e-01 3.95457319e-04 3.95457319e-04 3.95457319e-04 9.63474903e-03 3.37159336e-01 3.95457319e-04 1.50032910e-02 3.02592516e-01]
 [2.14035377e-01 1.03781693e-01 2.53351551e-04 4.49611582e-02 1.33151682e-02 7.48369563e-03 2.78003037e-01 1.01306876e-02 1.20913927e-02 3.15944493e-01]
 [3.02581906e-01 1.29888460e-01 1.59738556e-04 5.53347021e-02 1.65807288e-02 9.87776089e-03 2.34734863e-01 1.35435825e-02 1.52074695e-02 2.22090825e-01]
 [3.84298980e-01 1.15854949e-01 1.07022475e-04 5.11035658e-02 1.49362218e-02 8.39519035e-03 1.86032474e-01 1.27362618e-02 1.29612805e-02 2.13574067e-01]
 [2.82452703e-01 1.34482771e-01 3.22705222e-04 5.07694073e-02 1.39596555e-02 8.00848845e-03 1.94086820e-01 1.15328562e-02 1.24787102e-02 2.91905880e-01]
 [4.30299670e-01 1.02584176e-01 6.22742155e-05 5.00694141e-02 1.48747005e-02 7.33144954e-03 1.64691374e-01 1.41038029e-02 1.27903866e-02 2.03192711e-01]
 [3.83389354e-01 1.20893054e-01 1.15887553e-04 5.16608618e-02 1.49813164e-02 8.29481240e-03 1.79062307e-01 1.41441785e-02 1.28602870e-02 2.14597881e-01]
 [3.71404648e-01 1.12363152e-01 1.13680384e-04 5.27525395e-02 1.53452791e-02 9.02521983e-03 1.90169603e-01 1.37060462e-02 1.39855063e-02 2.21134350e-01]
 [1.38119236e-01 1.01305649e-01 1.87125668e-04 1.87125668e-04 1.62281599e-02 9.65262856e-03 3.32920343e-01 1.20510412e-02 1.41765941e-02 3.75172108e-01]
 [1.42081663e-01 9.06515121e-02 4.80510716e-05 4.19093333e-02 1.21899685e-02 6.71410281e-03 3.10785383e-01 8.89824517e-03 1.08198272e-02 3.75901878e-01]
 [1.39622033e-01 1.12636276e-01 3.51057068e-04 5.18320836e-02 1.75407268e-02 1.07666096e-02 3.40904683e-01 3.51057068e-04 1.53409159e-02 3.10654581e-01]
 [1.82675481e-01 1.06039815e-01 2.19327994e-04 4.63144742e-02 1.36785517e-02 2.19327994e-04 3.09949458e-01 1.02748182e-02 1.22194737e-02 3.18409324e-01]
 [2.61487454e-01 1.37088314e-01 2.26935445e-04 7.04551190e-02 2.33384632e-02 1.20049529e-02 2.26935445e-04 1.54953003e-02 1.91171896e-02 4.60559309e-01]
 [1.90519407e-01 8.23099911e-02 6.97728901e-05 6.97728901e-05 1.37302941e-02 6.64114207e-03 3.88689607e-01 9.14001837e-03 1.15550291e-02 2.97274947e-01]]
distance_matrix:
[[ 3.351696   3.3499603  3.3268814  3.8652716  5.544138   4.5995216  6.804537   5.7237473  5.2741985  3.9515877  3.8425436  3.9263887  3.3992567 13.533603   3.957512 ]
 [ 3.17093    3.564639   3.2191     4.2668896  6.301154   4.6309614  7.786927   6.4436674  5.9521875  3.4986773  3.3459377  3.5915108  3.2109718 12.464097   4.164134 ]
 [ 4.005741   4.8710976  3.8798447  4.357337   5.876854   4.235058   7.160301   5.928875   5.5811615  4.830803   4.423232   4.907262   4.252837   9.761965   6.2115993]
 [ 4.291277   3.7033577  4.414295   5.2574053  7.577774   6.5253487  9.144632   7.821684   7.278082   4.565939   4.6806173  4.1874666  4.104352  17.946484   3.898943 ]
 [ 4.899357   4.319338   5.1011066  6.3760653  8.996067   7.611206  10.720329   9.253798   8.645298   4.9228935  5.042136   4.5923204  4.645732  19.244041   4.320286 ]
 [ 4.1453953  4.1925774  4.250864   5.280038   7.6749783  6.035715   9.332132   7.845831   7.3228817  4.4126415  4.340293   4.156358   4.0367727 15.433203   4.627672 ]
 [ 9.620271  12.037962   8.799741   6.7079964  5.130355   5.1381016  4.9061937  4.9455404  5.1576357 12.81577   11.393838  13.396585  10.804073   3.1893158 15.66228  ]
 [10.06636   12.380534   9.123203   6.331107   4.3968678  5.0372963  3.960495   4.205408   4.5028267 13.64802   12.230475  14.043579  11.292033   3.6015215 16.10158  ]
 [11.276478  12.129942  10.358643   7.005538   5.1646004  7.131548   4.6505375  5.1323986  5.3843517 14.821547  13.88337   14.712373  12.224259  11.028296  15.108921 ]
 [ 4.461403   4.60898    4.395548   4.7348394  6.6394978  5.414938   8.066671   6.7691402  6.370222   5.1737423  4.9929647  4.796134   4.479541  14.046512   5.4702435]
 [ 3.455738   3.3848343  3.3143177  3.3313913  4.772331   4.0731297  5.936468   4.923832   4.563444   4.3930607  4.2406015  4.106494   3.572978  12.832462   4.3950977]
 [ 7.3402863  6.3678513  8.004503  11.20589   15.722054  12.91095   18.399248  16.098476  15.12936    5.9098797  6.426406   5.405595   6.5768404 27.648643   4.973833 ]
 [ 6.7525864  6.480381   7.3284664 10.807134  15.045399  11.49452   17.675941  15.310728  14.410311   5.2004128  5.5612135  5.363839   6.21902   22.524588   5.718565 ]
 [ 6.696945   6.7380085  7.2757626 10.627309  14.98748   11.263626  17.69151   15.216133  14.334835   5.3178654  5.5357904  5.2564077  6.1542273 21.788162   6.0888615]
 [ 6.4219646  6.018734   6.8905697  9.858815  13.65082   10.610323  16.050941  13.91618   13.094418   5.19536    5.5058126  5.3035192  5.966031  21.576614   5.500456 ]]
