hid1:
[[ 0.5995296  -0.13439898 -0.0827382  -0.04012586  0.3442781  -0.12365659  0.02078709  0.56594056 -0.09584022 -0.01369371  0.04956916 -0.2906905   0.27490932 -0.18666445 -0.02351378]
 [ 0.4027243  -0.08614118 -0.02882979 -0.11483853  0.21405879 -0.03237895 -0.06291349  0.4328057  -0.161286   -0.23282959 -0.01858133 -0.13119853  0.3989873  -0.11373584  0.00641234]
 [ 0.2637754  -0.36008334 -0.14576194 -0.37992302  0.18634894  0.1541836   0.00547045  0.40206024  0.05364107 -0.19435725 -0.01091913 -0.071418   -0.20798185  0.21667102 -0.36773482]
 [-0.13132522  0.30388978 -0.10572562 -0.12849858  0.03537919  0.16726644 -0.07921118 -0.19838533 -0.21947657 -0.18114263  0.03415927  0.29977602 -0.36434555 -0.22850536 -0.32365006]
 [-0.19455305  0.11147203 -0.28697062  0.21374069  0.04646265  0.06758201  0.00260362 -0.27147356 -0.31757194 -0.21736014 -0.05777397  0.36354423  0.07441029 -0.15304664 -0.17561874]
 [ 0.06566618  0.03980115 -0.36151618  0.14968081  0.18826126  0.47024107 -0.03929662 -0.10137075 -0.13287783 -0.37126496 -0.17662688  0.40563956 -0.17271914 -0.20556086 -0.30804452]
 [ 0.32033694  0.0099235  -0.4068948  -0.5313613   0.21848767 -0.84227896 -0.1856202   0.91521204 -0.05639677 -0.40131956  0.36192912 -0.06478366 -0.11566713  0.26015133  0.2214563 ]
 [ 0.3056313  -0.10688235 -0.11974423 -0.710992    0.06407727 -1.1524976  -0.1836999   1.0588974  -0.00757512 -0.39512652  0.45224687 -0.03943119 -0.08662833  0.4775619   0.00283854]
 [-0.04531294 -0.11435933  0.5448968  -0.21725847 -0.08401893 -0.97894603 -0.15618582  0.39568105 -0.05095718 -0.12737386  0.36304876  0.08557048  0.08887437  0.4203268   0.02201335]
 [-0.19348904 -0.30443382 -0.0785651  -0.282443    0.29397115 -0.12909319 -0.10822007 -0.12479725  0.14737183  0.22619684 -0.34465444 -0.08060002  0.29497448  0.33957008  0.02848446]
 [-0.35292864 -0.20670639  0.32878572  0.03181982 -0.08460711 -0.16950859 -0.20523988 -0.0717327  -0.02828488  0.15172905 -0.21681637 -0.04265909  0.14529797  0.32732826  0.0688262 ]
 [-0.02735099  0.15931989 -0.06229358 -0.31876925  0.15729898 -0.16091043 -0.05458404 -0.03447051 -0.34241927  0.06952523 -0.17191422  0.16686097  0.3590942  -0.09363277 -0.11630715]
 [ 0.35276     0.32956135 -0.71607983 -0.13310698 -0.841131   -0.07072808 -0.56947976  0.30220652  0.00590567  0.22652152  0.20793328 -0.09528821  0.24530317  0.11113431  0.00545472]
 [-0.06922033  0.3469487  -0.454507    0.17831519 -0.8754027  -0.04745677 -0.16622068  0.07777863  0.03399926  0.29498154 -0.13765466  0.29610994  0.5435405   0.11026533  0.11476468]
 [-0.10686733  0.62534124 -0.46476293 -0.03878916 -0.5605562   0.24709436 -0.4069996   0.09344573  0.06630433  0.15322135  0.13748229 -0.07914323  0.3782945   0.15483713  0.09148584]]
hid2:
[[ 8.22317749e-02 -1.72821686e-01 -2.62559593e-01 -2.53102332e-01 -1.99125819e-02 -1.08301407e-04 -1.27178445e-01  1.66107297e-01 -1.00545809e-01 -1.68719124e-02  1.20046742e-01  9.12581161e-02  8.61598849e-02  6.72867894e-02  5.39847836e-02]
 [-5.02569824e-02 -2.55220443e-01 -2.88983166e-01 -3.21110845e-01  1.55148581e-01  1.22620143e-01  6.66641220e-02  1.34874269e-01 -1.31374016e-01  6.92783743e-02  4.49374691e-02 -1.82456389e-01  9.24302936e-02 -1.01765886e-01  2.23519757e-01]
 [ 2.14316640e-02 -6.76086769e-02 -2.15105966e-01 -1.94709137e-01 -7.97914639e-02  8.38409588e-02 -2.53213011e-02  3.16417739e-02 -2.11073205e-01 -4.34469432e-04  4.06639576e-02  1.27525046e-01  7.58372769e-02 -3.37372050e-02  2.91889310e-02]
 [-2.78669670e-02 -7.01418612e-03 -1.67390838e-01 -5.18056005e-02 -1.11796848e-01  7.14523345e-02  2.28900127e-02 -4.67835888e-02 -1.77846074e-01  4.38366756e-02 -1.23210400e-01  1.72846943e-01  8.70204866e-02  3.78752127e-03  2.94341017e-02]
 [ 5.52123040e-03  1.40633369e-02 -2.02747881e-01 -8.81005675e-02 -5.62702566e-02  1.18283257e-01  7.19799176e-02 -6.39646575e-02 -2.35908762e-01  2.58910246e-02 -1.30146012e-01  1.24092780e-01  5.96854538e-02 -6.97936490e-03  5.74499108e-02]
 [ 1.21402144e-02  1.97714269e-02 -1.96743131e-01 -7.06245452e-02 -9.22614858e-02  9.07898545e-02  3.28078717e-02 -5.34925908e-02 -2.11529404e-01  1.87401585e-02 -1.40153989e-01  1.60325974e-01  7.80589581e-02  2.25244425e-02  2.75785662e-02]
 [ 2.04790518e-01 -1.63930625e-01 -3.48580569e-01 -2.45901927e-01  1.20302811e-01 -3.36456388e-01 -2.88330644e-01  4.62231964e-01  1.69756457e-01  3.64246964e-03  2.44571313e-01 -2.69213300e-02  1.01853400e-01  9.03699622e-02  5.41408099e-02]
 [ 1.73351482e-01 -1.96803153e-01 -3.65129143e-01 -2.36014098e-01  1.18453994e-01 -3.23377311e-01 -2.62167215e-01  4.60423559e-01  1.62931904e-01  1.21467356e-02  2.44617373e-01 -4.56935391e-02  1.19845323e-01  1.05137482e-01  7.38570467e-02]
 [ 1.53206795e-01 -1.15204953e-01 -3.41208398e-01 -1.50187045e-01  1.95361730e-02 -2.91893929e-01 -2.40171164e-01  3.48137319e-01  1.03578940e-01 -1.19759273e-02  1.47658765e-01  6.87106252e-02  1.38009846e-01  1.62756264e-01  2.13658973e-03]
 [-1.32464886e-01 -3.38241011e-01 -3.41802776e-01 -2.30281457e-01  6.11560680e-02  9.88454074e-02  5.37692644e-02  1.23241082e-01 -8.02900270e-02  6.40015528e-02 -3.00078094e-02 -1.40077069e-01  2.04441726e-01  8.87823701e-02  1.88554913e-01]
 [-9.54951197e-02 -2.66222775e-01 -3.61095190e-01 -1.69275835e-01 -1.09582376e-02  4.20911722e-02  1.02731120e-03  1.14237815e-01 -5.26130795e-02  3.48341353e-02 -7.85279945e-02 -6.51006401e-02  2.33455017e-01  1.77835822e-01  9.65311527e-02]
 [-2.81204414e-02 -1.05400927e-01 -2.74840742e-01 -1.23616047e-01 -3.87858376e-02  1.06842719e-01  5.26120067e-02  7.60259386e-03 -1.61593288e-01  3.86622101e-02 -9.68822390e-02  3.61663550e-02  1.15188800e-01  7.48475268e-02  7.41817504e-02]
 [ 3.90290096e-02 -4.31834422e-02 -2.85428315e-01 -8.85997340e-03 -1.56707436e-01 -1.44428596e-01 -1.29956573e-01  1.31724134e-01  5.22251427e-03  2.05971114e-02 -8.48985836e-03  1.85493693e-01  1.57049358e-01  1.98527291e-01 -7.51687437e-02]
 [-7.31797144e-02 -5.73163405e-02 -2.70511597e-01  1.09849170e-01 -2.81163782e-01 -1.15468517e-01 -6.83333874e-02  9.82632786e-02 -1.78350471e-02  7.95050859e-02 -6.34365231e-02  2.09299982e-01  2.24928528e-01  1.78878635e-01 -6.79084286e-02]
 [-9.99437124e-02 -2.10999489e-01 -2.32855707e-01  8.24119896e-03 -1.27797395e-01 -1.23490095e-01 -6.06715269e-02  1.99253172e-01  4.11661454e-02  1.33280963e-01  6.65487945e-02  9.21913534e-02  1.70870349e-01  7.03248009e-02  8.67973343e-02]]
topics:
[[ 3.32507879e-01 -4.53816950e-01 -2.83283800e-01 -6.64356053e-01  4.88216341e-01 -5.24342954e-01 -5.65717161e-01  9.13508713e-01  4.56725836e-01  4.27864753e-02  5.69590807e-01 -3.34027380e-01  3.80860120e-02 -2.12978259e-01  2.88006455e-01]
 [-3.73013139e-01 -5.76686442e-01 -4.63148326e-01 -1.33574978e-01 -7.44300857e-02  8.83110091e-02  3.73526141e-02  1.17118940e-01  8.38882774e-02  8.73213410e-02 -2.25548699e-01 -2.04008371e-01  4.83043075e-01  4.06058460e-01  1.37759864e-01]
 [-2.11498737e+01 -5.54184246e+00 -8.26155567e+00 -1.30652094e+01 -2.29323082e+01  1.46070995e+01  3.77563763e+00 -7.68739462e+00 -1.40256462e+01 -2.77587008e+00  1.18657131e+01 -6.03839254e+00  1.81620541e+01 -1.37614851e+01 -1.72310600e+01]
 [ 5.28415859e-01  9.16307986e-01 -3.16390336e-01  3.46079588e-01 -3.74667227e-01 -2.39229709e-01 -1.53854758e-01 -1.85350373e-01 -2.76157171e-01 -2.17273265e-01 -6.05660796e-01  5.95376551e-01  6.35865703e-02  3.40490252e-01 -5.02658606e-01]
 [ 2.60387719e-01 -2.23657623e-01 -1.44232856e-02 -1.64316997e-01 -7.72076130e-01 -2.58479297e-01 -8.75714064e-01  2.24337742e-01 -7.22622778e-03 -2.98396826e-01  3.88130456e-01  1.09626377e+00  2.29710266e-01  5.72001994e-01 -4.73286211e-01]
 [-6.30881786e-02  2.22466841e-01 -2.16683164e-01  2.04446173e+00 -1.89048326e+00 -2.61940777e-01  3.62215072e-01  6.45054519e-01 -8.46899211e-01  5.79593182e-01 -1.23808399e-01  1.21605027e+00  5.32551289e-01  1.23586684e-01  6.12489760e-01]
 [ 2.30203792e-01  2.71028578e-01 -7.11496919e-02 -3.82550091e-01  3.83942187e-01  5.47411382e-01  4.87006724e-01 -2.77081847e-01 -7.47407317e-01  5.02281450e-02  5.61338365e-02 -9.58464220e-02 -4.52072620e-01 -6.47188008e-01  3.82716388e-01]
 [-5.89787185e-01  2.38146484e-02 -1.31690931e+00  7.61459947e-01  9.51416969e-01 -8.09085667e-01  1.41669357e+00 -2.48420149e-01 -7.24196792e-01 -2.73419470e-01  2.80716866e-01 -2.74535328e-01  3.33716214e-01  8.80663633e-01  5.69109678e-01]
 [ 4.44958024e-02 -2.23671928e-01 -1.17983139e+00  2.72498816e-01 -6.25540495e-01  3.88566583e-01  5.01941442e-01 -6.10692762e-02 -2.88786143e-01  1.41805425e-01  8.75896573e-01 -5.19054756e-03 -7.80960843e-02  1.13114309e+00 -4.78225142e-01]
 [-2.74645150e-01  6.64522946e-02  2.13839948e-01  2.94231594e-01 -2.27156997e-01 -1.80706099e-01 -3.86568867e-02 -4.50301208e-02  1.77859277e-01  3.31630170e-01 -3.02986354e-01  2.98874497e-01  8.97915810e-02 -2.98881531e-01  5.51395416e-02]]
R:
[[1.94384053e-01 2.75595576e-01 3.72182316e-04 6.20923564e-02 1.80372879e-01 3.72182316e-04 2.38873690e-01 6.35757716e-03 2.72466503e-02 1.43328328e-02]
 [2.03446910e-01 4.29764092e-01 1.20425818e-03 1.20425818e-03 1.20425818e-03 1.20425818e-03 3.28764349e-01 1.20425818e-03 2.55675777e-03 2.94466279e-02]
 [9.81030166e-02 2.39077136e-01 2.14813161e-03 8.33024159e-02 1.58708736e-01 2.14813161e-03 3.01287264e-01 1.05728768e-02 1.20172342e-02 9.26350951e-02]
 [4.64678975e-04 2.86453843e-01 4.64678975e-04 1.14987776e-01 1.18651964e-01 5.23914758e-04 2.56007195e-01 8.74403585e-03 6.10746676e-03 2.07594469e-01]
 [2.77453684e-04 3.15311611e-01 2.77453684e-04 1.36343017e-01 9.34479833e-02 8.23774666e-04 3.14773798e-01 8.49080738e-03 2.83635012e-03 1.27417699e-01]
 [2.57135631e-04 3.11828524e-01 2.57135631e-04 1.53408200e-01 1.10097021e-01 1.20858767e-03 2.80631900e-01 5.55702578e-03 1.21620798e-03 1.35538265e-01]
 [5.27890980e-01 9.33477283e-02 8.12558847e-06 1.62437946e-01 5.18016182e-02 4.06621723e-03 8.88565410e-05 3.32941562e-02 6.17321581e-02 6.53322414e-02]
 [5.15463114e-01 1.28826469e-01 2.09206664e-05 1.40800476e-01 4.63302024e-02 9.69985034e-03 2.14232845e-04 3.79763804e-02 6.29468709e-02 5.77214472e-02]
 [3.94409984e-01 1.43358007e-01 4.20544493e-05 1.86891556e-01 9.08833593e-02 5.02531836e-03 4.20544493e-05 4.26448695e-02 5.32942712e-02 8.34085643e-02]
 [1.23064063e-01 5.83396673e-01 3.35216901e-04 3.35216901e-04 3.11815925e-02 6.35669567e-03 2.26546615e-01 8.82908609e-03 6.14220696e-03 1.38125764e-02]
 [1.11913085e-01 5.64275324e-01 3.14044912e-04 8.95543694e-02 4.21068147e-02 1.53031235e-03 1.50923014e-01 8.19317531e-03 1.52999833e-02 1.58898700e-02]
 [4.44380827e-02 4.17442441e-01 2.09126374e-05 1.10315628e-01 6.43539652e-02 7.74683955e-04 2.56184280e-01 2.09126374e-05 2.67285854e-02 7.97205269e-02]
 [1.61495611e-01 2.10162356e-01 3.36391880e-04 1.87685728e-01 1.12812229e-01 3.36391880e-04 3.30568105e-02 2.45758016e-02 7.27602318e-02 1.96778417e-01]
 [1.02071106e-01 2.46754155e-01 1.58196362e-03 1.60602957e-01 8.06425363e-02 3.51150781e-02 1.58196362e-03 2.14040428e-02 7.26533979e-02 2.77592868e-01]
 [1.92454591e-01 2.31431350e-01 4.66152240e-04 4.66152240e-04 7.54091516e-02 3.68788838e-02 5.59988841e-02 2.81754658e-02 7.02953041e-02 3.08424056e-01]]
distance_matrix:
[[10.660817  14.612113  11.842211  13.93934   14.016373  13.789181  18.532879  18.2232    15.609669  15.304555  14.959727  13.899991  14.310206  16.703825  15.977064 ]
 [ 9.184027  12.535696   9.839855  11.677777  11.683385  11.487915  17.948711  17.562717  14.672864  13.104893  12.853371  11.785596  12.926084  14.852556  14.385395 ]
 [ 8.397784  11.031014   8.1202135  9.39986    9.579201   9.48881   18.113558  17.690077  14.473907  11.776797  11.673937   9.989252  11.430944  12.7475395 12.360832 ]
 [ 9.831888  11.368806   7.9102707  6.549863   6.8083286  6.72897   22.352905  21.722557  16.93658   10.955517  10.535259   7.8964844 10.600068  10.291119  11.273026 ]
 [11.8582115 12.219469   9.781016   8.056122   7.6180696  7.701302  26.386253  25.622631  20.498499  11.348321  10.984432   8.428086  13.335267  13.140507  14.765083 ]
 [11.273234  12.778315   9.509518   8.624012   8.410176   8.363718  24.332851  23.784029  18.994747  12.607045  12.150893   9.554708  13.162915  13.494831  14.826593 ]
 [20.57165   23.025028  23.904743  26.044224  26.603832  26.214172  11.009306  11.061331  12.040756  25.511799  23.7741    24.851866  17.301743  19.586826  18.196747 ]
 [23.490433  26.560246  27.681435  29.781986  30.74889   30.178543  11.664871  11.734137  13.146965  28.633684  26.61559   28.454977  19.2641    21.642517  19.922195 ]
 [18.617075  23.295399  21.324547  22.771767  23.991367  23.225466  12.018045  12.059135  11.45364   24.388317  21.988186  22.741632  14.446355  16.169645  16.126575 ]
 [13.364167  10.327548  13.630521  12.7738285 11.735169  11.918093  22.42148   21.295969  18.560421   8.625986   8.489454   9.775773  15.10576   15.043604  15.643149 ]
 [11.107445   8.921184  11.564004  10.8251095 10.180072  10.201611  18.533142  17.511057  14.879748   7.2513666  6.780258   8.231477  11.90718   11.878183  12.55164  ]
 [13.462907  11.976127  12.933706  11.5847645 10.77606   10.916185  23.82643   22.896454  19.246578  10.62991   10.160614   9.815658  14.349277  14.462919  15.657267 ]
 [15.3329525 18.548708  15.571785  15.244548  16.135666  15.651995  18.317913  17.979237  15.120808  18.49875   16.761871  15.684155  12.387643  12.485266  13.582355 ]
 [17.400402  17.765854  16.418118  14.939647  15.337591  15.145969  21.604675  21.063961  17.95071   17.75558   16.375198  15.09265   14.0960865 13.19339   14.649683 ]
 [16.60414   18.541416  16.867048  16.239353  17.000523  16.653532  17.437538  17.089096  14.837474  18.998653  17.409723  16.471117  12.994708  12.942633  13.570687 ]]
