hid1:
[[0.01127663 0.         0.         0.00479596 0.         0.02529341 0.         0.         0.01688775 0.         0.         0.05184981 0.         0.         0.01042315]
 [0.         0.         0.         0.         0.00507818 0.05109695 0.         0.03539897 0.04779484 0.         0.         0.05829724 0.0093463  0.         0.06280211]
 [0.         0.         0.         0.         0.         0.0669548  0.         0.         0.0489409  0.         0.         0.0494479  0.         0.01739435 0.06340734]
 [0.00187186 0.         0.         0.         0.         0.0350688  0.         0.0166552  0.03963216 0.         0.         0.04783821 0.         0.         0.01679641]
 [0.         0.         0.         0.0112415  0.         0.03487714 0.         0.02401106 0.02125957 0.         0.00842513 0.04732048 0.         0.         0.01400584]
 [0.         0.         0.         0.         0.         0.03903317 0.         0.01060599 0.04549745 0.         0.         0.07086395 0.         0.         0.        ]
 [0.         0.         0.         0.         0.         0.01626973 0.         0.02484226 0.04627604 0.         0.         0.01780516 0.         0.00685469 0.03222028]
 [0.         0.         0.         0.         0.         0.04177836 0.         0.03653577 0.03854634 0.         0.         0.02557615 0.         0.00119446 0.04269296]
 [0.04847423 0.         0.         0.00263727 0.         0.04627664 0.         0.00528842 0.         0.         0.         0.03529063 0.         0.         0.03197933]
 [0.01591945 0.00065579 0.         0.0293243  0.         0.         0.         0.01364738 0.         0.         0.         0.039779   0.         0.04324301 0.01636965]
 [0.02517898 0.         0.         0.02713728 0.03082367 0.         0.03915853 0.00462651 0.01921191 0.         0.02977484 0.03143978 0.03592977 0.03360179 0.01787625]
 [0.00356435 0.         0.         0.         0.         0.02318702 0.         0.00957801 0.03672827 0.         0.         0.04346955 0.         0.00053261 0.0196076 ]
 [0.00599575 0.         0.         0.01537498 0.01089681 0.         0.         0.02205419 0.         0.         0.01223843 0.04085246 0.         0.00546889 0.02547352]
 [0.0460528  0.01698758 0.         0.         0.01231241 0.         0.04950196 0.         0.03373689 0.         0.         0.07553852 0.04440432 0.02097941 0.01345056]
 [0.0283005  0.03668503 0.         0.         0.01695413 0.02544965 0.02576477 0.00828077 0.06002831 0.         0.         0.07138743 0.         0.03167617 0.01846656]]
hid2:
[[ 2.59452295e-02  1.87386363e-03 -4.48252540e-03  1.81122534e-02  2.00378448e-02  2.78078821e-02  2.07420830e-02  1.56825893e-02  2.26374269e-02  6.11100998e-03  7.12591317e-03  3.59457843e-02  2.18481328e-02  1.76766533e-02  3.76785398e-02]
 [ 3.67365964e-02 -3.96441557e-02 -2.44399682e-02  2.34722532e-02 -1.90277006e-02 -1.59036350e-02  2.88775861e-02 -1.31644038e-02  1.63307656e-02  1.91844404e-02  1.26565788e-02  2.31654365e-02  2.57885642e-02 -1.61663406e-02  3.27218547e-02]
 [ 1.89584251e-02  2.70911474e-02  8.73707328e-03  1.91447586e-02  4.03057337e-02  5.27900793e-02  1.58784669e-02  3.22852246e-02  2.60863155e-02  1.05310755e-03  5.55003807e-03  4.21763584e-02  1.93742644e-02  3.67094576e-02  4.10463884e-02]
 [ 2.85136979e-02 -8.15552101e-03 -9.60891321e-03  1.67002324e-02  1.32959429e-02  1.79146528e-02  2.25259084e-02  9.70891863e-03  2.17410754e-02  7.23535335e-03  7.51215871e-03  3.43689844e-02  2.31818482e-02  1.07798688e-02  3.64660323e-02]
 [ 2.76286788e-02 -4.20926046e-03 -7.50974473e-03  1.75965074e-02  1.59819853e-02  2.18331255e-02  2.17728335e-02  1.21734748e-02  2.22089272e-02  6.90925028e-03  7.85637181e-03  3.44554484e-02  2.19315924e-02  1.38131883e-02  3.70926969e-02]
 [ 2.37804800e-02  1.00434385e-02  3.31257470e-05  1.85399726e-02  2.71847565e-02  3.53568010e-02  1.92767978e-02  2.11547166e-02  2.46474911e-02  4.27579693e-03  6.97165495e-03  3.77094597e-02  2.06901506e-02  2.41211317e-02  3.81990299e-02]
 [ 2.68817544e-02 -2.21064128e-03 -6.38075452e-03  1.69931613e-02  1.83897652e-02  2.38763299e-02  2.12705340e-02  1.39018446e-02  2.26877425e-02  5.93952183e-03  7.48914666e-03  3.56727391e-02  2.21271943e-02  1.57013051e-02  3.75189856e-02]
 [ 2.59341169e-02  1.05141941e-03 -4.20711888e-03  1.80586968e-02  2.09862851e-02  2.66741328e-02  2.05522310e-02  1.62834544e-02  2.35853475e-02  5.62882423e-03  8.21957923e-03  3.59028578e-02  2.10734196e-02  1.85426883e-02  3.81513350e-02]
 [ 2.49180961e-02  4.97137336e-03 -2.54207011e-03  1.76951308e-02  2.38267109e-02  3.07337232e-02  1.99704804e-02  1.84305124e-02  2.37690527e-02  4.77640983e-03  7.17374776e-03  3.72069515e-02  2.14076918e-02  2.08840147e-02  3.82624380e-02]
 [ 3.81679833e-02 -3.93622890e-02 -2.59424336e-02  1.59715302e-02 -1.36339795e-02 -1.37997046e-02  2.90671960e-02 -1.17379334e-02  1.80640351e-02  1.37364538e-02  9.46324132e-03  2.55345255e-02  2.55113319e-02 -1.35344937e-02  3.04393973e-02]
 [ 3.07951551e-02 -1.46158841e-02 -1.27746519e-02  1.60113256e-02  7.78451329e-03  1.14715621e-02  2.37280969e-02  5.77704050e-03  2.11872328e-02  7.91054871e-03  7.99818151e-03  3.27777974e-02  2.31618620e-02  6.42426545e-03  3.52718085e-02]
 [ 2.77371444e-02 -8.07773601e-03 -7.73328356e-03  1.84313469e-02  1.37418322e-02  1.81141570e-02  2.12289784e-02  1.22490879e-02  2.17307024e-02  7.27825612e-03  1.03198113e-02  3.45368348e-02  2.11876146e-02  1.35789346e-02  3.98775823e-02]
 [ 3.02724466e-02 -1.53953563e-02 -1.26170795e-02  1.64083205e-02  8.26223940e-03  1.05211278e-02  2.35000253e-02  6.06956054e-03  2.13409625e-02  8.10331758e-03  8.76042806e-03  3.31181884e-02  2.34159213e-02  6.56423485e-03  3.62879746e-02]
 [ 3.18992771e-02 -1.52407698e-02 -1.34368502e-02  1.56759359e-02  6.76050875e-03  1.06966067e-02  2.42497660e-02  4.80426289e-03  2.16272417e-02  7.76980678e-03  7.89313018e-03  3.16203870e-02  2.22376101e-02  5.78158256e-03  3.37537937e-02]
 [ 3.92309725e-02 -3.89581099e-02 -2.63769664e-02  1.45485476e-02 -1.55061446e-02 -1.32131148e-02  2.95019094e-02 -1.24648586e-02  1.76435113e-02  1.29430760e-02  7.64696673e-03  2.59834509e-02  2.60607935e-02 -1.44016733e-02  2.85865981e-02]]
topics:
[[ 0.05537137 -0.02457832 -0.04621183  0.0591209  -0.09687787  0.00973991  0.04364541 -0.06118078 -0.02465493  0.06496886 -0.00495126 -0.02614655  0.01746331 -0.066934    0.00634002]
 [ 0.06453378 -0.08682074 -0.03280065  0.06154525 -0.04012863 -0.08312777  0.03861233 -0.03438996  0.05174648  0.03694131  0.07345341 -0.04791903 -0.04544547 -0.01834431  0.01675661]
 [ 0.07047105 -0.03392205  0.03654452 -0.03032378  0.01526298 -0.10767308  0.11896892 -0.03922088  0.04521381 -0.01362736  0.12937829  0.05703827  0.04785646  0.0283963   0.01814971]
 [ 0.00734576  0.06520561  0.03005005  0.01823326  0.07674657  0.09229501  0.00664238  0.06204141  0.03215193 -0.0097713   0.00519482  0.05375557  0.01335449  0.07117129  0.05062326]
 [ 0.01899331 -0.05795449 -0.07281801  0.00405825  0.06093253  0.01500776 -0.03686073 -0.08393637  0.03298546  0.03376538 -0.05422115 -0.01374276  0.08157164  0.07244826  0.02969274]
 [ 0.0450328  -0.09555378 -0.08795767 -0.01864866 -0.08270223  0.04931723 -0.01730169  0.06198544 -0.08021745 -0.02991937 -0.04015703  0.00540902  0.00049792 -0.01717287  0.05135784]
 [-0.03238897 -0.00613225  0.07351853  0.1224048  -0.02343272 -0.11845986  0.03067648  0.00353569  0.09700102  0.05651689  0.03013441  0.10521137  0.15326416 -0.04892432 -0.00363417]
 [ 0.05224175 -0.00407581 -0.04359133 -0.03474384  0.01778712  0.01830148  0.04864788 -0.03201985  0.03595384 -0.01217823 -0.05119121  0.03302628  0.05114856 -0.02957315 -0.04432636]
 [ 0.09159045 -0.0782682  -0.03707398 -0.08473571 -0.09231304 -0.01214482  0.01918261  0.00993003 -0.00874495 -0.06815383 -0.02784706  0.07822529  0.00800244  0.00962705  0.03085128]
 [-0.02869674 -0.07550396 -0.05186309  0.06031714  0.076672   -0.00223677  0.01427152  0.04513158 -0.00115292  0.06448625  0.05540698  0.06400394 -0.0487132  -0.09591783  0.21641842]]
R:
[[0.10128494 0.06621177 0.05155662 0.43528515 0.05155662 0.05155662 0.05428986 0.08514513 0.05155662 0.05155662]
 [0.1838168  0.12480278 0.0845512  0.0845512  0.0845512  0.0845512  0.09952206 0.0845512  0.0845512  0.0845512 ]
 [0.07844835 0.0368504  0.02826789 0.6490535  0.02826789 0.02826789 0.03589604 0.05841218 0.02826789 0.02826789]
 [0.0985456  0.0764285  0.06210046 0.35097116 0.06210046 0.06210046 0.06210046 0.10145196 0.06210046 0.06210046]
 [0.09950897 0.07805643 0.05720976 0.38736773 0.05720976 0.05720976 0.05720976 0.09180824 0.05720976 0.05720976]
 [0.08640768 0.06541937 0.04250767 0.5057835  0.04250767 0.04250767 0.04862811 0.08122303 0.04250767 0.04250767]
 [0.09070803 0.07294485 0.05651756 0.40428028 0.05651756 0.05651756 0.05651756 0.09296142 0.05651756 0.05651756]
 [0.08683889 0.07801665 0.05221772 0.43630737 0.05221772 0.05221772 0.0545608  0.08318776 0.05221772 0.05221772]
 [0.086306   0.06642767 0.04914876 0.46460614 0.04914876 0.04914876 0.05216507 0.0847513  0.04914876 0.04914876]
 [0.13271345 0.12518425 0.08481394 0.08481394 0.08481394 0.08481394 0.08481394 0.1389903  0.09422829 0.08481394]
 [0.10090972 0.08996218 0.06559744 0.2995767  0.06559744 0.06559744 0.06559744 0.1078492  0.07371502 0.06559744]
 [0.09440118 0.08698362 0.06289735 0.37295148 0.06289735 0.06289735 0.06289735 0.06289735 0.06827974 0.06289735]
 [0.09530769 0.09035096 0.06869543 0.29673183 0.06869543 0.06869543 0.06869543 0.10183749 0.07229482 0.06869543]
 [0.10066725 0.10175226 0.06216132 0.29407927 0.06216132 0.06216132 0.06216132 0.11725509 0.07543946 0.06216132]
 [0.14064763 0.11870997 0.08041129 0.08041129 0.08041129 0.08041129 0.08401749 0.15021357 0.10435484 0.08041129]]
distance_matrix:
[[0.44952643 0.9489496  0.8272321  0.4406616  0.4343021  0.51716554 0.43666303 0.44960594 0.47041225 0.9312369  0.4735105  0.43973112 0.47766137 0.4792149  0.94565517]
 [0.6582962  1.5527725  0.7900981  0.74825066 0.699386   0.64613307 0.68332756 0.6594626  0.6473347  1.5447083  0.8411133  0.7218286  0.8489791  0.8539896  1.5637507 ]
 [1.1972985  2.7131603  0.95186925 1.4361966  1.3229117  1.059705   1.277312   1.1970046  1.1346357  2.6998324  1.6192324  1.3755009  1.6337161  1.6393385  2.7246678 ]
 [0.4378456  1.1044732  0.70998764 0.47124213 0.44730294 0.47228408 0.4413879  0.4389999  0.44532275 1.095716   0.53114104 0.4580332  0.5355383  0.5425799  1.1136628 ]
 [0.6745508  1.6979742  0.7241571  0.7978988  0.73422027 0.6347451  0.7124114  0.6752548  0.6527512  1.6961408  0.9114187  0.7630942  0.92002845 0.92628    1.7190742 ]
 [0.60668385 1.6448973  0.65173376 0.73026603 0.666777   0.56422746 0.6436795  0.6062938  0.582919   1.6338205  0.84432447 0.69797695 0.8531705  0.8583199  1.6559241 ]
 [0.35618824 0.8455506  0.74051714 0.34447634 0.3400404  0.4275449  0.34247333 0.35751158 0.37845045 0.82986605 0.37705904 0.34399205 0.3802622  0.38512808 0.8448992 ]
 [0.3984114  1.0737295  0.66373706 0.43487638 0.40879297 0.42915416 0.40287733 0.39806378 0.40449858 1.0652733  0.49533772 0.4198296  0.50018215 0.50493526 1.0836937 ]
 [0.29249406 0.6938256  0.7313454  0.25900942 0.26343977 0.38027132 0.2702837  0.29266262 0.3214277  0.67546433 0.2784537  0.26557422 0.28090048 0.2836262  0.69089353]
 [0.47067714 0.85010576 0.9217477  0.43263298 0.4385506  0.56210494 0.4466362  0.470078   0.5011165  0.8326654  0.44817376 0.43802547 0.45056117 0.45226586 0.84767234]
 [0.49967945 0.6573411  1.0890831  0.40582043 0.4360193  0.6361699  0.45425212 0.49870884 0.54801524 0.6343823  0.38795745 0.42618048 0.38803947 0.38856256 0.64686495]
 [0.3340621  0.9299211  0.65122056 0.34954816 0.33295584 0.38169646 0.3308015  0.3347664  0.34718442 0.9150966  0.39769888 0.344653   0.4028554  0.40505815 0.9306964 ]
 [0.5656092  0.7061952  1.1612445  0.47068435 0.50121987 0.70472026 0.5208118  0.56580806 0.615991   0.68943495 0.45056713 0.4901278  0.45148003 0.4504999  0.6997399 ]
 [0.5894761  0.7407028  1.1779172  0.49748093 0.52692664 0.72627914 0.54596996 0.58997023 0.6390369  0.7254406  0.47957242 0.5168996  0.48042178 0.4800805  0.7362158 ]
 [0.38919657 0.6756887  0.8960788  0.32926583 0.344819   0.4990962  0.3573615  0.389247   0.42749268 0.6591166  0.3311171  0.34069318 0.33305365 0.33366805 0.67188   ]]
