hid1:
[[7.6201245e-02 1.9483729e-01 0.0000000e+00 0.0000000e+00 0.0000000e+00 0.0000000e+00 6.0047496e-02 0.0000000e+00 0.0000000e+00 6.2983423e-02 0.0000000e+00 9.3449488e-02 0.0000000e+00 0.0000000e+00 8.4155947e-02]
 [0.0000000e+00 1.9360258e-01 1.1803908e-01 0.0000000e+00 0.0000000e+00 6.9323674e-02 1.7194141e-01 0.0000000e+00 0.0000000e+00 0.0000000e+00 0.0000000e+00 8.8299893e-02 0.0000000e+00 0.0000000e+00 1.4738201e-01]
 [0.0000000e+00 2.3271781e-01 0.0000000e+00 0.0000000e+00 0.0000000e+00 5.5893533e-02 1.2564741e-01 0.0000000e+00 0.0000000e+00 4.4266428e-03 0.0000000e+00 0.0000000e+00 0.0000000e+00 0.0000000e+00 1.4379846e-01]
 [6.8100274e-02 1.7093113e-01 0.0000000e+00 0.0000000e+00 0.0000000e+00 5.3557232e-03 9.4304428e-02 0.0000000e+00 0.0000000e+00 0.0000000e+00 0.0000000e+00 0.0000000e+00 5.9448597e-03 0.0000000e+00 7.1146667e-02]
 [8.0245666e-02 2.6480442e-01 1.7343881e-02 0.0000000e+00 1.8240388e-02 0.0000000e+00 1.2735574e-01 0.0000000e+00 0.0000000e+00 0.0000000e+00 3.5091080e-03 0.0000000e+00 0.0000000e+00 0.0000000e+00 1.5294950e-01]
 [5.5115116e-03 2.1047872e-01 0.0000000e+00 0.0000000e+00 0.0000000e+00 3.8960271e-02 9.1980904e-02 0.0000000e+00 0.0000000e+00 0.0000000e+00 0.0000000e+00 0.0000000e+00 0.0000000e+00 0.0000000e+00 8.0567047e-02]
 [6.3513331e-02 1.4930061e-01 0.0000000e+00 0.0000000e+00 0.0000000e+00 0.0000000e+00 7.6713234e-02 0.0000000e+00 0.0000000e+00 3.0830097e-03 0.0000000e+00 4.0795881e-02 0.0000000e+00 8.2401950e-03 1.3811792e-01]
 [3.6860522e-02 1.3759333e-01 0.0000000e+00 0.0000000e+00 0.0000000e+00 0.0000000e+00 7.6883486e-03 0.0000000e+00 0.0000000e+00 0.0000000e+00 0.0000000e+00 0.0000000e+00 0.0000000e+00 0.0000000e+00 1.1326717e-01]
 [1.2359850e-02 1.3434321e-01 0.0000000e+00 0.0000000e+00 0.0000000e+00 0.0000000e+00 0.0000000e+00 0.0000000e+00 0.0000000e+00 4.8268970e-02 0.0000000e+00 9.6768603e-02 0.0000000e+00 0.0000000e+00 8.3455093e-02]
 [1.8166028e-03 1.4712809e-01 0.0000000e+00 0.0000000e+00 0.0000000e+00 0.0000000e+00 5.0474130e-02 0.0000000e+00 0.0000000e+00 5.7995498e-02 6.9765905e-03 2.6600165e-02 0.0000000e+00 0.0000000e+00 7.4769892e-02]
 [1.2452365e-01 6.5796070e-02 0.0000000e+00 0.0000000e+00 0.0000000e+00 0.0000000e+00 0.0000000e+00 0.0000000e+00 0.0000000e+00 2.1624009e-04 0.0000000e+00 3.6486380e-02 4.8823915e-02 0.0000000e+00 6.4122319e-02]
 [1.4690927e-01 1.2465785e-01 0.0000000e+00 0.0000000e+00 5.1850580e-02 0.0000000e+00 5.1384602e-02 0.0000000e+00 0.0000000e+00 0.0000000e+00 0.0000000e+00 1.4363287e-02 0.0000000e+00 0.0000000e+00 6.4289585e-02]
 [9.6870214e-02 0.0000000e+00 0.0000000e+00 6.3023545e-02 2.8658235e-03 0.0000000e+00 0.0000000e+00 0.0000000e+00 0.0000000e+00 4.0913206e-02 0.0000000e+00 8.3297968e-02 3.8840272e-02 6.7412771e-02 6.8430930e-02]
 [1.3713376e-01 0.0000000e+00 5.2188192e-02 0.0000000e+00 0.0000000e+00 0.0000000e+00 0.0000000e+00 0.0000000e+00 0.0000000e+00 0.0000000e+00 0.0000000e+00 1.3041423e-01 6.1508995e-02 1.6291616e-02 0.0000000e+00]
 [1.5995385e-01 5.1603183e-02 0.0000000e+00 0.0000000e+00 0.0000000e+00 0.0000000e+00 0.0000000e+00 0.0000000e+00 0.0000000e+00 0.0000000e+00 0.0000000e+00 7.7488996e-02 7.7201240e-03 0.0000000e+00 9.2917852e-02]]
hid2:
[[ 5.65884002e-02  9.87709016e-02  3.17372195e-02  1.19044334e-02  3.32689546e-02 -3.76773849e-02  4.12217677e-02 -7.18125561e-03  3.30223963e-02  3.94601077e-02  2.17577480e-02  6.52354881e-02  2.25169398e-02  6.22089952e-04  7.95429051e-02]
 [ 1.17970169e-01  1.94405153e-01  1.40994750e-02 -3.04874722e-02 -2.48959586e-02  4.32039145e-03  3.56479511e-02  5.83588984e-03  1.68678910e-02  6.35370007e-03  7.77246524e-03  8.13761801e-02  1.80036686e-02  3.58511694e-03  9.11749750e-02]
 [ 1.50163621e-01  2.62640387e-01  1.81341451e-02 -6.91184029e-02 -4.58833799e-02  3.03446930e-02  3.14138494e-02  1.70190241e-02  6.66600745e-03 -2.26973612e-02 -3.34656332e-03  9.59609896e-02  1.90852825e-02  1.71940736e-02  9.31251049e-02]
 [ 5.35098128e-02  8.68015662e-02  2.43494231e-02  1.47754224e-02  2.52207443e-02 -3.16833518e-02  3.62387113e-02 -1.20876357e-04  2.57625077e-02  3.95612083e-02  1.44776609e-02  6.40327856e-02  1.77062843e-02 -2.84893904e-03  8.32243487e-02]
 [ 9.75563079e-02  1.63175017e-01  2.00390052e-02 -1.79599598e-02 -9.60393064e-03 -7.50109693e-03  3.56236063e-02  5.99815883e-03  1.95280854e-02  1.47568630e-02  1.00378059e-02  7.74291754e-02  1.84345562e-02  3.29461228e-03  8.77620578e-02]
 [ 1.23232044e-01  2.14960530e-01  1.97824277e-02 -4.01020870e-02 -2.90226564e-02  9.83336475e-03  3.33383866e-02  1.10037467e-02  1.53494440e-02 -1.93286221e-03  3.36744590e-03  8.85125697e-02  2.17022281e-02  7.99915008e-03  9.01350826e-02]
 [ 9.63316113e-02  1.69347003e-01  2.24742219e-02 -2.42555123e-02 -5.71845099e-03 -1.66511163e-03  3.15781310e-02  9.24951956e-03  1.57735310e-02  1.06669031e-02  3.94244026e-03  7.67525211e-02  1.64705757e-02  7.46884383e-03  8.72704312e-02]
 [ 9.05729234e-02  1.47183895e-01  2.00859625e-02 -1.50642404e-02 -3.25552933e-03 -1.07965833e-02  3.64789292e-02  5.45710931e-03  1.88412257e-02  1.71951000e-02  1.12663954e-02  7.45001882e-02  1.64758395e-02  3.86778358e-03  8.73831287e-02]
 [ 9.00839865e-02  1.49193197e-01  2.11168975e-02 -8.23734235e-03 -4.19682451e-03 -1.58858392e-02  3.73552032e-02  2.91831093e-03  2.36096568e-02  2.18490101e-02  1.46431383e-02  7.41239339e-02  1.88649558e-02  5.50599769e-04  8.62464607e-02]
 [ 6.83598965e-02  7.76536614e-02  9.55115631e-03  1.73517652e-02  1.43722091e-02 -3.50208767e-02  4.95227166e-02 -1.35839302e-02  3.05343196e-02  4.39155027e-02  2.70389579e-02  6.71990961e-02  2.16963347e-02 -1.16720824e-02  8.90758559e-02]
 [ 4.55234721e-02  6.29310161e-02  2.84191128e-02  1.74548216e-02  3.43545042e-02 -4.30602655e-02  4.34304997e-02 -2.88407411e-03  2.85398774e-02  4.13898230e-02  2.41886638e-02  6.35973364e-02  1.83487907e-02 -8.14031810e-05  8.09953213e-02]
 [ 7.47342482e-02  1.22064397e-01  2.02575698e-02  1.16848666e-03  7.89272040e-03 -1.99023876e-02  3.58565710e-02  1.61948707e-03  2.31424831e-02  2.95058265e-02  1.20876478e-02  6.97543547e-02  1.81014333e-02 -1.78197213e-03  8.60958248e-02]
 [ 4.71663103e-02  7.17274323e-02  3.04468945e-02  1.98656842e-02  4.14496996e-02 -4.61885817e-02  4.61752340e-02 -1.18083823e-02  3.55938300e-02  4.59333807e-02  2.71781329e-02  6.38879985e-02  2.40841601e-02 -1.82129815e-03  7.95072839e-02]
 [ 4.65311706e-02  3.89276110e-02  2.01095007e-02  2.94684973e-02  3.09973154e-02 -5.48633374e-02  5.35714515e-02 -1.22593287e-02  3.45005728e-02  5.07102832e-02  3.79508995e-02  6.13187067e-02  1.91127807e-02 -7.92137533e-03  8.30868185e-02]
 [ 7.74296299e-02  9.26511660e-02  9.99242812e-03  7.15457369e-03  6.42855465e-03 -2.91729122e-02  4.93277274e-02 -9.50370356e-03  2.71778982e-02  3.55380252e-02  2.57700421e-02  7.10544735e-02  2.08312627e-02 -7.94636086e-03  8.98439139e-02]]
topics:
[[ 0.04877086 -0.11841278 -0.03018448  0.15275018 -0.21591374 -0.02608546  0.07998154 -0.15250981 -0.08601542  0.1945835  -0.05628395 -0.10141687  0.03057388 -0.15909135 -0.03480735]
 [ 0.15099975  0.15800378 -0.02519647  0.1946763  -0.04343589 -0.19371447  0.06951619 -0.09938228  0.12656102  0.18085864  0.22815879 -0.18109757 -0.15366225 -0.05913148  0.05017958]
 [ 0.16937806 -0.05003289  0.11864458 -0.10113826  0.05854857 -0.2665682   0.3040594  -0.11635064  0.13445194 -0.04251356  0.3564218   0.14943255  0.08017497  0.09953907  0.0389247 ]
 [-0.20779027  0.02550841  0.22613108  0.0229116   0.24328098 -0.05905782 -0.11276881  0.15681012 -0.03023918  0.01814535 -0.09087177 -0.04483302 -0.08438919  0.12833008 -0.00844162]
 [ 0.04125346 -0.06351257 -0.14459206  0.0152292   0.2067389   0.07442521 -0.06884854 -0.29024175  0.09013812  0.1187035  -0.18739277 -0.00901022  0.16707712  0.18812105  0.10057314]
 [ 0.0658067  -0.13124017 -0.1468665  -0.03103263 -0.22473972  0.14024591 -0.04670024  0.19233865 -0.17736778 -0.04789853 -0.13144778  0.07911479 -0.10424571 -0.0354362   0.17833501]
 [-0.15472193  0.12412431  0.26541567  0.34599572 -0.05355647 -0.3181885   0.03432314  0.07439815  0.24691427  0.17604522  0.07272548  0.30943     0.33023944 -0.13182546 -0.01190786]
 [ 0.14113522  0.08109172 -0.11123025 -0.11078595  0.03843196  0.02668308  0.07334388 -0.08995063  0.10640232 -0.01381011 -0.13534285  0.1345021   0.09700536 -0.09291542 -0.11112157]
 [ 0.1969182   0.36311454  0.02211963 -0.14641304 -0.05092292  0.08453592  0.02679575  0.02229457 -0.01327128 -0.07159153 -0.03162104  0.12062446  0.02623813  0.04498733  0.09871563]
 [-0.11953776 -0.00822968 -0.08198877  0.2007914   0.4330283   0.06935168  0.05208677  0.08522841  0.00172825  0.21588263  0.15300448  0.13377467 -0.09208834 -0.2580475   0.5711133 ]]
R:
[[0.06699412 0.08818776 0.11278956 0.13055305 0.06699412 0.06699412 0.07468728 0.06699412 0.25881174 0.06699412]
 [0.03611923 0.1045526  0.05110044 0.03611923 0.03611923 0.08550619 0.06396534 0.03611923 0.51427925 0.03611923]
 [0.01406172 0.08422637 0.02584525 0.01406172 0.01406172 0.06781114 0.05143639 0.01406172 0.7003723  0.01406172]
 [0.06687149 0.0879343  0.10278647 0.12786059 0.06687149 0.10196089 0.07455567 0.06687149 0.23741604 0.06687149]
 [0.04316046 0.09648074 0.06896456 0.06856684 0.04316046 0.09025452 0.06902144 0.04316046 0.4340701  0.04316046]
 [0.02901922 0.09176046 0.04295346 0.03614048 0.02901922 0.07633159 0.06835663 0.02901922 0.5683805  0.02901922]
 [0.0421116  0.08713482 0.06201614 0.08339024 0.0421116  0.08430828 0.06144197 0.0421116  0.4532622  0.0421116 ]
 [0.04682    0.09258923 0.08048368 0.08134428 0.04682    0.09653697 0.06440292 0.04682    0.39736286 0.04682   ]
 [0.04720825 0.10372666 0.07647095 0.07462198 0.04720825 0.08986681 0.07413069 0.04720825 0.39234993 0.04720825]
 [0.07380299 0.09961893 0.12397683 0.07380299 0.07380299 0.11329468 0.07380299 0.07380299 0.22029161 0.07380299]
 [0.0696281  0.07943568 0.13840155 0.14241177 0.0696281  0.10671087 0.07176983 0.0696281  0.18275791 0.0696281 ]
 [0.05715646 0.09498708 0.08376968 0.09519022 0.05715646 0.09748572 0.07271297 0.05715646 0.32722852 0.05715646]
 [0.07513205 0.08207651 0.13579501 0.13634516 0.07513205 0.07513205 0.07513205 0.07513205 0.19499105 0.07513205]
 [0.07594535 0.0969453  0.16292809 0.11680176 0.07594535 0.12302016 0.07594535 0.07594535 0.12057792 0.07594535]
 [0.06637263 0.09606744 0.12180889 0.06637263 0.06637263 0.11648477 0.07029156 0.06637263 0.2634842  0.06637263]]
distance_matrix:
[[0.27796137 0.36708486 0.9099957  0.2944337  0.25216937 0.48464692 0.27517533 0.22423482 0.22351384 0.3149246  0.38704336 0.21878904 0.37102276 0.52683437 0.25909352]
 [0.8178779  0.5374745  0.8000518  0.8729788  0.5387007  0.5693184  0.52956045 0.56792223 0.57052195 0.9414685  1.0518988  0.6650756  1.0133371  1.2974713  0.8223655 ]
 [1.8020172  0.8217578  0.6124861  1.9014611  1.042094   0.7186816  0.9911125  1.1740918  1.1796873  2.005094   2.2418387  1.4492264  2.17177    2.6397526  1.7765237 ]
 [0.31827456 0.34091377 0.8270323  0.3466571  0.24799126 0.43704987 0.26221484 0.23448294 0.23083645 0.3884794  0.46408802 0.24512124 0.43610406 0.63486814 0.32287616]
 [1.0624264  0.42491937 0.46148157 1.1360718  0.5386021  0.39503813 0.5148015  0.6191633  0.6216135  1.2029     1.394153   0.80408806 1.3405795  1.7013665  1.0301547 ]
 [1.0423222  0.42248797 0.46994686 1.106263   0.52775955 0.39431548 0.5006459  0.6048076  0.6099279  1.1852082  1.3653117  0.78313607 1.3182352  1.6782582  1.0154487 ]
 [0.22187465 0.32130814 0.8669667  0.23823518 0.20270413 0.4376502  0.22139478 0.17540902 0.17278975 0.27868456 0.33762223 0.1658814  0.320516   0.48907068 0.22533113]
 [0.2660247  0.2660011  0.739926   0.29031205 0.17908955 0.36079943 0.18992853 0.16688108 0.16568089 0.33729506 0.41401994 0.18279737 0.38981777 0.5912081  0.26838434]
 [0.17652726 0.4554479  1.1275997  0.17828643 0.28114045 0.6097361  0.31132615 0.22647393 0.2239871  0.2030319  0.23689038 0.16936356 0.22800314 0.3453385  0.17927575]
 [0.22091538 0.32421732 0.87600017 0.23178357 0.2033934  0.44247985 0.2221806  0.1746816  0.17324632 0.27097183 0.33151805 0.16221857 0.31714618 0.4816701  0.2190482 ]
 [0.1759556  0.58779526 1.3451135  0.1707871  0.3718853  0.7648485  0.40866792 0.2984661  0.29565072 0.19200307 0.19979393 0.20784527 0.195256   0.28332683 0.18869448]
 [0.21586597 0.35374665 0.92713284 0.23025668 0.22416008 0.4798994  0.24607742 0.19016302 0.18852496 0.2607994  0.31841475 0.17127234 0.30222583 0.45684066 0.21371293]
 [0.3032341  1.0581107  2.0581937  0.2713086  0.73346096 1.3058524  0.7964808  0.60872555 0.60256165 0.26520425 0.21735281 0.42927283 0.23331928 0.21433851 0.316028  ]
 [0.47354686 1.2317529  2.2398279  0.43079937 0.9023202  1.4793353  0.9661049  0.7768703  0.7707431  0.42966223 0.37912035 0.5926945  0.4023236  0.37702373 0.48173207]
 [0.23886406 0.7462838  1.5838406  0.2170003  0.4989155  0.9508446  0.54604775 0.4076118  0.4062615  0.21846467 0.21907866 0.29054093 0.22754192 0.2671362  0.23118752]]
