hid1:
[[0.         0.10741024 0.         0.         0.         0.         0.         0.         0.         0.1319904  0.         0.02678654 0.05983652 0.         0.        ]
 [0.         0.15593638 0.0825819  0.         0.         0.         0.12911934 0.         0.         0.         0.         0.10575753 0.02638255 0.         0.        ]
 [0.13504566 0.         0.         0.         0.         0.         0.         0.         0.         0.13539393 0.         0.03315321 0.00731093 0.         0.        ]
 [0.         0.04689223 0.0270445  0.         0.         0.         0.         0.         0.         0.14757164 0.         0.         0.         0.         0.        ]
 [0.         0.07518614 0.         0.11793866 0.         0.         0.11936685 0.         0.         0.08946547 0.         0.         0.00155514 0.         0.        ]
 [0.0326357  0.08376607 0.         0.029677   0.         0.         0.0897617  0.         0.         0.02465301 0.         0.03831235 0.08267272 0.         0.        ]
 [0.1189069  0.07425568 0.07986917 0.00264829 0.         0.         0.         0.         0.         0.02345874 0.02281535 0.05764163 0.10291179 0.         0.00694623]
 [0.         0.03537961 0.         0.         0.         0.         0.         0.         0.         0.00446    0.         0.03180676 0.00251863 0.         0.        ]
 [0.         0.06665825 0.         0.03923283 0.         0.         0.         0.         0.         0.06241946 0.         0.05008673 0.03341893 0.         0.        ]
 [0.09934764 0.02242336 0.         0.         0.         0.         0.         0.         0.         0.         0.02816127 0.08612872 0.         0.         0.05987949]
 [0.02114518 0.02237327 0.         0.         0.         0.         0.         0.         0.         0.04580129 0.         0.         0.07407944 0.0212984  0.        ]
 [0.         0.02661513 0.         0.         0.         0.04535462 0.         0.         0.         0.05932869 0.         0.         0.         0.         0.        ]
 [0.         0.         0.         0.         0.         0.         0.         0.         0.         0.         0.01751851 0.         0.         0.         0.        ]
 [0.05717443 0.         0.         0.         0.         0.         0.         0.         0.         0.         0.2327026  0.         0.         0.08651193 0.17890812]
 [0.         0.00570484 0.         0.         0.         0.0789369  0.         0.         0.1043723  0.08570255 0.         0.         0.03324635 0.10240901 0.        ]]
hid2:
[[ 0.02346771  0.05061944  0.01964315  0.03531273  0.01997985 -0.05004099  0.01833773 -0.01120832  0.03265212  0.05197876  0.00240082  0.03755171  0.03343336  0.00130532  0.06735732]
 [ 0.05508479  0.09649483  0.02427355  0.03503521 -0.02654497 -0.07022145  0.03404146 -0.00775653  0.04450684  0.04510727  0.02767687  0.06051303  0.05511882 -0.01539487  0.07951932]
 [ 0.03715002  0.07773856  0.01767725  0.02570083  0.00732052 -0.04860617  0.01477882 -0.00951845  0.03317328  0.04483061 -0.00037559  0.03604982  0.03376182  0.00291473  0.06738578]
 [ 0.02614442  0.04220094  0.01427504  0.04309486  0.01262239 -0.05343373  0.02531146 -0.0127304   0.03178245  0.05869493  0.01002199  0.03075952  0.02483366 -0.01159669  0.06593895]
 [ 0.02819737  0.05597377  0.02256448  0.03175966  0.01414319 -0.05534418  0.02116086 -0.00500373  0.03007439  0.04902698  0.00990414  0.02791997  0.0188354  -0.00133715  0.06167748]
 [ 0.02679591  0.05532646  0.01805638  0.03441769  0.01514931 -0.05034121  0.01770684 -0.00983952  0.03211365  0.05178607  0.0012201   0.03195399  0.02789787 -0.00234155  0.06228245]
 [ 0.03056593  0.06246992  0.01798854  0.04064473  0.00998418 -0.05569942  0.0193572  -0.01561715  0.03909414  0.05536922  0.00594031  0.03669512  0.03827354 -0.00268138  0.06686024]
 [ 0.02372005  0.04230229  0.02202194  0.03731     0.01899864 -0.05724893  0.02658106 -0.00729102  0.03073141  0.0536006   0.01512426  0.0301693   0.01926664 -0.00564227  0.06375138]
 [ 0.02577785  0.05316392  0.01661235  0.03665411  0.01531261 -0.04974434  0.01746682 -0.01081993  0.0329772   0.05359622 -0.00044537  0.03233852  0.02925224 -0.00453377  0.06137494]
 [ 0.04838617  0.05350339  0.00270665  0.03746965 -0.00305979 -0.05379737  0.03848309 -0.02854629  0.03705721  0.05701173  0.02081164  0.0426251   0.04166799 -0.01480974  0.0783423 ]
 [ 0.02596982  0.0427448   0.01648847  0.04125842  0.01635348 -0.05511846  0.02634216 -0.01333408  0.03217211  0.0576618   0.01326478  0.02986285  0.02340054 -0.00790198  0.06685157]
 [ 0.01945267  0.04203769  0.0256337   0.04422604  0.01549042 -0.05933443  0.02397639 -0.00508626  0.02688908  0.0572667   0.0180746   0.02632294  0.01570498 -0.00445168  0.07024863]
 [ 0.02522484  0.04040166  0.01605148  0.04290213  0.01618307 -0.05517999  0.02759563 -0.01317123  0.03204794  0.05866874  0.01450071  0.03175237  0.02438293 -0.00986896  0.06891319]
 [ 0.02595514  0.04121959  0.0198189   0.04035064  0.01383234 -0.05748806  0.03083029 -0.00669013  0.02786002  0.05549424  0.02222162  0.03241804  0.01818696 -0.01043485  0.07404315]
 [ 0.0514778   0.04591017  0.00091576  0.04373168 -0.01244985 -0.05975463  0.04776115 -0.02839978  0.03476435  0.06237018  0.03161072  0.03623753  0.03153707 -0.02833417  0.07599334]]
topics:
[[ 0.05342608 -0.0925916  -0.05122498  0.14158958 -0.20564392 -0.03241747  0.07220223 -0.1251453  -0.06713158  0.16835886 -0.03731291 -0.07236715 -0.00222873 -0.15949628 -0.00575714]
 [ 0.11091182  0.1831562  -0.00213594  0.18654618 -0.06434587 -0.20966801  0.05091612 -0.0702512   0.12603289  0.16412792  0.1972798  -0.17970635 -0.11913942 -0.04081807  0.0712963 ]
 [ 0.15030202 -0.06014463  0.10495783 -0.08245548  0.04572146 -0.2347766   0.2684516  -0.09855303  0.11282418 -0.03111737  0.317       0.12995332  0.07522279  0.08759329  0.03766755]
 [-0.1606421  -0.00454522  0.15675469  0.02155819  0.18563601 -0.04505499 -0.10025419  0.140154   -0.02136671  0.01452975 -0.07529227 -0.02772252 -0.09043034  0.10734843 -0.00298972]
 [ 0.02541077  0.01576377 -0.09684303  0.0426022   0.15388475  0.05914748 -0.05455244 -0.2586434   0.07773941  0.11808269 -0.14025182 -0.00521099  0.17800704  0.16132055  0.09940414]
 [ 0.03966541 -0.13765264 -0.10065228 -0.02379155 -0.16911776  0.12687144 -0.04025716  0.15679437 -0.16471018 -0.03845194 -0.1075509   0.06136156 -0.0594302  -0.01879934  0.15106118]
 [-0.12844165  0.01226693  0.22422956  0.29062885 -0.04592545 -0.28412798  0.0380577   0.05011475  0.21581315  0.14653233  0.07161645  0.25985286  0.3026849  -0.10099103 -0.01677639]
 [ 0.10663002 -0.0030068  -0.09265944 -0.08929425  0.0441472   0.02735325  0.06362777 -0.06365077  0.08180328 -0.00292649 -0.11690721  0.09039944  0.09169325 -0.07585621 -0.11451247]
 [ 0.19512853  0.38544443  0.00240047 -0.12907732 -0.15571958  0.0054809  -0.02625308  0.03041339 -0.01115218 -0.07028897 -0.05153398  0.05722129  0.04956987  0.03414799  0.10558379]
 [-0.06768219  0.15662038 -0.09125618  0.18517768  0.22674605  0.04481864  0.04805792  0.08686846  0.00276055  0.18668015  0.14308734  0.10296994 -0.08255487 -0.24686356  0.5303492 ]]
R:
[[0.08375335 0.06952486 0.10033084 0.1837078  0.1170665  0.06952486 0.08155471 0.09881429 0.12619792 0.06952486]
 [0.07070484 0.08275245 0.11760145 0.07070484 0.07070484 0.07070484 0.13844924 0.07070484 0.23696777 0.07070484]
 [0.07010587 0.0823816  0.08627681 0.16696237 0.10771202 0.0612322  0.07725458 0.10111897 0.18572335 0.0612322 ]
 [0.10722557 0.09408662 0.09973044 0.16847795 0.09392139 0.07483615 0.07483615 0.11298916 0.09906045 0.07483615]
 [0.09139279 0.09483527 0.10501856 0.20101397 0.0800437  0.06325517 0.06325517 0.10464679 0.13328347 0.06325517]
 [0.08922218 0.0850965  0.08949446 0.18585043 0.10144342 0.06473061 0.07444761 0.113113   0.1318712  0.06473061]
 [0.0793611  0.09369243 0.08926726 0.1538889  0.11753759 0.06461859 0.09550414 0.09940271 0.14210865 0.06461859]
 [0.10142922 0.08892262 0.11764491 0.19798584 0.08073804 0.06640487 0.06581748 0.10617565 0.10214222 0.07273917]
 [0.0907229  0.08602869 0.08416121 0.18192463 0.10320327 0.06558195 0.07790783 0.11975997 0.1251276  0.06558195]
 [0.10323131 0.08644646 0.12759678 0.08199866 0.11609465 0.08257987 0.08199866 0.10494645 0.13299415 0.08211305]
 [0.10426002 0.0935374  0.10958667 0.176517   0.0962017  0.06960741 0.06960741 0.1058412  0.09966446 0.07517677]
 [0.1140566  0.09203078 0.11665125 0.20587061 0.08377507 0.07192563 0.06878165 0.06878165 0.10374329 0.07438352]
 [0.1061635  0.09028774 0.11171284 0.17173183 0.09581321 0.07272809 0.07272809 0.10439222 0.0952503  0.07919217]
 [0.109951   0.08604915 0.1279978  0.17961285 0.07691759 0.07748657 0.06647488 0.08733416 0.10306227 0.08511375]
 [0.13717312 0.10432965 0.13582195 0.07365406 0.08155287 0.08096049 0.07365406 0.11240536 0.11321082 0.08723766]]
distance_matrix:
[[0.6205164  0.73831064 0.6368184  0.6418762  0.6411303  0.628314   0.6286815  0.64730525 0.62975395 0.6453992  0.6409099  0.65362036 0.64249027 0.65243053 0.6836727 ]
 [0.6429376  0.7239494  0.64648724 0.65816927 0.6532361  0.6458653  0.6382445  0.6640996  0.64883256 0.6509437  0.6559459  0.66467476 0.6587221  0.66618085 0.6806047 ]
 [1.0423365  1.0242735  1.012727   1.090687   1.075562   1.0554163  1.0225329  1.1052239  1.0618441  1.0396856  1.0900433  1.092936   1.0929798  1.100077   1.0998013 ]
 [0.61185265 0.7782562  0.65024126 0.59976906 0.61918795 0.6109216  0.6199034  0.6098527  0.6085181  0.62075555 0.599576   0.61416864 0.59988713 0.6126689  0.6248025 ]
 [0.6708297  0.7861441  0.6896442  0.6643746  0.6563152  0.66435426 0.6810441  0.6570732  0.66725177 0.6899405  0.6615882  0.6635183  0.6637975  0.66055    0.68957424]
 [0.47316417 0.5857545  0.48660466 0.47992417 0.47423863 0.4703766  0.4793969  0.47965905 0.47184414 0.49862245 0.47884178 0.48796883 0.48151898 0.4876323  0.51506245]
 [0.47394514 0.56393933 0.48576555 0.48381945 0.4804561  0.4754668  0.47123212 0.48605412 0.4774137  0.48283616 0.48117727 0.49366605 0.48381677 0.49249938 0.5058139 ]
 [0.37789398 0.5345386  0.40524703 0.37234885 0.36828014 0.37156135 0.3922733  0.36688757 0.37255883 0.4126492  0.36991662 0.37566498 0.3727213  0.37645492 0.41667435]
 [0.35943982 0.5013973  0.37673905 0.37245956 0.36784965 0.35864633 0.36801752 0.3744341  0.35949165 0.40208715 0.37104034 0.37756    0.37457204 0.38599217 0.42625275]
 [0.3749886  0.4790336  0.39207152 0.367972   0.3714943  0.36891934 0.3769202  0.37250373 0.36845794 0.38588348 0.36978152 0.38230932 0.37085885 0.37635562 0.39109161]
 [0.46837637 0.6152601  0.507349   0.45551267 0.46614137 0.46717784 0.48212162 0.45614707 0.4663873  0.48244888 0.45539394 0.46524543 0.4548297  0.4575569  0.48342395]
 [0.37454093 0.51611614 0.404831   0.37065616 0.37476104 0.3713408  0.3822732  0.3725582  0.37031618 0.40896794 0.37129658 0.3773836  0.37276235 0.38099512 0.4178276 ]
 [0.36261097 0.53289557 0.39712274 0.35236502 0.35659468 0.358095   0.37572837 0.351485   0.35820946 0.39070213 0.35003975 0.3553369  0.35212436 0.35794556 0.39284348]
 [0.6618984  0.8042613  0.69650567 0.64474916 0.6470693  0.65934455 0.6770958  0.6376251  0.66277325 0.6697889  0.6388613  0.63224125 0.6390275  0.63035905 0.65821826]
 [0.50632656 0.67219573 0.55228543 0.48201147 0.49833328 0.502151   0.5209414  0.48394996 0.5008441  0.515329   0.4816342  0.48766446 0.48091754 0.48295426 0.503147  ]]
