hid1:
[[-2.79703587e-02 -4.76652682e-02  5.54018021e-02  1.07395664e-01 -1.51491731e-01 -1.81155682e-01 -1.24783397e-01 -1.29627675e-01 -6.32697940e-02 -2.61896521e-01 -8.60147178e-03 -1.44315332e-01 -8.43938440e-02 -1.45773876e+00  7.41629303e-03]
 [ 1.23055466e-01 -1.45773876e+00 -1.18253976e-02  3.25926542e-02 -1.05600148e-01 -3.96179557e-01  7.77503774e-02 -2.85191119e-01  2.68100351e-01 -4.43888724e-01  4.16472852e-02 -4.77262378e-01 -1.45773876e+00 -3.34409863e-01  5.81298396e-02]
 [ 1.85867742e-01 -1.45773876e+00 -1.45773876e+00  2.70450771e-01 -5.91113269e-02 -5.64618886e-01 -3.15024495e-01 -4.59381938e-02 -1.23719871e-03 -1.45773876e+00 -1.45773876e+00 -5.68349302e-01 -3.17828655e-01 -9.74515975e-02 -9.21283662e-02]
 [ 1.16643414e-01  1.25995055e-01 -1.78632200e-01  2.53939807e-01 -1.03142589e-01 -3.91644061e-01 -1.71377957e-02  8.84678960e-03 -1.52779877e-01 -1.45773876e+00 -1.45773876e+00 -2.72981346e-01 -2.32092947e-01 -2.87539959e-02  4.94788736e-02]
 [-6.24011606e-02  1.40763521e-01  2.43458301e-02  9.83416438e-02 -1.11092955e-01 -4.45870757e-01 -8.98432136e-02 -1.29600883e-01  3.71223018e-02 -2.49287635e-02  7.70002529e-02 -3.55593860e-01 -2.95049876e-01 -8.40059966e-02 -9.91362929e-02]
 [ 1.55794621e-03 -1.45773876e+00  2.09466368e-02  7.86019191e-02 -9.16360617e-02 -5.09902477e-01 -3.39257121e-01 -1.10527664e-01  1.63916111e-01 -5.45073599e-02  1.73798233e-01 -3.32761765e-01 -1.45773876e+00 -2.13624120e-01 -2.35735029e-02]
 [-1.45773876e+00 -1.45773876e+00 -1.18725568e-01  1.52523875e-01 -5.49830496e-02 -2.79310644e-02 -1.39879584e-02 -3.05793256e-01  1.34561658e-02  2.53133029e-02  2.29949147e-01 -2.02687949e-01 -2.90171415e-01 -3.42219472e-02 -1.65089488e-01]
 [-1.45773876e+00 -3.24810445e-02 -1.10864341e-02 -4.68456447e-02 -1.45773876e+00 -3.74395728e-01  2.31282264e-02 -1.36177093e-01  2.09751904e-01 -1.28243744e-01 -1.45773876e+00 -2.19149888e-01 -2.29542106e-01 -2.03938365e-01 -4.72898781e-03]
 [-1.36323452e-01 -1.45773876e+00  3.07301134e-02  7.88076296e-02 -2.98724473e-02 -1.45773876e+00 -4.04653788e-01  6.44122064e-03  9.53708515e-02 -1.45773876e+00  2.68928230e-01 -3.95018935e-01 -2.48594165e-01 -1.30543947e-01 -3.19091976e-02]
 [ 4.71192524e-02 -2.71926403e-01 -4.88469481e-01  1.75805077e-01 -1.57271713e-01 -2.23474443e-01 -8.40433538e-02 -2.72271812e-01 -2.54116088e-01  1.72430873e-02 -1.73971802e-02 -1.14530951e-01 -1.25848681e-01 -4.03473079e-02 -4.49897349e-03]
 [-1.75757438e-01 -1.97508782e-01 -2.06226557e-01  5.08002341e-02 -2.01648265e-01 -1.43654615e-01  1.97578490e-01 -3.70623410e-01 -1.73276991e-01 -6.22361898e-02  2.60697544e-01 -1.45773876e+00 -2.20867187e-01  1.38428211e-02 -4.36534435e-02]
 [ 1.56757712e-01  2.35674411e-01 -1.89176440e-01 -2.72965729e-02 -1.92705810e-01 -1.45773876e+00 -1.11548424e-01  2.33031929e-01 -5.16482890e-02  2.84797251e-02 -1.77168012e-01 -3.78243864e-01 -1.69070810e-01 -2.98052013e-01 -1.45773876e+00]
 [ 3.75854969e-02 -7.49556720e-02 -4.14361119e-01 -1.14783347e-01 -2.20548749e-01 -2.04881757e-01  2.00153634e-01 -4.53610420e-01 -1.37855202e-01  3.59591931e-01 -1.78853810e-01  5.57858646e-02 -7.55452216e-02 -2.48226404e-01 -6.76633269e-02]
 [-8.44905376e-02 -3.13839674e-01 -2.15159565e-01 -2.70688504e-01 -1.97551996e-01 -2.92363644e-01  1.00492373e-01 -3.60612273e-01  5.87065890e-02 -1.45773876e+00 -1.08033180e-01  6.82772696e-03 -9.25031602e-02  2.15547562e-01 -1.99393332e-02]
 [-2.19341576e-01 -2.55486131e-01 -1.45773876e+00 -1.45773876e+00 -2.09497124e-01 -1.45773876e+00  2.78572917e-01 -4.22619402e-01  1.06406212e-01  1.73417330e-02 -1.45773876e+00 -3.93299043e-01 -1.94425821e-01 -1.13186568e-01  4.29670736e-02]]
hid2:
[[ 0.01276623  0.07668687 -0.09306396  0.03562484 -0.1301662  -0.33898833 -0.07366715 -0.13805127  0.02689072 -0.09837405  0.10396648 -0.31876546 -0.2168461  -0.14154696 -0.02057303]
 [ 0.01367753  0.0877619  -0.09189254  0.0337371  -0.12628704 -0.35164425 -0.07925787 -0.13752429  0.03351552 -0.10790421  0.11059684 -0.32953835 -0.22484764 -0.14024082 -0.02021806]
 [ 0.01367753  0.0877619  -0.09189254  0.0337371  -0.12628704 -0.35164425 -0.07925787 -0.13752429  0.03351552 -0.10790421  0.11059684 -0.32953835 -0.22484764 -0.14024082 -0.02021806]
 [ 0.01367753  0.08776189 -0.09189255  0.03373711 -0.12628704 -0.35164425 -0.07925787 -0.13752429  0.03351552 -0.1079042   0.11059684 -0.32953835 -0.22484764 -0.14024082 -0.02021806]
 [ 0.01351967  0.08584507 -0.0920925   0.03406277 -0.12695365 -0.34944832 -0.07828885 -0.13761187  0.03236976 -0.10625373  0.10944709 -0.32766497 -0.22345729 -0.14046346 -0.02027665]
 [ 0.01367746  0.08776102 -0.09189264  0.03373725 -0.12628736 -0.35164326 -0.07925743 -0.13752434  0.033515   -0.10790346  0.11059631 -0.3295375  -0.22484702 -0.14024092 -0.02021809]
 [ 0.01367747  0.08776118 -0.09189261  0.03373722 -0.12628728 -0.3516434  -0.0792575  -0.13752432  0.03351509 -0.10790359  0.1105964  -0.32953763 -0.22484711 -0.1402409  -0.02021808]
 [ 0.01367752  0.08776175 -0.09189256  0.03373713 -0.1262871  -0.3516441  -0.07925779 -0.1375243   0.03351543 -0.10790408  0.11059675 -0.32953823 -0.22484754 -0.14024085 -0.02021807]
 [ 0.0136775   0.08776155 -0.09189258  0.03373716 -0.12628716 -0.35164386 -0.07925769 -0.1375243   0.03351531 -0.10790391  0.11059663 -0.32953802 -0.22484739 -0.14024086 -0.02021807]
 [ 0.01098531  0.05504381 -0.09535232  0.03931354 -0.13774538 -0.3142541  -0.06274122 -0.13908006  0.01394467 -0.07974965  0.0910086  -0.29771006 -0.20120752 -0.14409834 -0.02126583]
 [ 0.01346002  0.0851185  -0.09217212  0.03418766 -0.12721291 -0.3486235  -0.07792348 -0.13765006  0.03193431 -0.10562954  0.10901429 -0.32696703 -0.22293782 -0.14055255 -0.02030278]
 [ 0.0134999   0.08560378 -0.09211992  0.03410461 -0.1270414  -0.3491763  -0.078168   -0.13762584  0.03222486 -0.1060468   0.10930411 -0.3274363  -0.22328669 -0.14049421 -0.02028632]
 [ 0.01360255  0.08685078 -0.0919888   0.03389236 -0.12660597 -0.35060287 -0.07879788 -0.13756752  0.03297055 -0.10712016  0.11005129 -0.32865182 -0.22418918 -0.14034812 -0.02024716]
 [ 0.00727476  0.0099492  -0.10012268  0.04700017 -0.15354146 -0.26272395 -0.03997757 -0.14122668 -0.01303001 -0.04094556  0.06401212 -0.25384784 -0.16862865 -0.14941752 -0.02271188]
 [ 0.01272319  0.07616405 -0.09311885  0.03571379 -0.13034856 -0.33839008 -0.07340303 -0.13807565  0.02657812 -0.09792399  0.10365314 -0.31825557 -0.21646753 -0.14160807 -0.02058935]]
topics:
[[-0.01036744 -0.20445664 -0.12280089  0.08354566 -0.22864011 -0.01771384  0.06825536 -0.15142924 -0.1412823   0.1435526  -0.06434707 -0.04529211 -0.01372403 -0.17470428 -0.02958424]
 [ 0.01367753  0.0877619  -0.09189254  0.0337371  -0.12628704 -0.35164425 -0.07925787 -0.13752429  0.03351552 -0.10790421  0.11059684 -0.32953835 -0.22484764 -0.14024082 -0.02021806]
 [ 0.1449522  -0.06445573  0.10522418 -0.08517343  0.04482634 -0.2585782   0.27274343 -0.11041018  0.10567462 -0.04249582  0.30949953  0.1255364   0.0585357   0.07659859  0.0318766 ]
 [-0.2068427  -0.06352765  0.13784288  0.01116246  0.18980248 -0.05191973 -0.11828226  0.14225821 -0.04265712 -0.01232945 -0.09723298 -0.02761829 -0.1106986   0.09761596 -0.01448497]
 [ 0.01229492 -0.04708409 -0.10219239  0.01118389  0.14969274  0.0459997  -0.07632893 -0.27781013  0.05636718  0.05685274 -0.17837775 -0.00742523  0.15419754  0.15718721  0.07231931]
 [ 0.02105938 -0.19692682 -0.11235735 -0.04970657 -0.17377882  0.11803895 -0.06638735  0.1407922  -0.19160207 -0.1006869  -0.15635903  0.06340291 -0.09484524 -0.03798532  0.11465386]
 [-0.13940158 -0.00696957  0.21681808  0.28565794 -0.04873123 -0.3034798   0.03128104  0.04263354  0.20642975  0.12167947  0.06518197  0.24891444  0.2811675  -0.11701595 -0.0206135 ]
 [ 0.1011809  -0.01565635 -0.10071033 -0.09857611  0.04702112  0.02048132  0.05549734 -0.06800828  0.07277252 -0.01868892 -0.136565    0.09042949  0.07614709 -0.08853649 -0.12735294]
 [ 0.1731579   0.35289463 -0.01102454 -0.18934809 -0.1831801  -0.04931373 -0.04970841  0.01630574 -0.03409462 -0.19150995 -0.07772221  0.03370806  0.01434629  0.01595907  0.09354328]
 [-0.08755585  0.14083518 -0.09180309  0.16597314  0.1965725   0.01961074  0.04507205  0.08726588 -0.01272911  0.15501772  0.13236046  0.09866016 -0.09392386 -0.2607952   0.5300268 ]]
R:
[[3.7899796e-02 9.6210015e-01 6.9102648e-09 6.9102648e-09 1.1552711e-08 6.9102648e-09 6.9102648e-09 6.9102648e-09 6.9102648e-09 6.9102648e-09]
 [3.6572503e-10 1.0000000e+00 5.4708033e-21 5.4708033e-21 5.4708033e-21 6.8866268e-21 5.4708033e-21 5.4708033e-21 5.4708033e-21 5.4708033e-21]
 [2.0981243e-10 1.0000000e+00 9.4725135e-22 9.4725135e-22 9.4858609e-21 9.4725135e-22 9.4725135e-22 9.4725135e-22 9.4725135e-22 9.4725135e-22]
 [3.1075974e-08 1.0000000e+00 2.5419173e-15 2.5419173e-15 2.5419173e-15 2.5419173e-15 2.5419173e-15 2.5419173e-15 2.5419173e-15 2.5419173e-15]
 [6.5527512e-03 9.9342078e-01 3.3112822e-06 3.3112822e-06 3.3112822e-06 3.3112822e-06 3.3112822e-06 3.3112822e-06 3.3112822e-06 3.3112822e-06]
 [3.0091499e-06 9.9999702e-01 8.9082591e-10 8.9082591e-10 1.3557434e-09 8.9082591e-10 8.9082591e-10 8.9082591e-10 8.9082591e-10 8.9082591e-10]
 [2.4493872e-06 9.9999750e-01 2.0410798e-12 2.0410798e-12 4.7577888e-12 2.0410798e-12 2.0410798e-12 2.0410798e-12 2.0410798e-12 2.0410798e-12]
 [5.2072102e-07 9.9999952e-01 1.0550041e-11 1.0550041e-11 1.0550041e-11 1.0550041e-11 1.0550041e-11 1.0550041e-11 1.0550041e-11 1.0550041e-11]
 [1.2061100e-06 9.9999881e-01 1.5361083e-10 1.5361083e-10 1.5361083e-10 1.5361083e-10 1.5361083e-10 1.5361083e-10 1.5361083e-10 1.5361083e-10]
 [1.1196217e-01 8.8802928e-01 1.0189774e-06 1.0189774e-06 1.3262865e-06 1.0189774e-06 1.0189774e-06 1.0189774e-06 1.0189774e-06 1.0189774e-06]
 [9.0459147e-03 9.9095398e-01 1.0974257e-08 1.0974257e-08 3.4392762e-08 1.0974257e-08 1.0974257e-08 1.0974257e-08 1.0974257e-08 1.0974257e-08]
 [7.3830821e-03 9.9260837e-01 1.0551447e-06 1.0551447e-06 1.1110876e-06 1.0551447e-06 1.0551447e-06 1.0551447e-06 1.0551447e-06 1.0551447e-06]
 [3.1176526e-03 9.9688137e-01 1.1690360e-07 1.1690360e-07 1.6336692e-07 1.1690360e-07 1.1690360e-07 1.1690360e-07 1.1690360e-07 1.1690360e-07]
 [2.6628196e-01 7.3371583e-01 2.4613644e-07 2.4613644e-07 3.9477283e-07 2.4613644e-07 2.4613644e-07 2.4613644e-07 2.4613644e-07 2.4613644e-07]
 [3.9687861e-02 9.6030807e-01 4.9832761e-07 4.9832761e-07 6.7297805e-07 4.9832761e-07 4.9832761e-07 4.9832761e-07 4.9832761e-07 4.9832761e-07]]
distance_matrix:
[[47.909935 47.861137 47.861137 47.861137 47.86726  47.86113  47.861137 47.861137 47.861134 48.10294  47.869713 47.868027 47.863876 48.91973  47.91309 ]
 [57.38768  57.024467 57.024467 57.024467 57.085175 57.024498 57.024498 57.024467 57.02448  58.195145 57.108097 57.092667 57.053085 60.292053 57.405704]
 [55.690506 55.147423 55.147423 55.147423 55.239223 55.147465 55.14746  55.147427 55.147434 56.849464 55.273975 55.25067  55.19084  59.678795 55.717007]
 [52.681385 52.677017 52.677017 52.677017 52.675537 52.677025 52.67703  52.677017 52.677017 52.787548 52.67499  52.675285 52.676117 53.423347 52.682453]
 [42.870056 42.56318  42.56318  42.56318  42.614033 42.5632   42.563194 42.563183 42.563187 43.56739  42.63335  42.620377 42.587154 45.43496  42.885387]
 [35.306297 34.997353 34.997353 34.997353 35.04857  34.997368 34.997368 34.997353 34.997356 36.007713 35.06803  35.054955 35.021492 37.88376  35.32176 ]
 [44.368233 44.33366  44.33366  44.33366  44.337307 44.33366  44.33366  44.333656 44.333656 44.53343  44.33884  44.33777  44.335228 45.292305 44.370716]
 [61.105335 60.87548  60.87548  60.87548  60.91306  60.8755   60.875496 60.87548  60.875484 61.652206 60.927273 60.917694 60.89312  63.206177 61.11706 ]
 [63.969025 63.66086  63.66086  63.66086  63.711918 63.66089  63.660892 63.660873 63.66088  64.668816 63.731358 63.718307 63.68495  66.54154  63.984425]
 [46.79963  47.06787  47.06787  47.06787  47.019077 47.067856 47.067863 47.067867 47.067863 46.373024 47.000782 47.01297  47.044525 45.89888  46.787807]
 [51.56787  51.46747  51.46747  51.46747  51.482594 51.467476 51.46747  51.467472 51.467464 51.861744 51.48836  51.48443  51.474457 52.88867  51.573483]
 [42.022625 41.776703 41.776703 41.776703 41.81706  41.776722 41.77672  41.776707 41.77671  42.60085  41.83234  41.82203  41.79567  44.220184 42.03509 ]
 [43.97918  44.117485 44.117485 44.117485 44.09129  44.117462 44.11747  44.117485 44.117474 43.806576 44.081394 44.08793  44.104843 43.861565 43.97352 ]
 [56.518578 56.79149  56.79149  56.79149  56.741924 56.791466 56.79147  56.79148  56.791477 56.082874 56.723286 56.73568  56.76777  55.58973  56.50654 ]
 [48.6537   48.60405  48.60405  48.60405  48.610397 48.60405  48.60405  48.60405  48.60405  48.848415 48.612827 48.611122 48.606865 49.668694 48.656902]]
