hid1:
[[0.45623842 0.25160784 0.12357393 0.         0.2150677  0.15842815 0.10694958 0.1625861  0.0925948  0.13970125 0.12463595 0.22516382 0.17048594 0.08053492 0.19335794]
 [0.         0.1679926  0.09449821 0.         0.29726556 0.01826848 0.11246148 0.02315871 0.10626149 0.12601724 0.         0.16385575 0.00560792 0.         0.20423134]
 [0.         0.         0.         1.3923227  0.         0.         0.         0.         0.         0.         0.         0.         0.         0.         0.        ]
 [0.01044571 0.19787411 0.08711322 0.06608093 0.1492101  0.11222181 0.11891562 0.09633037 0.07228787 0.14146225 0.1647532  0.18823513 0.13072275 0.22291897 0.25124562]
 [0.44366145 0.25467166 0.17810096 0.19048196 0.18273813 0.09602744 0.10063269 0.12939888 0.06622384 0.12058333 0.21924502 0.18616903 0.10596085 0.19828233 0.19761461]
 [0.3735169  0.28379938 0.13368347 0.31262103 0.19456267 0.09859478 0.10470479 0.13834038 0.0622483  0.12935673 0.15177378 0.17302665 0.12438633 0.         0.20966782]
 [0.         0.2530098  0.1321145  0.         0.12712514 0.11962817 0.10893473 0.17083283 0.08855606 0.13243665 0.124415   0.1872636  0.12367126 0.38842046 0.16529398]
 [0.19890168 0.21813366 0.13522843 0.2584027  0.11693556 0.09554119 0.09066237 0.16253482 0.05366626 0.14002988 0.15073475 0.18283011 0.16728006 0.21220118 0.20203395]
 [0.29793805 0.2185584  0.09152975 0.         0.15591013 0.02544741 0.07412903 0.16109304 0.11817878 0.15308239 0.         0.15742114 0.10259905 0.         0.21709809]
 [0.17698881 0.247048   0.08218711 0.18189278 0.04265253 0.08225579 0.0831058  0.20371813 0.09669545 0.14260447 0.23327905 0.217619   0.16928017 0.41951105 0.14242534]
 [0.         0.25193703 0.09001584 0.         0.09681874 0.12434412 0.11668645 0.22286406 0.09900757 0.11821421 0.         0.2055867  0.20598781 0.6972994  0.07960467]
 [0.68010217 0.20607348 0.09401403 0.17720804 0.16079001 0.09738285 0.11755653 0.11484925 0.08408562 0.14578511 0.19567774 0.18966933 0.10409082 0.3071579  0.1723313 ]
 [0.         0.30662507 0.12990637 0.03437528 0.12915494 0.12922117 0.09950928 0.23603983 0.09398683 0.13322355 0.         0.20536518 0.15019362 0.54703194 0.08930723]
 [0.2719926  0.24026833 0.12567532 0.09739214 0.02564419 0.14687364 0.11697781 0.23782697 0.09728517 0.14130652 0.13391843 0.24642363 0.17343056 0.70761824 0.11949292]
 [0.12030238 0.2596826  0.10824224 0.00228996 0.13604195 0.10474423 0.1384915  0.04885432 0.06214865 0.16027276 0.16843407 0.21866149 0.12524092 0.4275142  0.12610756]]
hid2:
[[ 1.49203792e-01  1.81711763e-01  5.18295541e-02  4.21358198e-02  2.77792849e-02  6.27264827e-02  4.33785617e-02  9.03779417e-02  2.87649836e-02  5.51582277e-02  2.54807062e-04  1.41123772e-01  8.03731233e-02  2.24775136e-01  5.63177094e-02]
 [ 1.21801212e-01  1.47594690e-01  4.45287935e-02  6.37341440e-02  4.39087301e-02  3.79238911e-02  4.50033247e-02  7.17768148e-02  3.46455052e-02  7.11509138e-02  1.50063615e-02  1.17673501e-01  6.09250367e-02  1.69893220e-01  7.20226392e-02]
 [ 1.93146586e-01  2.39506200e-01  6.32246137e-02  1.41960941e-02  5.19696390e-03  9.95678008e-02  4.19176109e-02  1.19349055e-01  2.19572876e-02  3.47615853e-02 -1.70210749e-02  1.75217777e-01  1.07272789e-01  3.09603035e-01  3.53576057e-02]
 [ 1.74198776e-01  2.14379117e-01  5.89685366e-02  2.44023725e-02  1.41660329e-02  8.41406062e-02  4.18262668e-02  1.07400082e-01  2.41646376e-02  4.21475805e-02 -1.09708291e-02  1.60061792e-01  9.54957753e-02  2.75040269e-01  4.24411222e-02]
 [ 5.98214529e-02  6.59902841e-02  3.23367268e-02  8.89417529e-02  8.20376500e-02 -1.25923678e-02  4.72298153e-02  3.35323438e-02  4.13957760e-02  9.00261700e-02  3.74263301e-02  6.92351013e-02  1.90405995e-02  5.82833067e-02  9.53030661e-02]
 [ 1.36230007e-01  1.71365634e-01  4.81175482e-02  5.38475215e-02  4.51803356e-02  5.60665168e-02  4.40767631e-02  8.52956623e-02  3.01010422e-02  6.38471097e-02  9.22196265e-03  1.32945806e-01  6.92214146e-02  1.98941126e-01  7.31466338e-02]
 [ 1.82278693e-01  2.24587515e-01  6.09571002e-02  1.96724758e-02  9.40582994e-03  9.02376696e-02  4.17670570e-02  1.12234771e-01  2.32700221e-02  3.87194231e-02 -1.38069196e-02  1.66016474e-01  1.00483179e-01  2.90124267e-01  3.82507369e-02]
 [ 1.16885088e-01  1.44425482e-01  4.40256670e-02  6.24566749e-02  5.58164679e-02  3.86109687e-02  4.53713089e-02  7.19801188e-02  3.27171199e-02  7.03737363e-02  1.74120497e-02  1.16457269e-01  5.56244887e-02  1.62978128e-01  7.99202323e-02]
 [ 1.20605320e-01  1.54238641e-01  4.15646471e-02  7.34980926e-02  6.83548376e-02  3.91070470e-02  5.11561148e-02  7.22293109e-02  3.61071639e-02  7.92541355e-02  3.18482071e-02  1.18952662e-01  5.18223532e-02  1.57547310e-01  9.83333066e-02]
 [ 1.38815865e-01  1.72089055e-01  4.66109961e-02  5.42663671e-02  4.23417054e-02  5.57796322e-02  4.47478741e-02  8.38079825e-02  3.05524208e-02  6.49146810e-02  1.01806391e-02  1.30736053e-01  6.80299699e-02  2.00250998e-01  7.15804324e-02]
 [ 1.91142187e-01  2.36690998e-01  6.29438534e-02  1.49435457e-02  5.72823780e-03  9.78502184e-02  4.18069847e-02  1.18105143e-01  2.21440215e-02  3.52661759e-02 -1.66623835e-02  1.73568606e-01  1.06156655e-01  3.06301743e-01  3.55174504e-02]
 [ 2.79728305e-02  3.51810567e-02  4.71917391e-02  8.72512311e-02  7.86520317e-02 -3.27439457e-02  3.12032998e-02  3.23836580e-02  3.78050841e-02  8.34517702e-02  2.50521768e-02  4.43563387e-02  5.84076066e-03  4.58086655e-02  7.30011389e-02]
 [ 1.92599282e-01  2.38721862e-01  6.31386638e-02  1.43974284e-02  5.33577567e-03  9.90982726e-02  4.18933034e-02  1.18999787e-01  2.20080260e-02  3.48982923e-02 -1.69261303e-02  1.74775660e-01  1.06978789e-01  3.08685243e-01  3.54049765e-02]
 [ 7.66140446e-02  9.13003609e-02  3.16594951e-02  8.53424370e-02  8.59512836e-02  4.37694043e-03  4.91011217e-02  4.37042825e-02  3.86544727e-02  8.87667462e-02  3.85433063e-02  8.07328746e-02  2.27381811e-02  8.19194615e-02  1.03134789e-01]
 [ 5.94596043e-02  5.17648086e-02  2.20416822e-02  9.16521847e-02  6.92976937e-02 -2.45280452e-02  5.32376096e-02  1.83968451e-02  5.07345051e-02  9.49204415e-02  3.69851962e-02  6.77488521e-02  2.45444290e-02  3.57400998e-02  8.40078965e-02]]
topics:
[[ 0.06407416 -0.10873836 -0.02287769  0.1466288  -0.1756096  -0.03776914  0.07769024 -0.13102646 -0.06407914  0.16418555 -0.03607069 -0.09476589 -0.01315091 -0.18761826 -0.01502771]
 [ 0.10184783  0.08857825  0.01936137  0.24091935 -0.02103081 -0.16975315  0.07236336 -0.05573125  0.13037099  0.22298296  0.19042939 -0.14279927 -0.1223736   0.03529744  0.01718741]
 [ 0.14726141 -0.07742456  0.11445622 -0.07941945  0.0416848  -0.25413308  0.2744641  -0.10198815  0.11854891 -0.03375905  0.3067102   0.12282141  0.06716119  0.07807781  0.02698758]
 [-0.17215528 -0.03230344  0.19116613  0.01578076  0.19934487 -0.06503534 -0.10273591  0.13148983 -0.02060493 -0.00800494 -0.07794823 -0.06203547 -0.10653486  0.08103147 -0.02163938]
 [ 0.00921665 -0.10589924 -0.09760024  0.03664061  0.17513788  0.05538702 -0.06301635 -0.20914476  0.06643763  0.10912991 -0.17118113 -0.02745731  0.14798352  0.16607597  0.06749018]
 [ 0.00246077 -0.253651   -0.10668553 -0.04470475 -0.2169356   0.10488373 -0.04280255  0.18585275 -0.1794276  -0.06279971 -0.13511537  0.03142492 -0.09274588 -0.04353752  0.10960379]
 [-0.13973318 -0.02216016  0.23100287  0.30216363 -0.05520805 -0.3056962   0.04289009  0.0442955   0.22287023  0.15239759  0.06813458  0.23292288  0.27972156 -0.12090418 -0.0238485 ]
 [ 0.10261203 -0.00202616 -0.10384516 -0.0901195   0.01885181  0.01579949  0.0729277  -0.05905791  0.0857107   0.01784229 -0.12153951  0.11350493  0.07310928 -0.05772033 -0.1181495 ]
 [ 0.19316982  0.23953663  0.0632261   0.01418946  0.00518982  0.09958564  0.04192017  0.11936086  0.02195621  0.03475765 -0.0170233   0.17523539  0.1072851   0.30963743  0.03535654]
 [-0.02752151  0.12406843 -0.04234684  0.23599592  0.44141096  0.09494627  0.05528285  0.0759965   0.01154064  0.2030315   0.13293552  0.11537446 -0.07590999 -0.17375368  0.49382657]]
R:
[[1.88628584e-02 4.35984060e-02 1.88628584e-02 1.88628584e-02 1.88628584e-02 1.88628584e-02 2.50879191e-02 1.88628584e-02 7.60747969e-01 5.73885180e-02]
 [2.83150841e-02 8.34820196e-02 2.90714912e-02 2.83150841e-02 2.83150841e-02 2.83150841e-02 4.04951796e-02 2.83150841e-02 6.06790423e-01 9.85855907e-02]
 [9.86564282e-06 1.13171327e-05 9.86564282e-06 2.85124916e-05 9.86564282e-06 9.86564282e-06 9.86564282e-06 9.86564282e-06 9.99891043e-01 9.86564282e-06]
 [8.28267448e-03 1.70698427e-02 8.28267448e-03 1.24966474e-02 8.28267448e-03 8.28267448e-03 8.90842639e-03 8.28267448e-03 8.99365723e-01 2.07458884e-02]
 [4.82937284e-02 1.29233003e-01 7.20186532e-02 8.53582621e-02 4.82937284e-02 4.82937284e-02 5.66710941e-02 6.64680377e-02 2.73893833e-01 1.71475857e-01]
 [1.94798559e-02 5.62824085e-02 2.19508167e-02 2.47063804e-02 1.94798559e-02 1.94798559e-02 2.71873772e-02 1.94798559e-02 6.96170628e-01 9.57830474e-02]
 [5.00958692e-03 1.06257256e-02 5.00958692e-03 8.00744630e-03 5.00958692e-03 5.00958692e-03 5.05555328e-03 5.00958692e-03 9.41724300e-01 9.53904260e-03]
 [2.66024638e-02 7.46759698e-02 3.71364541e-02 4.08037603e-02 2.66024638e-02 2.66024638e-02 3.26440968e-02 3.03938054e-02 5.87484777e-01 1.17053702e-01]
 [1.93421394e-02 9.14105624e-02 4.11293693e-02 1.93421394e-02 1.93421394e-02 1.93421394e-02 3.05712074e-02 1.93421394e-02 5.87975681e-01 1.52202457e-01]
 [1.99700035e-02 6.59916773e-02 2.11203415e-02 1.99700035e-02 1.99700035e-02 1.99700035e-02 2.38222927e-02 1.99700035e-02 6.97398186e-01 9.18174163e-02]
 [9.81749734e-04 1.52174407e-03 9.81749734e-04 1.94651110e-03 9.81749734e-04 9.81749734e-04 9.81749734e-04 9.81749734e-04 9.89634395e-01 1.00676529e-03]
 [5.73869720e-02 1.35359585e-01 6.73667639e-02 1.74723238e-01 5.73869720e-02 5.73869720e-02 6.84636384e-02 5.73869720e-02 1.93068057e-01 1.31470814e-01]
 [2.89770542e-04 3.92369606e-04 2.89770542e-04 5.16681757e-04 2.89770542e-04 2.89770542e-04 2.89770542e-04 2.89770542e-04 9.97062504e-01 2.89770542e-04]
 [3.88898477e-02 1.22571290e-01 6.47031218e-02 6.78040236e-02 3.88898477e-02 3.88898477e-02 3.88898477e-02 5.59726022e-02 3.52072865e-01 1.81316584e-01]
 [5.25306910e-02 1.46395952e-01 7.21402913e-02 5.25306910e-02 5.25306910e-02 5.25306910e-02 7.63764977e-02 1.14063226e-01 2.19497591e-01 1.61403656e-01]]
distance_matrix:
[[ 2.5266235  2.9357128  2.5274658  2.4456148  5.0361724  2.59443    2.4725776  2.9826841  2.8748422  2.598113   2.517583   5.9800572  2.5245676  4.3427224  5.5639315]
 [ 4.454503   3.5327337  6.498938   5.5628204  2.8025498  3.9376006  5.9523892  3.4030297  3.240576   3.9525397  6.4034     3.1116338  6.472456   2.7382526  2.9086585]
 [11.137308  10.03956   13.4796295 12.402594   8.855237  10.611318  12.842985   9.924145   9.904694  10.618936  13.365569   8.779875  13.448105   8.989098   8.853508 ]
 [ 2.9436557  3.212566   3.148735   2.9792204  5.0171423  2.9611483  3.0413756  3.2502246  3.1446223  2.9576855  3.129528   5.855726   3.1433153  4.3958483  5.492648 ]
 [ 3.1276577  3.6381435  2.9444962  2.9410944  5.9955654  3.2378054  2.9342341  3.706418   3.569614   3.227786   2.9430342  7.0180907  2.9439821  5.2256117  6.5608716]
 [ 3.0428727  3.1132488  3.548987   3.2572188  4.5146494  2.9564128  3.3735075  3.1156292  2.9706178  2.958943   3.5184932  5.314813   3.5404477  3.9636106  4.9497204]
 [ 1.9879405  2.7169724  1.4849253  1.6091051  5.5084634  2.2224522  1.5447059  2.8312788  2.7681394  2.2112055  1.4943972  6.5047145  1.4874239  4.6893816  6.1229286]
 [ 2.2635334  2.8936472  1.916234   1.9769039  5.4738226  2.4506655  1.9402986  2.9906492  2.913365   2.4447489  1.9195585  6.444492   1.9170227  4.700035   6.065482 ]
 [ 3.3766484  2.5720024  5.2370987  4.376276   2.1079292  2.931402   4.7315445  2.479369   2.3414733  2.9373977  5.1483383  2.4294806  5.2125006  2.0072806  2.231519 ]
 [ 2.9327276  3.7675228  2.261591   2.4575071  6.791845   3.2070246  2.3633637  3.8918104  3.815412   3.1942625  2.278696   7.8687253  2.266199   5.908998   7.4458146]
 [ 4.9044924  6.121787   3.6545534  4.085248   9.933291   5.380906   3.8870225  6.319148   6.3249736  5.3575296  3.6932154 11.061709   3.6651402  8.920208  10.676231 ]
 [ 2.7813442  3.378437   2.4746246  2.5188951  5.890928   2.9491596  2.4893785  3.4663162  3.3698897  2.9362488  2.4767551  6.890465   2.4750957  5.1117907  6.463556 ]
 [ 3.7262123  4.9702444  2.4336004  2.8840952  8.850635   4.2067375  2.6785588  5.167554   5.157356   4.184902   2.4747496 10.023014   2.4448547  7.812906   9.616979 ]
 [ 5.471548   6.9157667  3.8737001  4.4514694 11.228786   6.0466747  4.191376   7.14865    7.16042    6.023884   3.927287  12.471724   3.8883648 10.109055  12.043973 ]
 [ 3.4652812  4.4020815  2.6383448  2.89791    7.654084   3.803152   2.7748046  4.5596657  4.5128856  3.7859259  2.6610327  8.72985    2.6445055  6.747764   8.315141 ]]
