hid1:
[[ 2.85184383e-03 -2.22541422e-01 -4.83488031e-02  1.16393670e-01 -2.77676284e-02 -1.68392986e-01 -1.47892043e-01  1.37258649e-01  2.08821982e-01  5.03875390e-02  1.19956881e-02  1.66073292e-02 -1.16921850e-02 -3.63175720e-02  2.22147517e-02]
 [ 3.08484808e-02 -1.34745151e-01  1.28970623e-01  6.95385635e-02  5.24377882e-01  9.51161981e-02  3.77555609e-01  4.53751683e-02  2.89119542e-01 -1.20838732e-01 -2.57714391e-02 -3.98435593e-02 -8.31262395e-02  1.73660666e-02 -7.72423483e-03]
 [-1.24789495e-02  3.11985910e-02  1.02656931e-02 -4.13435698e-02  1.62048161e-01  1.82579547e-01  2.69557297e-01 -9.83154625e-02  3.47957462e-01 -1.01207465e-01  2.32179910e-02  1.87790245e-02  3.42829991e-03 -4.64334227e-02  4.79522757e-02]
 [ 9.95538235e-02 -4.71821949e-02 -1.41956732e-02 -4.61941957e-03  4.57415357e-04  2.59112418e-02  1.34241089e-01 -1.00250900e-01 -8.06342065e-03  8.38132575e-04 -3.59990075e-03 -7.61429667e-02  9.33094919e-02 -2.13658482e-01  2.13726431e-01]
 [-6.06502742e-02 -6.26260340e-02  1.19273365e-03  8.10772404e-02  1.46888569e-03  1.55823193e-02  1.89792365e-02  1.90022141e-02  2.17386261e-02 -4.37040627e-03  1.54441893e-01  1.53325453e-01  7.19486177e-03 -4.17127982e-02 -2.78178509e-03]
 [-2.25260869e-01  6.54391646e-02 -2.15123706e-02 -6.02329969e-02 -1.31878513e-03  4.97420728e-02  6.63902238e-02 -1.45889632e-03  8.95768404e-03 -6.62408024e-03  2.99413204e-02 -6.03635982e-03 -4.44242358e-03 -2.26682462e-02  2.47455835e-02]
 [-6.52153194e-02  1.87713131e-02 -1.95332617e-03  4.15545255e-02 -2.30137222e-02  3.28961723e-02  9.12985355e-02 -2.62340456e-02 -2.19750777e-03 -5.10299206e-03  1.34523809e-02  2.23155633e-01  1.56489480e-03 -1.55641809e-02  4.06428240e-04]
 [-7.68916756e-02 -3.51445042e-02 -1.62352964e-01  1.00464329e-01  7.19239414e-02  6.72588125e-02  2.08696276e-02  3.49606574e-03  4.49717790e-03  2.71924641e-02  1.85024261e-01  2.62178481e-04 -5.09947015e-04  8.11273232e-04  4.46439013e-02]
 [ 7.67035186e-02  6.32267818e-03 -1.53204277e-02 -5.08489609e-02  1.44063253e-02  8.89141858e-03  1.32989436e-01  8.47512484e-03  1.11480460e-01 -1.71974711e-02  1.24517940e-02  5.68377003e-02 -6.13601133e-03  8.79777521e-02  5.06794676e-02]
 [-1.90871060e-02  1.05159357e-02 -9.58320498e-03  4.26113307e-02 -1.09025836e-01 -4.29551452e-02 -8.10302049e-02 -1.16069168e-02  2.50766128e-02 -2.47528806e-01 -3.43178511e-02 -2.22358882e-01  6.58400357e-02 -9.00961459e-06  1.32797867e-01]
 [ 5.12374304e-02 -7.55517744e-04  4.29034932e-04  1.46863848e-01 -4.96454304e-03 -2.92762890e-02  5.07553923e-04  3.86635885e-02  3.09934225e-02 -1.83347687e-01 -4.81933169e-03 -4.07359004e-02 -6.48978204e-02  1.04537502e-01  1.01368099e-01]
 [ 1.36102084e-04 -1.03576198e-01 -1.72474459e-02  9.56474245e-02  5.27267158e-03  1.01901613e-01 -1.37382476e-02 -5.12528121e-02  5.28050959e-03  5.88862300e-02 -3.97246331e-02 -8.31359252e-03 -1.52897649e-02  2.05887482e-04  4.90928739e-02]
 [-1.77455433e-02  6.01185523e-02 -1.03215165e-02  1.61728993e-01  2.53454559e-02  4.16085497e-03  1.32593755e-02  3.91040556e-02  1.07859671e-02  4.26439941e-02  5.79014421e-03 -2.43358612e-02 -5.02945632e-02 -5.65064475e-02  8.17885548e-02]
 [ 2.79437542e-01 -3.30745354e-02  2.52874792e-02  2.92438000e-01 -1.27922997e-01  7.59718493e-02 -6.16473779e-02 -1.60651505e-01 -9.83890891e-03  8.27819332e-02  4.36836481e-03  2.33113393e-02 -6.30562305e-02  1.40664801e-02  1.27145186e-01]
 [ 5.09801582e-02 -6.07698075e-02 -1.16715237e-01  2.48954177e-01 -2.81512052e-01 -1.46040320e-01 -1.30342916e-01 -1.54770017e-01 -1.77802891e-03 -1.00581422e-02 -5.82745075e-02  1.22760907e-02 -4.27682847e-02  7.40327835e-02 -5.61603457e-02]]
hid2:
[[ 0.01743043  0.01054926 -0.0171366   0.05977341  0.00661271 -0.05919483  0.0142979  -0.03888997  0.03218364  0.02320845 -0.00135648  0.01124149 -0.02401552 -0.01231003  0.04581447]
 [ 0.06024638  0.02048104 -0.02161933  0.05607763 -0.04671217 -0.0754614   0.05450903 -0.05562253  0.03424395  0.02551625  0.03277775  0.0234552  -0.00707397 -0.04121234  0.04989403]
 [ 0.01638582  0.03980456  0.00402906  0.05276249  0.00671052 -0.07232246  0.00429576 -0.01547799  0.04216722  0.00676863  0.00321964  0.02145464 -0.02046272  0.00112982  0.03858308]
 [ 0.01618449  0.00499513 -0.00853252  0.05734567  0.00997974 -0.06855904  0.02295504 -0.02581132  0.04058077  0.01925096  0.00754118  0.02796721 -0.01643291 -0.01859296  0.03616934]
 [ 0.02244371  0.01983195 -0.0033454   0.05824969  0.00753103 -0.07703488  0.02167092 -0.02945218  0.04234893  0.01557686  0.02207976  0.01741418 -0.02535917 -0.00465903  0.04675434]
 [ 0.02291685  0.02789564 -0.01210167  0.03973331  0.02268543 -0.05619205  0.01186289 -0.03628857  0.03842048  0.00665592 -0.00027018  0.02059227 -0.01989315  0.0057488   0.05060003]
 [ 0.02041333  0.01412761 -0.00741549  0.05751195  0.01122222 -0.07106429  0.02173839 -0.03503861  0.04390035  0.0178104   0.01300027  0.02396974 -0.01557144 -0.00803014  0.04510807]
 [ 0.01879401  0.01269764 -0.0143359   0.05309553  0.01083738 -0.06112272  0.01351672 -0.02723294  0.03335707  0.01474108  0.00357786  0.0129429  -0.03182518 -0.00777349  0.04277135]
 [ 0.02687312  0.02157861 -0.01660882  0.04614659  0.01820936 -0.05873571  0.02002675 -0.04705247  0.0419737   0.01507355  0.00367903  0.02113048 -0.01349776 -0.00310936  0.05040137]
 [ 0.05914577  0.04366546 -0.03135414  0.0520913  -0.0329901  -0.05849077  0.02904956 -0.04552368  0.03635303  0.01338469  0.01825788  0.01925768 -0.01952346 -0.02600696  0.06832325]
 [-0.00302227 -0.01154917 -0.01020717  0.06681339  0.01918413 -0.06245412  0.00043383 -0.01460098  0.02362115  0.0171416   0.002053    0.00033817 -0.05287578  0.00285195  0.04304566]
 [ 0.00978551  0.00090101 -0.0135799   0.0637412   0.00943685 -0.06262675  0.0104316  -0.02625458  0.02753548  0.02093436  0.00428356  0.00561468 -0.03932006 -0.00780088  0.04565821]
 [-0.00142226  0.00222374 -0.00434153  0.06758848  0.02938073 -0.07021125  0.00989108 -0.02162374  0.03313201  0.02522555  0.01132216  0.00394111 -0.04228764 -0.0038257   0.04678797]
 [-0.01312389 -0.01224025 -0.01090113  0.06929652  0.02190305 -0.05573159 -0.00743951  0.00331719  0.01292327  0.01795776 -0.00340833 -0.00395686 -0.06762796 -0.00402001  0.04848174]
 [ 0.05441721  0.00715877 -0.04231203  0.07342122 -0.04485892 -0.06105884  0.03170445 -0.06532589  0.03320076  0.03017427  0.01561046  0.00426227 -0.02262893 -0.03091528  0.05711227]]
topics:
[[ 0.05583806 -0.12209927 -0.1081226   0.16793665 -0.21360569 -0.04316731  0.06855915 -0.13535804 -0.05613127  0.14101288 -0.03246317 -0.07798077 -0.03668706 -0.16783352  0.00293354]
 [ 0.12329907  0.17357975 -0.01438524  0.20384817 -0.07859296 -0.23183694  0.04722333 -0.08263177  0.13380015  0.11660998  0.20390607 -0.19220085 -0.16002162 -0.04861978  0.03041228]
 [ 0.14571251 -0.06197699  0.10062999 -0.07923183  0.04407077 -0.23824619  0.27544728 -0.11390451  0.1134321  -0.05727975  0.30866343  0.12919873  0.05025573  0.07663045  0.02510402]
 [-0.15901072 -0.02816234  0.06706628  0.05301571  0.18270794 -0.05095576 -0.11448374  0.12479901 -0.00928283 -0.01599834 -0.06578267 -0.03581467 -0.14691143  0.09543216  0.00093743]
 [ 0.03148412 -0.02440099 -0.12497307  0.04186311  0.14353158  0.04497521 -0.05042906 -0.3327813   0.10673358  0.04392698 -0.1460138  -0.02114864  0.10755786  0.14984427  0.074543  ]
 [ 0.04628212 -0.1517289  -0.15091912  0.00755023 -0.16980617  0.11662158 -0.05462033  0.09925458 -0.1408469  -0.09763989 -0.10643971  0.05176412 -0.15438023 -0.03372993  0.12402023]
 [-0.12771997  0.00540527  0.20294885  0.30007315 -0.04670788 -0.29114935  0.03479193  0.04308147  0.22339748  0.12019867  0.07032882  0.25413182  0.27309597 -0.1092856  -0.02131408]
 [ 0.1089064   0.0149094  -0.10444949 -0.08742721  0.04873296  0.02418015  0.05980676 -0.07494006  0.08413209 -0.01607701 -0.11958572  0.08359713  0.06722187 -0.0858262  -0.12758525]
 [ 0.21214022  0.3708719   0.00343041 -0.13356632 -0.19263521 -0.02115068 -0.02003008  0.01193673  0.00063965 -0.13672233 -0.05021285  0.02730033  0.00624686  0.02545885  0.02939293]
 [-0.06619381  0.12563011 -0.07752199  0.18466981  0.18732499  0.02231708  0.05898391  0.08751631  0.01040176  0.15750597  0.13370676  0.09685755 -0.09725428 -0.24998315  0.50985044]]
R:
[[0.15925927 0.06064967 0.09620745 0.21914186 0.11616494 0.06064967 0.06064967 0.07136668 0.09239546 0.06351538]
 [0.21971491 0.07008443 0.1575777  0.07008443 0.07008443 0.07008443 0.07008443 0.07008443 0.13211642 0.07008443]
 [0.07511958 0.08126992 0.08947012 0.24227497 0.09306337 0.07049295 0.09782008 0.06160026 0.14282759 0.04606111]
 [0.12171741 0.0634955  0.11438798 0.21001434 0.07788385 0.07690316 0.08868995 0.11806269 0.06924403 0.05960108]
 [0.09915829 0.09774797 0.13058363 0.2102606  0.09723765 0.07920655 0.07741987 0.05709457 0.09419626 0.05709457]
 [0.08264308 0.05446929 0.11517812 0.22300826 0.1378376  0.06606823 0.05446929 0.07632188 0.12247345 0.06753079]
 [0.105466   0.07572362 0.12283833 0.19904643 0.1108156  0.07501259 0.08496896 0.07927287 0.08593366 0.06092191]
 [0.11457339 0.08126442 0.10398718 0.2292294  0.09661391 0.08510292 0.05752459 0.08816796 0.0860117  0.05752459]
 [0.10591366 0.05888854 0.11925967 0.19123518 0.14261404 0.05888854 0.05888854 0.08784518 0.10472596 0.07174068]
 [0.10325637 0.11752545 0.10407211 0.0662552  0.11461134 0.13019861 0.0662552  0.0662552  0.14802636 0.08354427]
 [0.12218848 0.09358701 0.09857661 0.30066127 0.09398422 0.11461453 0.05260542 0.04126082 0.04126082 0.04126082]
 [0.14619419 0.08047197 0.10182131 0.25265387 0.09694916 0.08672388 0.05533499 0.05533499 0.06918059 0.05533499]
 [0.13455284 0.08458143 0.10942917 0.29498026 0.0927427  0.05443421 0.05443421 0.05443421 0.05443421 0.06597676]
 [0.13503055 0.08595023 0.07798353 0.34107298 0.06252191 0.11776223 0.04104188 0.04104188 0.04104188 0.05655295]
 [0.17255278 0.1384325  0.09900998 0.05381306 0.13541189 0.14724559 0.06616293 0.05381306 0.07974508 0.05381306]]
distance_matrix:
[[2.2749841  2.4057415  2.2777996  2.2392454  2.265626   2.295012   2.238172   2.2608712  2.2765837  2.3322031  2.2927878  2.2761157  2.3084362  2.347365   2.3096538 ]
 [3.016109   3.1040738  3.0793264  3.0098145  3.0063276  3.033814   3.0023112  3.0127869  3.010495   3.1808555  3.0563343  3.0191507  2.999203   3.1126566  3.1658235 ]
 [5.970401   5.9926047  5.91239    5.9862022  5.9745297  5.8983603  5.947199   5.981596   5.915331   5.9382014  6.127445   6.037517   6.1038194  6.1963754  6.0748796 ]
 [1.8024683  1.8740904  1.8123704  1.7935636  1.8195499  1.8241429  1.8058078  1.8064475  1.820256   1.9136894  1.8770392  1.8221998  1.8373084  1.8960525  1.9626462 ]
 [1.0709729  1.1139593  1.0450156  1.0574865  1.022491   1.0589457  1.0362512  1.045511   1.0604832  1.0900364  1.1042373  1.0666447  1.080237   1.1445804  1.1475879 ]
 [0.78497213 0.9037962  0.78795683 0.8341307  0.79975975 0.7559897  0.79631114 0.79523987 0.7706531  0.87550074 0.85934365 0.8096746  0.8228023  0.89373064 0.9518564 ]
 [1.241725   1.3591399  1.2464517  1.2497644  1.2340814  1.2397134  1.2326323  1.2350955  1.2465549  1.3558015  1.2593453  1.2376101  1.2489333  1.2935172  1.3837065 ]
 [1.2646959  1.3836308  1.2617925  1.2789295  1.2540326  1.2578077  1.2508119  1.2573553  1.2608395  1.3297243  1.2913965  1.2663168  1.2873881  1.3347783  1.3550558 ]
 [0.64642125 0.77417636 0.66804874 0.6642815  0.63958013 0.634063   0.6330465  0.6423811  0.6347331  0.72906685 0.6703869  0.64690185 0.6588367  0.712283   0.754272  ]
 [2.0215259  2.250164   2.027459   2.062414   2.0191047  2.0417483  2.0299811  2.0217376  2.0590441  2.2144797  1.966896   1.9872189  1.973942   1.9829346  2.200717  ]
 [1.0228288  1.190206   0.96743417 1.0092146  0.96725315 1.011358   0.9872304  0.9793064  1.0374029  1.1082435  0.946989   0.9745319  0.9879364  0.9731052  1.1280594 ]
 [1.0045831  1.1454306  1.0263524  1.0313923  1.001337   1.001075   1.0028574  0.99835956 1.0032995  1.1045971  1.0225909  1.0010629  1.0047207  1.057063   1.1254357 ]
 [0.99293524 1.1569047  0.98734426 0.9573645  0.9574653  1.0189376  0.9692872  0.94627976 1.0316253  1.1050861  0.8991871  0.93234545 0.94127095 0.8966327  1.098512  ]
 [1.4361453  1.5339246  1.4576495  1.433702   1.4235665  1.4600396  1.4355826  1.4024992  1.4691985  1.4815174  1.3914747  1.3959943  1.4329951  1.3917441  1.4854181 ]
 [1.4145505  1.5299659  1.4314004  1.4519668  1.4363761  1.4596901  1.4382747  1.4191527  1.4604328  1.5011212  1.4264386  1.4078239  1.4484468  1.4525836  1.4744023 ]]
