hid1:
[[-0.82144564 -0.6135601  -0.740891   -0.74816865 -0.4496895  -0.7794966  -0.56736505 -0.6296277  -0.49605846 -0.5879758  -0.4126733  -0.6245174  -0.53104687 -1.4577388  -0.6131939  -1.1014725 ]
 [-0.80778044 -1.4577388  -0.7200049  -0.7459079  -0.45785373 -0.78764385 -0.54866016 -0.6252227  -0.49295205 -0.57951987 -0.40799242 -0.63864315 -1.4577388  -0.77460146 -0.5846717  -1.0977018 ]
 [-0.726819   -1.4577388  -1.4577388  -0.73243636 -0.3204026  -0.615488   -0.5023406  -0.7541816  -0.49342906 -1.4577388  -1.4577388  -0.7335829  -0.2679389  -0.62126356 -0.48543435 -0.97082067]
 [-0.80931693 -0.58760643 -0.7240532  -0.7437481  -0.44517112 -0.77805537 -0.56133235 -0.6317725  -0.49374986 -1.4577388  -1.4577388  -0.64496905 -0.5143416  -0.78511024 -0.5866441  -1.0987648 ]
 [-0.81310725 -0.61630213 -0.7008774  -0.7525567  -0.4909073  -0.8429388  -0.5622747  -0.5637114  -0.49530226 -0.5585087  -0.39465284 -0.62727344 -0.5707752  -0.8228826  -0.6176329  -1.4577388 ]
 [-0.81194794 -1.4577388  -0.7012075  -0.75105625 -0.496728   -0.84529555 -0.56144685 -0.56624573 -0.4884063  -0.55753815 -0.38842732 -0.62643844 -1.4577388  -0.83348835 -0.62026525 -1.1251249 ]
 [-1.4577388  -1.4577388  -0.70972514 -0.7420976  -0.46945447 -0.7916609  -0.5660388  -0.6010125  -0.48575252 -0.55505794 -0.3906207  -0.6339626  -0.5480355  -0.79442954 -0.5959656  -1.1004728 ]
 [-1.4577388  -0.6035056  -0.72381604 -0.74573845 -1.4577388  -0.802635   -0.5656549  -0.6043632  -0.49299246 -0.5686444  -1.4577388  -0.63145757 -0.55331933 -0.8018279  -0.6008214  -1.4577388 ]
 [-0.67580396 -1.4577388  -0.6516819  -0.66856587 -0.41064346 -1.4577388  -0.5084787  -0.6081165  -0.3831644  -1.4577388  -0.33545062 -0.5901634  -0.39657927 -0.6626008  -0.53681153 -0.95927894]
 [-0.80650485 -0.5957538  -0.7254813  -0.74745655 -0.43761778 -0.7858817  -0.55541265 -0.63955617 -0.4951591  -0.589684   -0.40100282 -0.6502659  -0.5089486  -0.78515047 -0.5781075  -1.1018121 ]
 [-0.23602578 -0.30462867 -0.20873562 -0.21953061 -0.3449735  -0.24627021 -0.2888584  -0.31079593  0.04437084  0.00473879  0.16557868 -1.4577388  -0.10745776 -0.25881794 -0.3392486  -0.19318101]
 [ 0.25840226 -0.15104026  0.05090036 -0.01549026 -0.3509817  -1.4577388  -0.20993733 -0.0568046   0.23479268  0.24772602  0.29217446 -0.0015021   0.17363647  0.08736821 -1.4577388   0.29566097]
 [-0.7787651  -0.6001511  -0.73596007 -0.7232314  -0.378079   -0.68814784 -0.5254483  -0.7131627  -0.48045158 -0.6223114  -0.43300962 -0.64014256 -0.36508363 -0.6662979  -0.54889405 -1.0042226 ]
 [-0.8006731  -0.604963   -0.713512   -0.75782925 -0.44887263 -0.80246544 -0.54707915 -0.60623837 -0.4986754  -1.4577388  -0.39992434 -0.65581405 -0.52265936 -0.8009191  -0.58049375 -1.4577388 ]
 [-0.16460198 -0.31891614 -1.4577388  -1.4577388  -0.32113558 -1.4577388  -0.38244897 -0.29563972  0.02492444 -0.08524269 -1.4577388  -0.18603477 -0.29905483 -0.28396872 -0.39512563 -0.3370091 ]
 [-0.01084384 -0.26684272 -0.06407186 -0.17870694 -0.37338358 -0.24804884 -0.31460002 -0.07765153  0.10215542  0.15992363  0.23634067 -1.4577388  -0.21201447 -0.27039185 -0.36838043 -0.14625072]]
hid2:
[[-0.80724984 -0.5683357  -0.7642814  -0.7692066  -0.37810007 -0.7653783  -0.53696275 -0.67599845 -0.5305217  -0.63394547 -0.463652   -0.6804187  -0.47828248 -0.7459771  -0.5429196  -1.0974258 ]
 [-0.80724984 -0.5683357  -0.7642814  -0.7692066  -0.37810007 -0.7653783  -0.53696275 -0.67599845 -0.5305217  -0.63394547 -0.463652   -0.6804187  -0.47828248 -0.7459771  -0.5429196  -1.0974258 ]
 [ 0.07345742 -0.19265598 -0.0661647  -0.14082    -0.27100566 -0.14971629 -0.27082863 -0.09182018  0.11091139  0.16526315  0.24025461 -0.0589679  -0.05481384 -0.1041787  -0.26785088 -0.01931878]
 [-0.80724984 -0.5683357  -0.7642814  -0.7692066  -0.37810007 -0.7653783  -0.53696275 -0.67599845 -0.5305217  -0.63394547 -0.463652   -0.6804187  -0.47828248 -0.7459771  -0.5429196  -1.0974258 ]
 [-0.80724984 -0.5683357  -0.7642814  -0.7692066  -0.37810007 -0.7653783  -0.53696275 -0.67599845 -0.5305217  -0.63394547 -0.463652   -0.6804187  -0.47828248 -0.7459771  -0.5429196  -1.0974258 ]
 [-0.8072444  -0.5683335  -0.7642771  -0.7692028  -0.3780994  -0.7653745  -0.5369612  -0.67599493 -0.5305177  -0.6339407  -0.46364775 -0.6804149  -0.47827995 -0.7459731  -0.5429178  -1.0974193 ]
 [-0.80724984 -0.5683357  -0.7642814  -0.7692066  -0.37810007 -0.7653783  -0.53696275 -0.67599845 -0.5305217  -0.63394547 -0.463652   -0.6804187  -0.47828248 -0.7459771  -0.5429196  -1.0974258 ]
 [-0.80724984 -0.5683357  -0.7642814  -0.7692066  -0.37810007 -0.7653783  -0.53696275 -0.67599845 -0.5305217  -0.63394547 -0.463652   -0.6804187  -0.47828248 -0.7459771  -0.5429196  -1.0974258 ]
 [-0.80724984 -0.5683357  -0.7642814  -0.7692066  -0.37810007 -0.7653783  -0.53696275 -0.67599845 -0.5305217  -0.63394547 -0.463652   -0.6804187  -0.47828248 -0.7459771  -0.5429196  -1.0974258 ]
 [-0.80724984 -0.5683357  -0.7642814  -0.7692066  -0.37810007 -0.7653783  -0.53696275 -0.67599845 -0.5305217  -0.63394547 -0.463652   -0.6804187  -0.47828248 -0.7459771  -0.5429196  -1.0974258 ]
 [-0.7036762  -0.5227207  -0.677733   -0.691494   -0.36980885 -0.6930693  -0.50306106 -0.6132284  -0.45791966 -0.5425268  -0.3847591  -0.6110773  -0.43434498 -0.67235744 -0.51143306 -0.96763736]
 [-0.78327346 -0.5576366  -0.74490297 -0.75205815 -0.37635747 -0.7485572  -0.52974355 -0.66089606 -0.5131256  -0.6127215  -0.44520003 -0.6639539  -0.46765828 -0.7287388  -0.53535867 -1.0679531 ]
 [-0.80724984 -0.5683357  -0.7642814  -0.7692066  -0.37810007 -0.7653783  -0.53696275 -0.67599845 -0.5305217  -0.63394547 -0.463652   -0.6804187  -0.47828248 -0.7459771  -0.5429196  -1.0974258 ]
 [-0.80724984 -0.5683357  -0.7642814  -0.7692066  -0.37810007 -0.7653783  -0.53696275 -0.67599845 -0.5305217  -0.63394547 -0.463652   -0.6804187  -0.47828248 -0.7459771  -0.5429196  -1.0974258 ]
 [-0.79959637 -0.5649284  -0.75801516 -0.76352274 -0.3773924  -0.7600254  -0.5344997  -0.67120504 -0.52510315 -0.62707424 -0.45768398 -0.6751898  -0.4748577  -0.74056107 -0.54065084 -1.0878785 ]
 [-0.66427815 -0.50834006 -0.6413844  -0.66468453 -0.37233865 -0.6657851  -0.4921924  -0.5943427  -0.4292635  -0.5148045  -0.36196673 -0.58810574 -0.4251522  -0.64014906 -0.4927933  -0.9201309 ]]
topics:
[[ 0.07114985  0.33621287  0.08097588  0.12060376 -0.8454481  -0.09824871 -0.12115201 -0.47996303 -0.05285983  0.14886348  0.08391221 -0.2533941  -0.36647534 -0.5495663  -0.62117875  0.23019625]
 [-0.19177115  0.5241122  -0.8322179  -0.15500669  0.2230446   0.02807602 -0.29731938 -0.47663802  0.05720432  0.4672658   0.4743839  -0.41997278 -0.5699079   0.06003431 -0.46575072  0.19507453]
 [ 0.37050086  0.22338904  0.0808755  -0.1850624   0.521974   -0.16240513  0.4187445  -0.12634674 -0.06276312 -0.00556089  0.03524328 -0.04681929  0.6670805  -0.0706673  -0.7832176   0.14907825]
 [ 0.3900484  -0.30947155  0.36432007 -0.2409773  -0.6491143   0.05992892 -0.41321483 -0.17437835  0.49975955 -0.08342143 -0.03089606 -0.03772578 -0.4090851   0.50506246  0.4011221   0.14176556]
 [-0.00749183 -0.79347247  0.46029446  0.51928234  0.38383552 -0.33774868  0.27784163 -0.44997108 -0.46617332  0.05457881  0.11068133 -0.40521857 -0.32245618 -0.03554176 -0.32759902  0.31131935]
 [-0.0738144  -0.69490844  0.3603052   0.23363769 -0.73751885 -0.452847   -0.32652682  0.27978522  0.18887027  1.6785498   0.18537866 -0.32663584  0.6056813   0.45545033 -0.4497987  -0.23189345]
 [ 0.37047234  0.27757207 -0.8985089  -0.90473807 -0.07865991 -0.24541686 -0.11811738  0.9854574   0.22127593 -0.16967718 -0.04731375  0.95614034 -0.00899558 -0.31788248 -0.190041   -0.05893322]
 [ 0.02101954 -0.6270314   0.42739007 -0.27511078 -0.33512038  0.28296068 -1.5965527  -0.08949359  1.1232679  -0.14537376  1.8438972   0.35125893  0.41958058  0.28395316 -0.29316306  0.39360756]
 [-0.80724984 -0.5683357  -0.7642814  -0.7692066  -0.37810007 -0.7653783  -0.53696275 -0.67599845 -0.5305217  -0.63394547 -0.463652   -0.6804187  -0.47828248 -0.7459771  -0.5429196  -1.0974258 ]
 [ 0.5920758  -0.37836578  0.03590228  0.20698504 -0.72399396  0.18576697 -0.01872569  0.35080206  0.1569849   0.34394908  0.2356661   0.30389178 -0.03593074 -0.5561311   0.6499822  -0.26548424]]
R:
[[1.1109741e-09 1.1109741e-09 1.1109741e-09 1.3041080e-09 1.1109741e-09 1.1109741e-09 1.1109741e-09 1.1109741e-09 1.0000000e+00 1.1109741e-09]
 [7.2183096e-13 7.2183096e-13 7.2183096e-13 7.2183096e-13 7.2183096e-13 7.2183096e-13 7.2183096e-13 7.2183096e-13 1.0000000e+00 7.2183096e-13]
 [1.1402818e-01 9.8441310e-02 9.8441310e-02 9.8441310e-02 9.8441310e-02 9.8441310e-02 9.8441310e-02 9.8441310e-02 9.8441310e-02 9.8441310e-02]
 [6.4704693e-11 6.4704693e-11 6.4704693e-11 6.4704693e-11 6.4704693e-11 6.4704693e-11 6.4704693e-11 6.4704693e-11 1.0000000e+00 6.4704693e-11]
 [1.3838609e-10 1.3838609e-10 1.3838609e-10 1.3838609e-10 1.3838609e-10 1.3838609e-10 1.3838609e-10 1.3838609e-10 1.0000000e+00 1.3838609e-10]
 [5.9140388e-07 5.9140388e-07 5.9140388e-07 7.5471007e-07 5.9140388e-07 5.9140388e-07 5.9140388e-07 5.9140388e-07 9.9999452e-01 5.9140388e-07]
 [4.8875818e-13 4.8875818e-13 4.8875818e-13 4.8875818e-13 4.8875818e-13 4.8875818e-13 4.8875818e-13 4.8875818e-13 1.0000000e+00 4.8875818e-13]
 [1.1715217e-09 1.1715217e-09 1.1715217e-09 1.3649558e-09 1.1715217e-09 1.1715217e-09 1.1715217e-09 1.1715217e-09 1.0000000e+00 1.1715217e-09]
 [7.7921175e-10 7.5359757e-10 7.5359757e-10 7.5359757e-10 7.5359757e-10 7.5359757e-10 7.5359757e-10 7.5359757e-10 1.0000000e+00 7.5359757e-10]
 [4.8528968e-09 4.6532520e-09 4.6532520e-09 5.7309282e-09 4.6532520e-09 4.6532520e-09 4.6532520e-09 4.6532520e-09 1.0000000e+00 4.6532520e-09]
 [2.0293690e-02 9.7680446e-03 9.7680446e-03 1.4048858e-02 1.3733006e-02 9.7680446e-03 9.7680446e-03 9.7680446e-03 8.9331621e-01 9.7680446e-03]
 [4.1487543e-03 2.4193123e-03 2.4193123e-03 3.3792206e-03 2.4193123e-03 2.4193123e-03 2.4193123e-03 2.4193123e-03 9.7553682e-01 2.4193123e-03]
 [1.1223945e-09 1.1223945e-09 1.1223945e-09 1.1223945e-09 1.1223945e-09 1.1223945e-09 1.1223945e-09 1.1223945e-09 1.0000000e+00 1.1223945e-09]
 [6.1518574e-10 6.1518574e-10 6.1518574e-10 6.1518574e-10 6.1518574e-10 6.1518574e-10 6.1518574e-10 6.1518574e-10 1.0000000e+00 6.1518574e-10]
 [1.4070125e-03 7.7474269e-04 7.7474269e-04 8.8709500e-04 9.4981672e-04 7.7474269e-04 7.7474269e-04 7.7474269e-04 9.9210757e-01 7.7474269e-04]
 [2.7638666e-02 1.1425361e-02 1.1425361e-02 3.0345397e-02 1.8238468e-02 1.1425361e-02 1.1425361e-02 1.1425361e-02 8.5522527e-01 1.1425361e-02]]
distance_matrix:
[[ 16.150528   16.150528  134.5665     16.150528   16.150528   16.150696   16.150528   16.150528   16.150528   16.150528   19.966537   16.788239   16.150528   16.150528   16.341003   21.927185 ]
 [ 21.336761   21.336761  144.43622    21.336761   21.336761   21.336838   21.336761   21.336761   21.336761   21.336761   25.744675   22.110245   21.336761   21.336761   21.57042    27.937607 ]
 [ 20.287628   20.287628  129.67503    20.287628   20.287628   20.287674   20.287628   20.287628   20.287628   20.287628   23.041855   20.683853   20.287628   20.287628   20.399002   24.669388 ]
 [ 20.800903   20.800903  141.0239     20.800903   20.800903   20.80101    20.800903   20.800903   20.800903   20.800903   24.74736    21.477997   20.800903   20.800903   21.002487   26.75644  ]
 [ 15.408264   15.408264  135.00586    15.408264   15.408264   15.408524   15.408264   15.408264   15.408264   15.408264   19.377518   16.08046    15.408264   15.408264   15.608978   21.469635 ]
 [ 12.6215515  12.6215515 128.24261    12.6215515  12.6215515  12.621704   12.6215515  12.6215515  12.6215515  12.6215515  16.119736   13.18692    12.6215515  12.6215515  12.7885895  17.960022 ]
 [ 16.258636   16.258636  128.78732    16.258636   16.258636   16.258743   16.258636   16.258636   16.258636   16.258636   19.329529   16.72905    16.258636   16.258636   16.394806   21.011673 ]
 [ 25.07933    25.07933   150.24136    25.07933    25.07933    25.079361   25.07933    25.07933    25.07933    25.07933    29.72081    25.90068    25.07933    25.07933    25.331055   31.916534 ]
 [ 23.463821   23.463821  123.32653    23.463821   23.463821   23.463837   23.463821   23.463821   23.463821   23.463821   25.123962   23.60434    23.463821   23.463821   23.49408    26.337616 ]
 [ 15.579559   15.579559  131.1581     15.579559   15.579559   15.579636   15.579559   15.579559   15.579559   15.579559   19.103104   16.143768   15.579559   15.579559   15.747665   20.948807 ]
 [ 76.56961    76.56961    56.892174   76.56961    76.56961    76.56892    76.56961    76.56961    76.56961    76.56961    64.0248     73.461      76.56961    76.56961    75.54852    60.285576 ]
 [139.08548   139.08548    47.696835  139.08548   139.08548   139.08437   139.08548   139.08548   139.08548   139.08548   118.03503   134.02559   139.08548   139.08548   137.4355    111.23755  ]
 [ 16.661423   16.661423  122.524345   16.661423   16.661423   16.661575   16.661423   16.661423   16.661423   16.661423   19.029068   16.96695    16.661423   16.661423   16.743881   20.517685 ]
 [ 19.593643   19.593643  136.40689    19.593643   19.593643   19.59378    19.593643   19.593643   19.593643   19.593643   23.189545   20.185287   19.593643   19.593643   19.768097   25.106323 ]
 [ 65.54607    65.54607    55.535812   65.54607    65.54607    65.54544    65.54607    65.54607    65.54607    65.54607    54.24282    62.715218   65.54607    65.54607    64.61474    51.006493 ]
 [ 96.688896   96.688896   63.175087   96.688896   96.688896   96.68807    96.688896   96.688896   96.688896   96.688896   82.484665   93.18889    96.688896   96.688896   95.546646   77.977356 ]]
