hid1:
[[0.53994554 0.22488801 0.17008014 0.18286833 0.07070968 0.11539076 0.09394921 0.31379274 0.16147    0.15349706 0.0342127  0.13659033 0.20148359 0.         0.15945578 0.17666273]
 [0.6307693  0.2650943  0.         0.20003179 0.19739753 0.22441353 0.2056075  0.27383608 0.11672334 0.23209612 0.0373483  0.21883847 0.16834146 0.         0.2678466  0.22740376]
 [0.         0.18390082 0.         0.14600725 0.13223447 0.2129789  0.0869038  0.16448401 0.13109061 0.2637569  0.16928712 0.22391021 0.20625423 0.         0.18035126 0.27630386]
 [0.         0.2598864  0.         0.19987088 0.         0.15431204 0.         0.3714039  0.2110202  0.15689823 0.17270984 0.         0.29182208 0.01246216 0.         0.08366169]
 [0.63140124 0.13067059 0.11076785 0.18387152 0.16237466 0.0990815  0.16019183 0.00372345 0.16917358 0.2443183  0.         0.18676463 0.15093291 0.         0.2560508  0.15405934]
 [0.         0.231669   0.09376884 0.20143537 0.15254445 0.29392087 0.         0.3239027  0.13527891 0.18402018 0.         0.         0.         0.         0.13675447 0.18652931]
 [0.         0.2070245  0.35971132 0.1973735  0.13386904 0.23277724 0.04677604 0.3167609  0.12950823 0.2288444  0.16795802 0.12393148 0.14838707 0.         0.13103779 0.14223294]
 [0.7259243  0.         0.04297774 0.18189412 0.20795755 0.17040297 0.18514399 0.         0.13770153 0.25861326 0.01933449 0.25414348 0.15362264 0.         0.2760097  0.21470906]
 [0.         0.04315776 0.27845728 0.         0.         0.         0.         0.12238574 0.02669969 0.12192003 0.         0.         0.         0.         0.         0.        ]
 [0.70546645 0.29249057 0.03961439 0.22266972 0.15545082 0.10446858 0.16445564 0.31784856 0.13627982 0.203837   0.02630787 0.19303016 0.16957107 0.         0.24577616 0.16807303]
 [0.4981857  0.16792312 0.         0.16678323 0.04542628 0.21745892 0.         0.13338077 0.19315092 0.10620963 0.06752516 0.02931365 0.17968321 0.         0.03885573 0.09274007]
 [0.         0.         0.         0.         0.         0.         0.         0.         0.         0.         0.         0.         0.22589949 0.         0.         0.        ]
 [0.         0.0425375  0.         0.         0.         0.         0.         0.         0.16339254 0.13003075 0.32951325 0.         0.31130183 0.04226348 0.         0.        ]
 [0.4918107  0.2796048  0.09618136 0.17845209 0.17425992 0.13415861 0.11390913 0.39506212 0.15315054 0.20774934 0.03018436 0.21807107 0.17277193 0.         0.19914474 0.13461797]
 [0.5063386  0.20273346 0.         0.1395902  0.05149447 0.20093685 0.         0.16889066 0.2158627  0.12418267 0.05595732 0.04375822 0.17440103 0.         0.06525186 0.1269156 ]
 [0.43360892 0.13067734 0.         0.1165379  0.         0.24694443 0.         0.23953384 0.1367948  0.         0.         0.         0.08809613 0.         0.         0.11565518]]
hid2:
[[ 1.76798820e-01  2.02519327e-01  8.59182552e-02  3.27618718e-02  3.57258469e-02  8.76319557e-02  1.90166570e-03  2.10686222e-01  1.26458630e-01  1.22547001e-01  8.73082504e-02  8.83148164e-02  2.07159936e-01  1.47310388e-03  5.79840504e-02  1.47688640e-02]
 [ 1.76860452e-01  1.94932595e-01  8.65732133e-02  3.30903046e-02  3.37439477e-02  8.29246715e-02 -1.37743913e-03  2.04566762e-01  1.27677992e-01  1.29230469e-01  9.45043266e-02  8.85522887e-02  2.06438974e-01  1.79031864e-04  5.14224321e-02  1.83543991e-02]
 [ 8.19307715e-02  1.36460975e-01  5.32345325e-02  2.84795519e-02 -1.33490831e-01  1.73767090e-01 -1.53067425e-01  1.94769278e-01  1.29458889e-01  9.58502814e-02  1.91017047e-01 -6.43806309e-02  2.82820433e-01  1.03305496e-01 -1.74880683e-01 -6.72466308e-02]
 [ 2.03309730e-01  2.09900349e-01  1.25850797e-01  6.12520203e-02  1.26732960e-01  3.07215285e-02  8.21776688e-02  1.86524138e-01  9.67120379e-02  1.50570661e-01  5.93259521e-02  1.34351328e-01  1.75316632e-01 -5.24072610e-02  1.24814250e-01  8.04514140e-02]
 [ 1.82055041e-01  2.06095025e-01  1.07713185e-01  5.07158861e-02  6.45925999e-02  7.95489103e-02  2.62158848e-02  2.00740784e-01  1.18217312e-01  1.32583842e-01  7.94290304e-02  9.58192721e-02  2.04626799e-01 -5.99600282e-03  8.28379467e-02  3.28863934e-02]
 [ 1.93859041e-01  2.14716062e-01  1.29699677e-01  6.71881661e-02  1.17429361e-01  4.65207510e-02  7.54633173e-02  1.89048603e-01  9.35814530e-02  1.41142011e-01  5.87839372e-02  1.18103445e-01  1.84471279e-01 -4.03971486e-02  1.15206748e-01  7.23957419e-02]
 [ 2.21980751e-01  2.37519607e-01  1.31285399e-01  6.06505424e-02  1.45455658e-01  3.78293656e-02  1.02380358e-01  2.01002628e-01  1.07778110e-01  1.43363908e-01  3.06178946e-02  1.60542250e-01  1.67632818e-01 -5.74821196e-02  1.83096036e-01  8.11420009e-02]
 [ 1.78720623e-01  2.03566998e-01  8.65902901e-02  3.21840383e-02  2.67796926e-02  9.55933705e-02 -6.15347642e-03  2.10578069e-01  1.35621473e-01  1.23470448e-01  8.91668573e-02  8.90782252e-02  2.09420204e-01  7.56920315e-03  6.20472431e-02  1.08357165e-02]
 [ 2.01074123e-01  2.21139640e-01  1.24977328e-01  6.10255599e-02  1.14832997e-01  5.30465282e-02  7.28772655e-02  1.97202951e-01  1.05665706e-01  1.39922112e-01  5.35577983e-02  1.27644390e-01  1.84734359e-01 -3.62618342e-02  1.33465350e-01  6.39647394e-02]
 [ 1.62244126e-01  1.80492729e-01  7.95694888e-02  3.04702893e-02  3.91723402e-03  9.34833139e-02 -2.89981849e-02  1.99521571e-01  1.29422322e-01  1.27687827e-01  1.14790455e-01  6.52872771e-02  2.16911256e-01  1.46330576e-02  9.64132138e-03  6.94485009e-03]
 [ 1.49574041e-01  1.81423366e-01  9.97966230e-02  5.44286966e-02  4.30230275e-02  8.57516676e-02  3.19502037e-03  1.95710316e-01  9.74374190e-02  1.27494171e-01  1.07175335e-01  4.88562137e-02  2.25549936e-01  1.30744856e-02  9.96575318e-03  1.61672179e-02]
 [ 2.26740733e-01  2.36799955e-01  1.30713850e-01  5.94567843e-02  1.58066034e-01  2.82081254e-02  1.12267390e-01  2.01691240e-01  1.05822287e-01  1.47734717e-01  2.76295096e-02  1.69342503e-01  1.63686216e-01 -6.43294454e-02  1.92879677e-01  8.51506516e-02]
 [ 1.60110757e-01  1.88400030e-01  9.66315418e-02  4.48933095e-02 -4.87177819e-03  1.16970658e-01 -3.61597277e-02  1.95265248e-01  1.38250455e-01  1.26635835e-01  1.13577418e-01  5.62281050e-02  2.27239907e-01  3.15469876e-02  2.12163199e-02  3.74573958e-03]
 [ 1.79384455e-01  1.95477322e-01  1.07898608e-01  5.09083606e-02  5.72683960e-02  7.28253648e-02  1.92601457e-02  1.90737739e-01  1.16723485e-01  1.38699338e-01  9.02304053e-02  9.23010260e-02  2.02198803e-01 -9.64079332e-03  6.46342784e-02  4.00740579e-02]
 [ 1.50295556e-01  1.88495502e-01  1.07255779e-01  6.10184781e-02  5.52295409e-02  8.51979926e-02  1.52831562e-02  1.96185276e-01  9.09917653e-02  1.24915525e-01  9.86188799e-02  5.00679612e-02  2.24386260e-01  9.80735850e-03  2.08439808e-02  2.15419158e-02]
 [ 1.86882213e-01  2.11704910e-01  1.22032903e-01  6.28536195e-02  9.98439342e-02  6.24454170e-02  5.77698685e-02  1.96028501e-01  1.01549588e-01  1.37021586e-01  6.63898438e-02  1.05700530e-01  1.96755260e-01 -2.24817060e-02  1.03679232e-01  5.24957515e-02]]
topics:
[[ 0.27720517  0.30823994  0.5215229   0.26139325 -0.42194304 -0.0758431  -0.13283624 -0.45726246  0.06288874  0.10506924  0.09201566  0.18549305 -0.3387721  -0.56661785 -0.3158951   1.0010862 ]
 [ 0.29237583  0.5038967  -0.42255193  0.55391604  0.18718293  0.16172954 -0.12589537  0.11625668  0.15444289  0.5992723   0.56368285  0.9311317  -0.46723127 -0.17490622 -0.4251048   0.36624172]
 [ 0.2909133  -0.4659793   0.12140301 -0.04306948  0.6372589  -0.17260721  0.30060512 -0.44013208  0.09065955 -0.26579478  0.15912966 -0.02589856  0.36076158 -0.26155397 -0.5987625   0.29796523]
 [ 0.09048945  0.54017526  0.072427    0.03084398 -0.47270584  0.8455473  -0.3963102   0.4991534   0.45348796 -0.2150995  -0.04449411 -0.16342153  0.50616395  0.5388984   0.2427611  -0.49239543]
 [-0.32856053  0.08516601  0.23749632  0.378771    0.42733073  0.19462618  0.25738826  0.29739675 -0.48537734 -0.02421201  0.14923054 -0.62576693  0.64847296  0.3169505  -0.46248776 -0.24461065]
 [-0.00486325 -0.5154814   0.34797648  0.06421491 -0.9933105  -0.8457832  -0.2888978  -0.09078114  0.10688973  1.8976856   0.17995231 -0.24645495  0.73104405  0.66433597 -0.80074805 -0.5108996 ]
 [ 0.37585697  0.14837626 -1.1190671  -1.0420625  -0.15934849 -0.49841216 -0.13015269  0.86019605  0.19276276 -0.18278903 -0.01665774  0.598564   -0.20327264 -0.48579037 -0.2603847  -0.39253223]
 [ 0.12413777 -0.21051894  0.10463004 -0.24961711 -0.23197326  0.4956335  -1.2268541   0.25367197  1.0311785  -0.15395333  1.0620815  -0.15294217  0.6188298   0.2096697  -0.3479604   0.09975135]
 [ 0.26313818  0.27423164  0.13850191  0.05641367  0.2047523   0.01890422  0.15753688  0.21998568  0.11867062  0.14633328 -0.0177014   0.22424139  0.14228036 -0.08738372  0.29139483  0.09836875]
 [ 0.16812055 -0.40434712  0.11178631 -0.36720216 -0.75365406  0.20373891 -0.3317956  -0.13828194  0.24718504  0.2903907   0.6800709  -0.16007094 -0.00807692 -0.07673842  0.65752155 -0.0124103 ]]
R:
[[0.05216902 0.03115398 0.03115398 0.10791714 0.10164984 0.03115398 0.04940032 0.03115398 0.5330938  0.03115398]
 [0.05248069 0.03376387 0.03376387 0.10251986 0.10095786 0.03376387 0.04831267 0.03376387 0.5269096  0.03376387]
 [0.10876223 0.06117177 0.06117177 0.22631223 0.2129722  0.06117177 0.08492269 0.06117177 0.06117177 0.06117177]
 [0.04374785 0.02150881 0.02150881 0.02150881 0.08379815 0.02150881 0.02150881 0.02150881 0.7218923  0.02150881]
 [0.04664041 0.02854783 0.02854783 0.08674751 0.09746845 0.02854783 0.03205818 0.02854783 0.5943463  0.02854783]
 [0.04919887 0.02052503 0.02052503 0.03780108 0.09569848 0.02052503 0.02052503 0.02052503 0.69415134 0.02052503]
 [0.03052113 0.01336341 0.01336341 0.02716565 0.05485248 0.01336341 0.01336341 0.01336341 0.80728024 0.01336341]
 [0.05017472 0.03247751 0.03247751 0.11765424 0.0940022  0.03247751 0.04669311 0.03247751 0.52908814 0.03247751]
 [0.03997774 0.01998536 0.01998536 0.04729978 0.08081694 0.01998536 0.01998536 0.01998536 0.71199346 0.01998536]
 [0.06262901 0.03991204 0.03991204 0.11914402 0.11776241 0.03991204 0.05532354 0.03991204 0.44558084 0.03991204]
 [0.06061568 0.03514222 0.03514222 0.09459454 0.14770205 0.03514222 0.04390088 0.03514222 0.47747573 0.03514222]
 [0.0248595  0.0126393  0.0126393  0.01510845 0.05059806 0.0126393  0.0126393  0.0126393  0.8335982  0.0126393 ]
 [0.06182529 0.04001955 0.04001955 0.13902816 0.11255064 0.04001955 0.04001955 0.04001955 0.4464786  0.04001955]
 [0.05400059 0.03188076 0.03188076 0.08057361 0.10176007 0.03188076 0.03367699 0.03188076 0.57058495 0.03188076]
 [0.06088848 0.03184466 0.03184466 0.08985376 0.14952764 0.03184466 0.03957095 0.03184466 0.50093585 0.03184466]
 [0.04456737 0.02344816 0.02344816 0.05839761 0.09972825 0.02344816 0.02344816 0.02344816 0.6566178  0.02344816]]
distance_matrix:
[[ 4.663195   4.6904945 10.882881   3.768712   4.251809   3.826647   3.652471   4.7061834  3.7730541  5.3500795  5.094077   3.6790142  5.365309   4.361945   4.9150543  3.9609914]
 [11.900251  11.94662   21.889374   9.251007  10.908958   9.540942   8.547894  11.998792   9.418145  13.246567  12.62072    8.357687  13.25123   11.1543455 12.235888  10.039305 ]
 [ 6.5881867  6.614357  13.058702   5.283291   6.0707893  5.343684   5.257007   6.716173   5.4090548  7.317424   6.7944794  5.2557726  7.4236774  6.146364   6.5530367  5.5976663]
 [ 5.4130063  5.3844986  6.7776604  6.187785   5.5689583  5.9366264  7.0679355  5.5020323  6.186881   5.2143297  5.0148983  7.3503017  5.335561   5.4072485  5.0221395  5.7699065]
 [ 6.211078   6.25078   14.25908    4.5589294  5.5242243  4.7246656  4.1053214  6.250799   4.592596   7.225174   6.8437586  4.0313473  7.182805   5.7241287  6.5755234  4.9947124]
 [ 5.68366    5.6799736 11.272036   4.730978   5.256954   4.761298   4.880318   5.791444   4.838853   6.2278833  5.751139   4.9108477  6.3225427  5.2920666  5.5703335  4.910812 ]
 [ 9.126835   9.121543  14.43068    8.12139    8.704955   8.12097    8.384394   9.275498   8.284557   9.620125   9.053642   8.433845   9.757776   8.694138   8.855438   8.3179455]
 [ 9.064575   9.11262   18.696495   6.696784   8.14545    6.9646635  5.9956355  9.127388   6.7971325 10.355359   9.829822   5.827878  10.319193   8.405021   9.480025   7.3808417]
 [10.813652  10.759461  13.0209255 11.171173  10.845431  11.029649  12.004086  10.93146   11.261431  10.719188  10.401931  12.195894  10.925961  10.701014  10.395887  10.915996 ]
 [ 9.535706   9.574375  18.76506    7.394617   8.716481   7.6611366  6.7656293  9.588958   7.492852  10.738869  10.330622   6.619261  10.738269   8.946853  10.022002   8.042063 ]
 [ 3.6130223  3.6327083  8.532515   3.4276896  3.389726   3.3955643  3.4346251  3.5840724  3.3056984  4.075902   4.036705   3.5500927  3.986927   3.477706   3.9410021  3.3568578]
 [ 5.7314005  5.721925   6.7539225  7.17257    6.0681562  6.9041157  7.8764615  5.691799   6.96189    5.498549   5.7161493  8.206268   5.481859   5.9786634  5.810771   6.55173  ]
 [ 6.698318   6.6517754  7.638896   7.6325126  6.8872967  7.3729486  8.612536   6.7831554  7.6269927  6.40837    6.189      8.897974   6.535592   6.713328   6.2275715  7.1405377]
 [ 6.249429   6.2853527 14.108735   4.7391243  5.6250496  4.907957   4.3078437  6.2778254  4.764064   7.221569   6.9319563  4.2459     7.195715   5.812855   6.6897287  5.155457 ]
 [ 3.6246982  3.6419055  8.623688   3.3953238  3.3871167  3.371812   3.395949   3.5971806  3.2816114  4.0973063  4.0497627  3.5050478  4.0107317  3.47503    3.9515126  3.341308 ]
 [ 4.971076   4.9637375  8.581585   5.360518   4.9247856  5.26657    5.5886965  4.9081516  5.196752   5.1767874  5.2898717  5.775765   5.0679116  4.9479513  5.277812   5.1005287]]
