hid1:
[[0.18153171 0.27439612 0.06621083 0.10633856 0.01461782 0.08955631 0.         0.         0.07172278 0.02040168 0.13074848 0.         0.3014585  0.         0.         0.04444262]
 [0.17789087 0.22831945 0.0149917  0.07917526 0.1509098  0.         0.11486217 0.03117142 0.01545242 0.08395199 0.15539305 0.         0.2693509  0.         0.         0.15840314]
 [0.00590927 0.10893775 0.         0.16658035 0.04375924 0.13859634 0.         0.         0.         0.01202226 0.16474922 0.02292038 0.1640943  0.21104512 0.         0.0451964 ]
 [0.18351544 0.24794328 0.01929091 0.         0.         0.03321734 0.         0.02392482 0.10294166 0.02416127 0.16963166 0.         0.22337349 0.         0.00560974 0.07847802]
 [0.22492139 0.28445852 0.         0.0663991  0.11638787 0.01594181 0.10083103 0.08785586 0.06164819 0.04815936 0.11815921 0.         0.31879678 0.         0.         0.07350964]
 [0.20769657 0.27840754 0.         0.0147285  0.00869    0.07113838 0.00825066 0.06013586 0.13596624 0.01024192 0.08762807 0.         0.254459   0.         0.         0.05660643]
 [0.2233423  0.26758975 0.05073989 0.10610317 0.19394271 0.         0.15449254 0.05328239 0.00285864 0.07766671 0.15146227 0.         0.34268963 0.         0.         0.16235393]
 [0.21579897 0.26078176 0.         0.10389543 0.06270774 0.05021996 0.05112894 0.02347351 0.05332435 0.06875996 0.15741535 0.         0.29417115 0.         0.         0.07393692]
 [0.13428806 0.24510618 0.         0.         0.         0.1685253  0.         0.         0.26315713 0.         0.0029071  0.18962862 0.05692812 0.14697456 0.14312093 0.        ]
 [0.17054243 0.24362993 0.         0.03430168 0.09456165 0.00391246 0.07790186 0.02572873 0.07369732 0.0506406  0.15452242 0.         0.2652985  0.         0.         0.05365062]
 [0.25222945 0.3089919  0.         0.         0.06994687 0.         0.         0.23815134 0.21839018 0.02724608 0.1137611  0.         0.2783786  0.         0.02393638 0.        ]
 [0.0558099  0.26201478 0.06024822 0.         0.0394332  0.08020512 0.         0.         0.12812947 0.05905519 0.11986717 0.10234623 0.13293457 0.0307005  0.         0.15015186]
 [0.13388899 0.30029544 0.10609676 0.03788838 0.         0.07340694 0.         0.         0.09732535 0.07382408 0.11301585 0.         0.2721524  0.1349312  0.         0.        ]
 [0.14419605 0.25940257 0.08187082 0.12031184 0.03232661 0.04962384 0.         0.         0.07240339 0.02955173 0.14467934 0.         0.3168787  0.03855468 0.         0.        ]
 [0.3361089  0.30955458 0.         0.         0.26825514 0.         0.16511965 0.33202994 0.09511481 0.10324135 0.105526   0.         0.3397422  0.         0.02561255 0.21644555]
 [0.28114673 0.2871849  0.         0.         0.01791154 0.0204493  0.00099943 0.25565046 0.23424172 0.04538261 0.05281112 0.0579482  0.197266   0.         0.16462184 0.12733667]]
hid2:
[[ 1.97114125e-01  3.10248166e-01  1.76310074e-02  6.36152253e-02  1.11020863e-01  2.70585325e-02  5.51254116e-02  8.44798014e-02  7.01597631e-02  3.14771682e-02  8.71884078e-02  1.66436881e-02  3.01466376e-01 -1.52416481e-02 -8.26240517e-03  6.97678924e-02]
 [ 2.00376898e-01  2.77323723e-01  2.31807791e-02  4.50554043e-02  7.00720772e-02  3.29047143e-02  4.00589146e-02  8.35877955e-02  8.34385157e-02  4.66814153e-02  1.20919302e-01  1.78137179e-02  2.85558581e-01 -1.81246661e-02  7.07198679e-03  7.39391446e-02]
 [ 8.43528062e-02  2.03968197e-01  2.04264522e-01  1.16588950e-01 -8.90531614e-02  1.67821050e-01 -7.75949731e-02 -1.73164338e-01  7.41811767e-02  6.79819286e-02  2.55136073e-01 -1.40867710e-01  2.77130634e-01  1.58561677e-01 -1.56053871e-01 -4.52190936e-02]
 [ 1.95079505e-01  2.45470971e-01  1.34365559e-02  5.35166264e-02  1.24697655e-01 -1.57891475e-02  8.73755366e-02  9.97453108e-02  3.44362147e-02  6.46185353e-02  1.29296809e-01  1.76361222e-02  2.85466403e-01 -6.05868213e-02 -1.94879435e-02  1.21659368e-01]
 [ 1.87951997e-01  2.76019454e-01  2.09876802e-02  6.22235090e-02  1.29957035e-01  1.33770565e-02  8.78057629e-02  8.18284750e-02  3.94546874e-02  4.05276641e-02  1.09612003e-01  6.33091945e-03  3.02055687e-01 -2.85732374e-02  1.05898827e-04  8.55574161e-02]
 [ 1.69519886e-01  2.74596810e-01  3.13910618e-02  8.39088336e-02  1.79649234e-01  3.86164524e-03  1.30926281e-01  6.65037781e-02 -5.18266717e-03  3.22574265e-02  1.03585482e-01 -1.49781480e-02  3.17450255e-01 -2.90504247e-02 -9.60345939e-03  9.15364400e-02]
 [ 2.03199565e-01  2.89453804e-01  2.26040781e-02  4.51899990e-02  7.35334530e-02  3.67356539e-02  4.57907245e-02  8.90961140e-02  8.43419135e-02  3.80933024e-02  1.11118518e-01  1.92987677e-02  2.87383944e-01 -1.81537513e-02  2.26302780e-02  7.33100623e-02]
 [ 1.78569824e-01  2.65745789e-01  3.45570482e-02  6.66282475e-02  1.15208022e-01  2.29589995e-02  7.60285333e-02  6.06786832e-02  3.96459624e-02  4.52801511e-02  1.23827375e-01 -5.77283278e-03  3.00567687e-01 -1.47804059e-02 -1.63296126e-02  7.59626552e-02]
 [ 2.07748622e-01  2.62762874e-01  3.36678922e-02  2.78070904e-02 -9.84462723e-03  5.55159971e-02 -2.60681305e-02  7.08055273e-02  1.32932633e-01  6.44209385e-02  1.49916232e-01  2.37870589e-02  2.63015121e-01 -8.43462534e-04 -8.52858648e-03  5.88965937e-02]
 [ 1.83185011e-01  2.53197402e-01  3.54285501e-02  5.72511032e-02  8.56987238e-02  2.51451079e-02  5.30634113e-02  6.08305857e-02  5.67270629e-02  5.66326380e-02  1.38796061e-01 -5.34089282e-04  2.89429665e-01 -1.53644700e-02 -2.31295601e-02  7.72809610e-02]
 [ 2.12358460e-01  2.58182526e-01  4.37759496e-02  1.15568042e-02 -6.55247718e-02  7.58356377e-02 -5.98460063e-02  6.53113350e-02  1.61184356e-01  6.55707642e-02  1.66193992e-01  2.53977291e-02  2.44965658e-01  9.25474428e-03  1.36322528e-03  4.88564596e-02]
 [ 1.90405533e-01  2.43977085e-01  6.80491328e-02  2.93720346e-02 -6.86295927e-02  8.96618590e-02 -6.69772699e-02  2.31181532e-02  1.48607299e-01  7.10345358e-02  1.84526116e-01 -1.53792929e-03  2.52343774e-01  3.61846685e-02 -3.25578973e-02  3.02514993e-02]
 [ 1.67751312e-01  2.43057474e-01  8.40073377e-02  5.72983027e-02 -1.83457546e-02  8.47935975e-02 -2.68647186e-02 -1.95147051e-03  1.03355333e-01  6.34911060e-02  1.79918259e-01 -2.86138803e-02  2.71539301e-01  4.38636392e-02 -4.92716543e-02  3.05892788e-02]
 [ 1.75123706e-01  2.68708169e-01  4.03818116e-02  6.92649782e-02  1.10621713e-01  3.09278090e-02  7.25208297e-02  5.21878302e-02  4.09919247e-02  4.21907492e-02  1.24329627e-01 -1.10480348e-02  3.02159965e-01 -5.95201552e-03 -1.65820271e-02  6.81241155e-02]
 [ 2.21382692e-01  2.74567962e-01  4.23613079e-02  3.39884311e-03 -8.06412399e-02  8.51887316e-02 -6.48601726e-02  7.72289038e-02  1.75220385e-01  5.48513159e-02  1.56273663e-01  3.27144749e-02  2.39587843e-01  8.39573238e-03  2.79182531e-02  4.76384237e-02]
 [ 2.27900892e-01  2.92586386e-01  1.90404393e-02  1.59892421e-02 -3.63965333e-03  5.33910990e-02 -8.58179387e-03  1.09929763e-01  1.41712576e-01  4.53830510e-02  1.22013286e-01  4.34772559e-02  2.59593785e-01 -2.10378356e-02  4.72687818e-02  7.42400140e-02]]
topics:
[[ 3.67027044e-01  4.33925986e-01  4.80362445e-01  2.25788072e-01 -4.42144394e-01 -3.06209862e-01 -1.13985382e-01  3.83563519e-01  2.98605002e-02  1.75451040e-01  1.17507316e-01  3.76877747e-02 -3.21743369e-01 -6.84928358e-01 -3.66149962e-01  1.20215547e+00]
 [ 4.60830808e-01  5.60996950e-01 -1.45350015e+00  7.24728703e-01  1.42473340e-01  1.40848771e-01 -1.95634052e-01 -1.55824229e-01  1.48856401e-01  6.94759905e-01  5.04734516e-01  7.94433892e-01 -5.22771716e-01 -4.49182421e-01 -4.95651096e-01  1.40118316e-01]
 [ 3.60350370e-01 -8.48552644e-01  2.93788046e-01 -1.56530946e-01  7.70253956e-01 -2.84179568e-01  4.07596350e-01 -2.64691515e-03 -1.81632619e-02 -2.91785777e-01  2.71651089e-01 -1.02442978e-02  4.33320224e-01 -2.35363662e-01 -6.97626173e-01  2.42726043e-01]
 [ 1.97452232e-01  7.73121357e-01  2.40497977e-01  2.22088154e-02 -5.25046349e-01  7.34258592e-01 -4.40842927e-01 -2.19924033e-01  6.00172460e-01 -2.86718011e-01 -4.56651747e-02 -8.85375515e-02  3.50604147e-01  6.08780742e-01  4.21293676e-01 -5.94606578e-01]
 [-2.67646164e-01  1.94616050e-01  4.28003848e-01  4.84496951e-01  5.19500732e-01  1.77196503e-01  3.52005750e-01 -6.24521494e-01 -4.88214403e-01 -4.63330150e-02  2.11685523e-01 -5.38450301e-01  5.52557707e-01  3.85641247e-01 -5.01008809e-01 -2.00433269e-01]
 [ 1.49449268e-02 -5.08770347e-01  1.60833031e-01  2.41664901e-01 -1.14643776e+00 -8.14288616e-01 -3.51054996e-01 -3.25038791e-01  2.08668083e-01  2.26243305e+00  1.81645498e-01 -2.75455713e-01  8.34916770e-01  6.44308925e-01 -1.02439106e+00 -4.86758798e-01]
 [ 3.41726810e-01  5.84525093e-02 -1.08203506e+00 -1.19669664e+00 -2.08067477e-01 -3.95825684e-01 -1.47501051e-01  7.22873688e-01  1.96132824e-01 -2.48744160e-01  1.09465269e-03  7.03488708e-01 -2.02716544e-01 -4.54100549e-01 -3.37036729e-01 -4.49834883e-01]
 [ 1.40283674e-01 -6.34725243e-02  6.70744538e-01 -3.94415826e-01 -3.22879076e-01  5.82135379e-01 -1.97293401e+00  1.87135518e-01  1.40029812e+00 -1.29347906e-01  1.17437649e+00  3.72891850e-03  6.41932547e-01  3.82182330e-01 -4.01348144e-01  2.26717204e-01]
 [ 3.65257144e-01  4.07016307e-01 -2.02568784e-01 -6.22106828e-02  2.14078188e-01 -9.87563282e-02  1.49773285e-01  4.17768151e-01  1.47189379e-01  1.26545332e-04 -6.34956583e-02  2.31263503e-01  2.86810905e-01 -2.20946819e-01  2.63751239e-01  1.99888051e-01]
 [ 1.55533567e-01 -6.10467851e-01  3.19347888e-01 -3.65661800e-01 -7.61252165e-01  2.80981660e-01  7.28601292e-02 -5.11558279e-02  1.12811729e-01  2.81137794e-01  1.02099836e+00 -1.60266399e-01 -2.74484903e-02 -3.94910090e-02  7.86597788e-01  1.64352402e-01]]
R:
[[0.05932428 0.02228521 0.02228521 0.09141462 0.2163209  0.02228521 0.02228521 0.02228521 0.49922884 0.02228521]
 [0.06202996 0.02495243 0.02495243 0.09247993 0.19915226 0.02495243 0.02495243 0.02495243 0.47032836 0.05124742]
 [0.1137513  0.04295316 0.04295316 0.21372546 0.3223704  0.04295316 0.04295316 0.04295316 0.04295316 0.09243384]
 [0.06474286 0.02406564 0.02406564 0.02406564 0.22511746 0.02406564 0.02406564 0.02406564 0.51068586 0.05505998]
 [0.05135349 0.01980852 0.01980852 0.0554086  0.23449478 0.01980852 0.01980852 0.01980852 0.5138306  0.04586998]
 [0.04466563 0.01434468 0.01434468 0.02772888 0.27604756 0.01434468 0.01434468 0.01434468 0.5361455  0.04368903]
 [0.06026287 0.02208347 0.02208347 0.09738138 0.19621982 0.02208347 0.02208347 0.02208347 0.48606607 0.04965257]
 [0.05539754 0.02225478 0.02225478 0.06366116 0.2437099  0.02225478 0.02225478 0.02225478 0.47565717 0.05030032]
 [0.07980426 0.03470388 0.03470388 0.13407154 0.16552253 0.03470388 0.03470388 0.03470388 0.38625267 0.06082956]
 [0.06284051 0.02652025 0.02652025 0.07151332 0.2287493  0.02652025 0.02652025 0.02652025 0.44740814 0.05688752]
 [0.09165394 0.03659074 0.03659074 0.16478708 0.14397928 0.03659074 0.04144993 0.03659074 0.33749777 0.07426906]
 [0.09285119 0.03980215 0.03980215 0.17114411 0.17386323 0.03980215 0.04229688 0.03980215 0.28446725 0.07616872]
 [0.08549469 0.03530364 0.03530364 0.1474012  0.22105817 0.03530364 0.03530364 0.03530364 0.29764965 0.07187803]
 [0.05524381 0.02203024 0.02203024 0.07198502 0.2471306  0.02203024 0.02203024 0.02203024 0.46519765 0.05029174]
 [0.09399811 0.03349382 0.03349382 0.18117301 0.1273698  0.03349382 0.0402927  0.03349382 0.34763208 0.07555908]
 [0.07722241 0.02663049 0.02663049 0.13740896 0.13941534 0.02663049 0.02754905 0.02663049 0.4515899  0.06029242]]
distance_matrix:
[[0.3134296  0.22671342 1.9404142  0.51958776 0.3859415  0.651263   0.23789954 0.29883075 0.31493473 0.2430911  0.5413792  0.57656884 0.34946847 0.26458168 0.63729024 0.36796212]
 [0.37682676 0.39764404 3.2333426  0.27665758 0.2346127  0.24814415 0.40257788 0.24081802 0.90883327 0.31170154 1.413857   1.5177336  1.0605931  0.25400186 1.5939832  0.9003134 ]
 [2.253313   1.9876614  1.5602479  2.4517555  2.3667457  2.7449098  2.0816464  2.0866938  1.6467302  1.8791502  1.6158838  1.391644   1.2376628  2.0043113  1.7629261  2.0246782 ]
 [0.4201722  0.26841927 2.1708302  0.563602   0.5103376  0.87350464 0.29234314 0.43104553 0.25093007 0.31998515 0.42106533 0.5095844  0.3957057  0.4111607  0.5024071  0.28922653]
 [0.17624378 0.19680977 3.1130204  0.23696566 0.14307523 0.26397705 0.182827   0.15948725 0.60528445 0.20440316 1.0406246  1.1909413  0.84259844 0.16440892 1.1627707  0.53441095]
 [0.3496349  0.23231006 2.3632767  0.57756925 0.48327637 0.8661759  0.24088979 0.4260738  0.23130369 0.32816792 0.41267323 0.53541875 0.44242454 0.40570927 0.47256446 0.22324538]
 [0.54141235 0.6234827  3.892541   0.37804413 0.33332133 0.24144125 0.6129985  0.38021994 1.315872   0.51449466 1.9301829  2.063353   1.5063639  0.40584254 2.1272187  1.2571907 ]
 [0.19678068 0.15597868 2.4813523  0.31815195 0.21552491 0.41851664 0.15928221 0.1790328  0.39178777 0.16647935 0.7216301  0.81450224 0.53659725 0.16635156 0.8357377  0.3922081 ]
 [3.8286285  3.3835425  3.4263864  4.2964134  4.234305   5.0966287  3.4486237  3.9880056  2.5393121  3.5924919  2.1732397  2.1768465  2.5460014  3.9082663  2.121611   2.7079234 ]
 [0.20402098 0.16583157 2.5026855  0.2966771  0.20665622 0.3938613  0.17378473 0.16987133 0.41869903 0.1608007  0.75956297 0.8486805  0.5571103  0.15989518 0.8841715  0.43112803]
 [0.61307764 0.49661493 3.1889362  0.8853431  0.79547334 1.2507582  0.48101568 0.78759193 0.48610187 0.6829736  0.6557169  0.88286066 0.87878036 0.77943397 0.66346407 0.36091042]
 [0.92646956 0.7167494  1.9385884  1.1488822  1.0655313  1.4947717  0.7512233  0.9291222  0.53800726 0.76956844 0.5989039  0.6194861  0.5572369  0.8860426  0.6650927  0.6396029 ]
 [0.7304342  0.57932687 1.5413504  1.0312359  0.8889923  1.2633955  0.6103604  0.73606515 0.4416232  0.6063652  0.5291035  0.49650836 0.3645203  0.6793666  0.60873437 0.5781195 ]
 [0.3484888  0.259686   1.8288703  0.5476947  0.41338992 0.66840553 0.27919006 0.31258392 0.34052634 0.25470853 0.56871223 0.5760722  0.33337116 0.27534032 0.6800065  0.42939425]
 [1.1851726  1.3039398  6.3490252  0.97794914 0.98009276 0.94281244 1.2369394  1.179462   2.1617305  1.353533   2.867793   3.2688584  2.815773   1.2535913  2.9841523  1.8122482 ]
 [1.0363712  0.90504074 4.497016   1.301228   1.2334735  1.7609124  0.8578534  1.3021193  0.92742133 1.1984069  1.1000729  1.4814138  1.5801477  1.3170373  1.0452933  0.6353965 ]]
