hid1:
[[1.65726677e-01 2.32919812e-01 0.00000000e+00 0.00000000e+00 0.00000000e+00 0.00000000e+00 0.00000000e+00 4.53108139e-02 1.04601257e-01 0.00000000e+00 1.03924260e-01 0.00000000e+00 2.73711056e-01 0.00000000e+00 0.00000000e+00 5.99253140e-02]
 [1.90316185e-01 2.39403829e-01 2.47144053e-04 0.00000000e+00 0.00000000e+00 0.00000000e+00 0.00000000e+00 1.74163550e-01 0.00000000e+00 0.00000000e+00 8.52840692e-02 0.00000000e+00 2.06787035e-01 0.00000000e+00 0.00000000e+00 0.00000000e+00]
 [1.47453278e-01 0.00000000e+00 4.18757796e-02 5.69349378e-02 4.62946221e-02 0.00000000e+00 3.82929109e-02 1.22334823e-01 1.03581816e-01 6.18408099e-02 7.64591545e-02 6.68239221e-02 1.73885539e-01 0.00000000e+00 0.00000000e+00 8.03282484e-02]
 [1.72771111e-01 2.55180836e-01 7.57218897e-03 0.00000000e+00 0.00000000e+00 8.44539050e-03 0.00000000e+00 8.39397758e-02 1.18391834e-01 0.00000000e+00 7.39175752e-02 0.00000000e+00 1.75305039e-01 0.00000000e+00 0.00000000e+00 3.95233668e-02]
 [1.92210436e-01 2.31207490e-01 0.00000000e+00 0.00000000e+00 0.00000000e+00 3.74203399e-02 0.00000000e+00 1.26969382e-01 1.08854443e-01 0.00000000e+00 8.58168006e-02 0.00000000e+00 1.99142545e-01 0.00000000e+00 0.00000000e+00 9.46189016e-02]
 [1.66686982e-01 2.51348197e-01 0.00000000e+00 0.00000000e+00 0.00000000e+00 0.00000000e+00 0.00000000e+00 1.07795410e-01 1.35962605e-01 0.00000000e+00 6.89656585e-02 0.00000000e+00 1.90864101e-01 0.00000000e+00 0.00000000e+00 8.14435557e-02]
 [1.59886733e-01 2.54314601e-01 0.00000000e+00 5.44713205e-03 4.15775133e-03 0.00000000e+00 0.00000000e+00 1.11365914e-01 1.39291421e-01 0.00000000e+00 3.36570442e-02 1.23107024e-02 2.23726809e-01 0.00000000e+00 0.00000000e+00 2.95109879e-02]
 [2.27336079e-01 2.44483888e-01 0.00000000e+00 0.00000000e+00 0.00000000e+00 2.88449656e-02 0.00000000e+00 7.80784488e-02 1.05866812e-01 0.00000000e+00 9.53659117e-02 0.00000000e+00 2.18349040e-01 2.07925551e-02 0.00000000e+00 8.50033537e-02]
 [1.72799766e-01 2.17796773e-01 9.77526605e-03 0.00000000e+00 0.00000000e+00 1.80999245e-02 0.00000000e+00 6.26227111e-02 0.00000000e+00 0.00000000e+00 1.07828416e-01 4.64831805e-03 2.13756770e-01 0.00000000e+00 0.00000000e+00 9.29568931e-02]
 [1.65456146e-01 2.17336446e-01 5.36150020e-03 0.00000000e+00 0.00000000e+00 1.66371884e-03 0.00000000e+00 7.80106708e-02 8.43605623e-02 0.00000000e+00 5.35278395e-02 2.68641543e-02 0.00000000e+00 0.00000000e+00 0.00000000e+00 3.77044678e-02]
 [1.35481045e-01 1.43862993e-01 0.00000000e+00 0.00000000e+00 4.91234586e-02 0.00000000e+00 7.67028108e-02 1.95857380e-02 0.00000000e+00 0.00000000e+00 7.81625211e-02 2.38917526e-02 1.84039444e-01 0.00000000e+00 0.00000000e+00 4.92103808e-02]
 [8.28561746e-03 1.43842801e-01 0.00000000e+00 3.11340373e-02 2.96700727e-02 4.82677221e-02 2.62078941e-01 1.77176464e-02 0.00000000e+00 6.55451715e-02 0.00000000e+00 0.00000000e+00 0.00000000e+00 0.00000000e+00 1.94423925e-02 8.00598487e-02]
 [1.07514486e-01 2.05911309e-01 0.00000000e+00 0.00000000e+00 3.51315551e-02 0.00000000e+00 0.00000000e+00 3.45226750e-02 4.25106063e-02 1.20590637e-02 1.79770030e-02 1.77037306e-02 1.85731128e-01 0.00000000e+00 0.00000000e+00 2.27586813e-02]
 [2.16616064e-01 2.50329524e-01 0.00000000e+00 0.00000000e+00 0.00000000e+00 6.27388954e-02 0.00000000e+00 1.19527839e-01 1.38872564e-01 0.00000000e+00 7.60782734e-02 0.00000000e+00 2.40164280e-01 3.52200866e-03 0.00000000e+00 2.75930967e-02]
 [1.35236666e-01 1.72950521e-01 0.00000000e+00 8.37601349e-03 5.36132716e-02 0.00000000e+00 1.65886674e-02 0.00000000e+00 3.65102664e-02 4.99400869e-03 5.65637499e-02 1.82830226e-02 1.38595179e-01 0.00000000e+00 6.06174720e-03 7.43740648e-02]
 [1.47716001e-01 1.91841766e-01 0.00000000e+00 0.00000000e+00 1.20535586e-02 3.56575288e-03 3.59174497e-02 0.00000000e+00 6.94887564e-02 0.00000000e+00 8.07648450e-02 0.00000000e+00 1.49917543e-01 0.00000000e+00 0.00000000e+00 4.75185886e-02]]
hid2:
[[ 1.81259200e-01  2.52682269e-01  6.22734381e-03  7.08646420e-03 -1.07756481e-02  2.80771237e-02 -1.53108928e-02  6.77318797e-02  1.13154426e-01  1.98499076e-02  8.63080025e-02 -2.64559872e-04  2.30375871e-01 -1.07186707e-02 -1.01910923e-02  5.91565520e-02]
 [ 1.90184712e-01  2.40073532e-01 -1.38101820e-02 -6.00956008e-03 -1.20936744e-02  9.92880948e-03 -1.80620961e-02  9.12818089e-02  1.22537784e-01  2.33734585e-02  8.71506631e-02  1.59278587e-02  2.17711970e-01 -2.83078980e-02 -2.02698447e-03  6.94193467e-02]
 [ 1.35328650e-01  2.07928568e-01  1.17013104e-01  4.47285026e-02 -1.17352240e-01  1.31955847e-01 -1.13131180e-01 -1.01721056e-01  1.26018196e-01  1.13906622e-01  2.09357083e-01 -6.98334575e-02  2.79818594e-01  1.00468874e-01 -1.66732877e-01 -9.81237646e-03]
 [ 1.89052850e-01  1.99121282e-01 -3.44700254e-02 -6.15076441e-03  2.45748293e-02 -6.46637380e-02  1.00104734e-02  1.20466039e-01  8.79274458e-02  3.82450894e-02  9.37228352e-02  3.08052935e-02  1.91110790e-01 -7.91658759e-02 -3.05926297e-02  1.20047279e-01]
 [ 1.87770382e-01  2.53432542e-01 -7.66147673e-03 -3.63486819e-04 -5.99949621e-03  1.85625851e-02 -1.12256166e-02  8.64032581e-02  1.17772073e-01  1.38155958e-02  7.77830854e-02  9.64867324e-03  2.23880783e-01 -2.18718015e-02  5.29737025e-03  6.46488070e-02]
 [ 1.98807284e-01  2.75415182e-01 -8.28749407e-03 -7.75831845e-03 -2.92465538e-02  4.00511697e-02 -2.36632228e-02  9.53514129e-02  1.39338061e-01  3.49649228e-03  6.69023022e-02  1.57125071e-02  2.21399590e-01 -1.80289429e-02  2.92951483e-02  6.16696626e-02]
 [ 1.99679226e-01  2.63199687e-01 -2.31813937e-02 -1.08082471e-02 -8.52418877e-03  1.29690878e-02 -9.41956136e-03  1.12492189e-01  1.28966302e-01  2.62010284e-03  6.28129914e-02  2.35543307e-02  2.13744581e-01 -3.61228846e-02  3.11262123e-02  7.41206333e-02]
 [ 1.88405097e-01  2.58246243e-01 -5.60052413e-03 -6.92602247e-04 -1.08628813e-02  2.66877674e-02 -1.46751702e-02  8.39308053e-02  1.22133687e-01  1.21149728e-02  7.68557265e-02  8.51535425e-03  2.26217106e-01 -1.68659482e-02  8.86391662e-03  5.98132201e-02]
 [ 1.80706590e-01  2.44290426e-01 -9.58975777e-03  6.71566743e-03  2.07657237e-02 -2.91371183e-03  7.96489231e-03  8.71887356e-02  9.60191786e-02  1.30780116e-02  7.54018947e-02  6.11064490e-03  2.24031761e-01 -3.08350865e-02 -3.88634950e-03  7.29039684e-02]
 [ 1.86801642e-01  2.45898843e-01  6.18913211e-04 -1.07422937e-03 -2.59860065e-02  2.87682395e-02 -2.80375630e-02  7.34325349e-02  1.26218960e-01  2.70702876e-02  9.37335119e-02  7.28936493e-03  2.24588454e-01 -1.35762654e-02 -1.06112100e-02  6.04276024e-02]
 [ 1.73451409e-01  2.51149148e-01  2.81359581e-03  1.57800857e-02  2.54017729e-02  8.45538080e-03  1.14391502e-02  7.06343725e-02  8.83387700e-02  1.05456850e-02  7.49994218e-02 -5.47044817e-03  2.34155118e-01 -1.78787578e-02 -9.34190303e-03  6.34096563e-02]
 [ 1.74170464e-01  2.35954821e-01  1.33010410e-02  9.85099003e-03 -1.55893266e-02  2.99066212e-02 -2.42574252e-02  5.02583459e-02  1.11267053e-01  3.54653969e-02  1.05331689e-01 -6.35811035e-03  2.35106170e-01 -1.50893186e-03 -3.35905328e-02  5.13489544e-02]
 [ 1.90917432e-01  2.48403430e-01 -1.01643326e-02 -4.81168181e-03 -1.58375110e-02  1.79225188e-02 -1.91257596e-02  8.92612338e-02  1.24815345e-01  1.93330422e-02  8.33260417e-02  1.40422769e-02  2.19672665e-01 -2.44079437e-02  2.75876001e-03  6.71205521e-02]
 [ 1.90315634e-01  2.55144358e-01 -5.37202507e-03 -2.62778066e-03 -1.86051056e-02  2.58187931e-02 -2.00321991e-02  8.48108158e-02  1.25656664e-01  1.65457055e-02  8.11264068e-02  1.08517399e-02  2.22659290e-01 -1.92944352e-02  4.80516255e-03  6.38132244e-02]
 [ 1.78409293e-01  2.53313124e-01 -8.59619491e-03  1.20147560e-02  3.59869190e-02 -6.14470150e-03  2.17173062e-02  8.91195014e-02  8.55121017e-02  2.82426272e-03  6.37870505e-02  2.56592780e-03  2.26741806e-01 -3.25577147e-02  3.45133245e-03  7.48270825e-02]
 [ 1.73257470e-01  2.45916575e-01 -1.02344062e-03  1.51651725e-02  3.11515518e-02 -3.38032609e-04  1.51636805e-02  7.47143254e-02  8.46977979e-02  1.17599601e-02  7.53668845e-02 -3.41625325e-03  2.31677338e-01 -2.33664494e-02 -1.11929160e-02  6.76368698e-02]]
topics:
[[ 4.08464998e-01  4.19124871e-01  2.66318768e-01  6.35513067e-02 -5.91670394e-01 -2.86836892e-01 -1.23533890e-01  3.15926015e-01  4.61478606e-02  1.46502286e-01  7.47934952e-02  1.64483398e-01 -3.06111246e-01 -6.11659408e-01 -3.35356772e-01  1.09473670e+00]
 [ 3.43562543e-01  4.70270544e-01 -1.10741508e+00  5.84882557e-01  1.69378534e-01  3.11949432e-01 -9.29694846e-02 -2.17653245e-01  1.94531962e-01  4.85607177e-01  5.19722939e-01 -3.74199897e-01 -3.98174226e-01 -4.72082406e-01 -4.29025888e-01  3.27554435e-01]
 [ 2.04011306e-01 -6.78811312e-01  1.63211271e-01 -1.14859976e-01  5.96007645e-01 -1.22068755e-01  3.53234559e-01 -1.47832334e-01  4.69413102e-02  1.78456903e-02  1.09173089e-01 -1.17845123e-03  4.08962995e-01 -1.93849862e-01 -6.22438788e-01  1.68554902e-01]
 [ 2.28947461e-01  7.23786414e-01  2.22770154e-01 -9.21032112e-03 -4.64668959e-01  8.23837399e-01 -3.37812006e-01 -1.96560174e-01  5.16610861e-01 -1.47840589e-01 -3.60636367e-03 -1.28469244e-01  4.72301871e-01  4.90817457e-01  3.22998792e-01 -4.21871364e-01]
 [-1.61609918e-01  2.77062237e-01  3.98447543e-01  3.91233563e-01  4.49777454e-01  1.05954073e-01  3.00004780e-01 -5.05506098e-01 -4.14017886e-01  7.14861031e-04  1.24598436e-01 -4.27870601e-01  5.58487713e-01  3.05671006e-01 -4.02014583e-01 -1.47666335e-01]
 [ 8.90028104e-02 -4.84406471e-01  2.31968045e-01  2.32045561e-01 -9.21697676e-01 -8.20698082e-01 -2.49939874e-01 -2.04926595e-01  1.56421125e-01  1.64092195e+00  1.39205396e-01 -3.83868843e-01  6.84101403e-01  5.26605308e-01 -7.94169366e-01 -4.11134422e-01]
 [ 1.68775812e-01 -2.44562402e-02 -9.10111964e-01 -9.88721132e-01 -1.37915447e-01 -4.16717142e-01 -1.51110098e-01  5.93214214e-01  1.76394016e-01 -1.59076646e-01 -1.49681671e-02  7.44761705e-01 -2.28729114e-01 -2.94508785e-01 -2.73822337e-01 -4.63771254e-01]
 [ 1.16980970e-01 -1.57600850e-01  5.83979845e-01 -3.28340381e-01 -2.35985979e-01  4.46934551e-01 -1.51816285e+00  1.33027270e-01  9.63864446e-01 -9.58212465e-02  1.80952215e+00  3.03229541e-01  6.14726067e-01  4.02460933e-01 -2.62168765e-01  1.89537600e-01]
 [ 2.40519315e-01  2.93709904e-01 -1.48991868e-01 -4.44590300e-02  1.42002642e-01 -1.31740108e-01  1.20174721e-01  2.98976302e-01  8.76025259e-02 -9.68491063e-02 -7.01684728e-02  9.64951962e-02  1.58796817e-01 -1.70411259e-01  1.86251670e-01  1.60151541e-01]
 [ 1.96895987e-01 -4.18732464e-01  2.11335376e-01 -3.03053647e-01 -7.19528854e-01  1.04518138e-01 -1.57857031e-01  8.39581415e-02  2.68756866e-01  3.23682189e-01  3.03166151e-01  3.89073819e-01 -5.49595505e-02 -2.87455842e-02  5.96876502e-01 -7.99768884e-03]]
R:
[[0.06262346 0.03373303 0.03373303 0.13155764 0.14256464 0.03373303 0.03373303 0.03373303 0.46085602 0.03373303]
 [0.0593661  0.03589147 0.03589147 0.11756375 0.11767287 0.03589147 0.03589147 0.03589147 0.4900485  0.03589147]
 [0.10883823 0.06102705 0.06102705 0.21219191 0.25178045 0.06102705 0.06102705 0.06102705 0.06102705 0.06102705]
 [0.07011805 0.03857699 0.03857699 0.03857699 0.125088   0.03857699 0.03857699 0.03857699 0.5347551  0.03857699]
 [0.05750274 0.03250677 0.03250677 0.12541735 0.12539868 0.03250677 0.03250677 0.03250677 0.49664068 0.03250677]
 [0.06170059 0.02984935 0.02984935 0.15547858 0.10098096 0.02984935 0.02984935 0.02984935 0.5027438  0.02984935]
 [0.05595193 0.02964492 0.02964492 0.12716034 0.09739134 0.02964492 0.02964492 0.02964492 0.5416269  0.02964492]
 [0.0569005  0.03217775 0.03217775 0.13437726 0.12357587 0.03217775 0.03217775 0.03217775 0.49207982 0.03217775]
 [0.05395334 0.03143793 0.03143793 0.0982868  0.14312385 0.03143793 0.03143793 0.03143793 0.51600844 0.03143793]
 [0.06514058 0.03670304 0.03670304 0.13556515 0.12732573 0.03670304 0.03670304 0.03670304 0.45175034 0.03670304]
 [0.05293509 0.0301133  0.0301133  0.10583378 0.16159019 0.0301133  0.0301133  0.0301133  0.49896112 0.0301133 ]
 [0.06318276 0.03873197 0.03873197 0.12856019 0.15648627 0.03873197 0.03873197 0.03873197 0.41937906 0.03873197]
 [0.06073437 0.0345065  0.0345065  0.12667663 0.11727549 0.0345065  0.0345065  0.0345065  0.4882745  0.0345065 ]
 [0.06181366 0.03347437 0.03347437 0.1348001  0.1198203  0.03347437 0.03347437 0.03347437 0.48271975 0.03347437]
 [0.05099853 0.02767486 0.02767486 0.09368428 0.15076596 0.02767486 0.02767486 0.02767486 0.5385021  0.02767486]
 [0.05200507 0.03045258 0.03045258 0.09635288 0.16168359 0.03045258 0.03045258 0.03045258 0.5072429  0.03045258]]
distance_matrix:
[[0.72953534 0.74798536 2.7655365  1.0037148  0.7280326  0.8003478  0.792017   0.7312076  0.7414038  0.7555764  0.7335932  0.773304   0.74391294 0.7422795  0.7654569  0.74820876]
 [0.69831514 0.67347836 3.0476565  0.96307087 0.65738606 0.6520722  0.645035   0.65377235 0.7158561  0.6984005  0.74496555 0.79578185 0.65965843 0.65707517 0.7453046  0.7638655 ]
 [0.6838455  0.674927   2.8568587  0.7822304  0.67156005 0.780504   0.7288301  0.6903796  0.64758205 0.71029234 0.6599102  0.7300317  0.683877   0.69520307 0.6675453  0.6594238 ]
 [0.60115314 0.57359934 2.9737546  0.8312185  0.55955267 0.55822754 0.54495287 0.5590689  0.6115043  0.602031   0.64417005 0.70169973 0.56097054 0.5598836  0.6391804  0.66068673]
 [0.48132658 0.47742724 2.5316577  0.7426443  0.4702623  0.49022317 0.49920964 0.46958017 0.52473927 0.47910547 0.54236746 0.54333997 0.46690893 0.46381164 0.56792355 0.56220293]
 [0.61790514 0.5776899  2.8705735  0.81341887 0.5811107  0.5942695  0.5791857  0.5831294  0.63628006 0.6041951  0.6769805  0.6949098  0.57252026 0.5772579  0.68194866 0.6909318 ]
 [0.48611927 0.4840629  2.8137918  0.75229883 0.45630383 0.48444724 0.46865916 0.4564848  0.48426294 0.5091467  0.49387598 0.57564473 0.47230053 0.46873403 0.49711323 0.5096936 ]
 [0.63386345 0.62888455 2.7728047  0.90939856 0.61537576 0.6269672  0.63343406 0.6130581  0.67030764 0.63573027 0.6876812  0.7079885  0.615963   0.61151576 0.70646286 0.70814514]
 [0.6915288  0.70935297 2.4354465  0.95173264 0.71085477 0.78056955 0.795347   0.7143769  0.7468455  0.6934278  0.7462199  0.7049265  0.7075794  0.7070253  0.8010926  0.763958  ]
 [0.5887406  0.5622134  2.9898567  0.78539944 0.54737043 0.58870935 0.5520673  0.5524943  0.5670426  0.6036246  0.59130645 0.6750369  0.5585649  0.56316614 0.5853226  0.6004679 ]
 [0.9723557  0.9643856  3.3488069  0.9586383  0.9528309  1.1339906  1.0271658  0.9863852  0.8568231  1.033831   0.858603   1.0177413  0.986971   1.0081631  0.8444972  0.8414974 ]
 [2.0843124  2.021072   4.9151053  1.9096661  2.0193107  2.186132   2.0294185  2.0624897  1.9090793  2.1384013  1.950969   2.1778662  2.0491822  2.0819166  1.8849161  1.9211831 ]
 [0.80430245 0.81047773 3.0414429  0.9119189  0.7933986  0.9289825  0.86382174 0.8144431  0.741411   0.85333943 0.7375345  0.8508754  0.8210964  0.8319669  0.7420037  0.73384786]
 [0.42377448 0.41394472 2.563598   0.7829406  0.39819193 0.37151384 0.39923477 0.38578296 0.4879248  0.4127338  0.50871205 0.5056319  0.39397073 0.38464785 0.53341556 0.53753877]
 [0.84824157 0.832114   3.1451855  0.8609426  0.82919264 0.98629475 0.8965125  0.8580835  0.76100874 0.89162016 0.77146864 0.8897655  0.8521924  0.8721571  0.7655082  0.7592144 ]
 [0.71739054 0.7016921  3.0341213  0.76566267 0.69515204 0.825145   0.7483101  0.719388   0.64557767 0.7556784  0.65872884 0.77119255 0.715498   0.73127747 0.6517658  0.6513591 ]]
