hid1:
[[0.0531919  0.05785546 0.03398257 0.         0.01788837 0.03821615 0.00330601 0.08481603 0.05970354 0.05945665 0.06135132 0.04676838 0.07839429 0.03472535 0.00742852 0.0424403 ]
 [0.0446076  0.06228844 0.03856644 0.         0.00925224 0.04159766 0.00272219 0.11556597 0.06343882 0.09181045 0.0400113  0.02265151 0.08165243 0.03787876 0.00645795 0.07651182]
 [0.03809137 0.05695675 0.02867629 0.         0.0118702  0.02790974 0.         0.08902415 0.04809701 0.05925602 0.06999096 0.04007555 0.05892445 0.03810215 0.         0.02812646]
 [0.03794432 0.04542702 0.01621666 0.         0.         0.03108203 0.         0.10528382 0.05890559 0.0476146  0.06803729 0.02549974 0.08286218 0.02920136 0.         0.02861876]
 [0.04456598 0.05772636 0.04713393 0.         0.01227061 0.04899358 0.00224574 0.09969398 0.05942726 0.07504792 0.04522945 0.0310462  0.08774041 0.0303954  0.01292649 0.05462232]
 [0.03948971 0.06365239 0.03539763 0.         0.0175308  0.02605845 0.00826177 0.09305565 0.06429467 0.06200722 0.05885374 0.03517155 0.07356291 0.02452281 0.00567257 0.04434117]
 [0.05448442 0.05677701 0.0350028  0.         0.0152805  0.03583998 0.         0.08520854 0.04911942 0.06820788 0.05343238 0.03272047 0.07247879 0.03064708 0.00012588 0.03995507]
 [0.04957002 0.06812491 0.03655837 0.         0.00923997 0.03445091 0.         0.09447678 0.0556778  0.07121667 0.05085172 0.03160592 0.07580151 0.03546125 0.00633618 0.04683511]
 [0.05356409 0.06331164 0.0428612  0.         0.01551188 0.04774936 0.00914265 0.08000397 0.07512912 0.05563227 0.06761144 0.03159429 0.07816537 0.03053647 0.01038814 0.02482275]
 [0.06079244 0.05757198 0.0293323  0.         0.01065465 0.03688267 0.         0.1019543  0.06054435 0.08947533 0.05228645 0.02892721 0.08096375 0.0379521  0.01352977 0.08856022]
 [0.05752417 0.04935269 0.04259713 0.         0.0135959  0.03115437 0.         0.06827939 0.04859203 0.02731624 0.07538279 0.0174633  0.06218274 0.04963068 0.         0.01664752]
 [0.04099469 0.05706061 0.04043655 0.00332989 0.         0.04348504 0.         0.06493904 0.04460917 0.01279013 0.07836526 0.00142558 0.05452853 0.01946925 0.         0.        ]
 [0.06872833 0.05568298 0.04664689 0.         0.0207402  0.03568033 0.         0.0890513  0.06425661 0.04452568 0.05352315 0.0454385  0.07142314 0.04309526 0.025803   0.02312009]
 [0.05613247 0.0667945  0.05053629 0.         0.02282677 0.04126417 0.00129837 0.09316272 0.06643968 0.06165786 0.0581494  0.04160402 0.08284717 0.03226602 0.01353484 0.04437263]
 [0.0374307  0.05272659 0.03148457 0.         0.00923138 0.03306432 0.         0.07627773 0.0604793  0.03790161 0.05745392 0.00956679 0.05433853 0.04441096 0.         0.        ]
 [0.03155474 0.06068372 0.04102448 0.         0.02838925 0.02136875 0.         0.08138239 0.03746224 0.04919472 0.03960201 0.01002118 0.0653172  0.04765879 0.         0.03344873]]
hid2:
[[ 4.9790341e-02  5.5703856e-02  3.7474886e-02 -6.3822977e-04  1.4207658e-02  4.0528461e-02 -1.2178267e-03  7.1286298e-02  6.1402854e-02  6.8791993e-02  6.2274419e-02  3.2167107e-02  7.9932004e-02  3.2293215e-02  1.3518925e-03  4.4947185e-02]
 [ 5.3645417e-02  5.5408251e-02  3.5784703e-02 -1.3167635e-03  1.2739098e-02  3.9507620e-02 -1.6646094e-03  6.8194717e-02  6.5363005e-02  6.9951139e-02  6.3393235e-02  3.6652356e-02  7.8296274e-02  3.1278379e-02  6.0366206e-03  4.4697836e-02]
 [ 1.6387498e-02  4.7740933e-02  4.1235179e-02 -1.9423608e-02 -2.8012760e-02  5.1732920e-02 -3.8510825e-02  9.7186550e-02  4.4150621e-02  5.6675553e-02  8.7566264e-02 -1.7728884e-02  8.9330062e-02  2.9315334e-02 -6.8990454e-02  4.1021518e-02]
 [ 5.4867301e-02  5.0475623e-02  3.5541411e-02  4.3963105e-03  2.3092275e-02  2.9226953e-02  7.8092837e-03  5.4562297e-02  5.9733391e-02  7.3986515e-02  6.5382183e-02  3.9850011e-02  7.5185053e-02  2.6227204e-02  5.6967735e-03  5.1631603e-02]
 [ 5.1184140e-02  5.5901237e-02  3.6737513e-02 -7.9659559e-04  1.4211711e-02  4.0647473e-02 -2.6462914e-04  6.9957264e-02  6.2779307e-02  6.8306938e-02  6.2488269e-02  3.3815995e-02  7.9472743e-02  3.1948481e-02  5.2526714e-03  4.4334255e-02]
 [ 4.9133740e-02  5.6017809e-02  3.7581734e-02 -6.9558341e-04  1.4094860e-02  4.1173991e-02 -2.6408746e-04  7.0965417e-02  6.0814522e-02  6.7275092e-02  6.2456734e-02  3.1362284e-02  7.9982087e-02  3.1964805e-02  2.9103365e-03  4.4675630e-02]
 [ 5.2627679e-02  5.6486133e-02  3.6782425e-02  8.0313068e-05  1.5731346e-02  4.0215530e-02  1.4875231e-03  6.8378121e-02  6.3497365e-02  6.8454467e-02  6.1328031e-02  3.6090482e-02  7.8730159e-02  3.1768940e-02  8.6987913e-03  4.4878788e-02]
 [ 5.2898563e-02  5.5866648e-02  3.6189929e-02 -8.3759241e-04  1.4087951e-02  4.0108852e-02 -4.4397218e-04  6.8959907e-02  6.4403564e-02  6.9227882e-02  6.2469922e-02  3.5936564e-02  7.8852355e-02  3.1800240e-02  6.8611419e-03  4.4383340e-02]
 [ 5.3147905e-02  5.5163991e-02  3.5774957e-02 -1.5911632e-03  1.2212614e-02  3.9564870e-02 -2.2246800e-03  6.8572171e-02  6.5070316e-02  6.9902450e-02  6.3855305e-02  3.5880234e-02  7.8489132e-02  3.1248603e-02  4.8171459e-03  4.4605438e-02]
 [ 5.0071921e-02  5.3953286e-02  3.5965934e-02 -3.2204138e-03  8.6393170e-03  4.0024880e-02 -5.6228219e-03  7.0581309e-02  6.3259937e-02  6.9260724e-02  6.6546738e-02  3.1238042e-02  7.9363398e-02  3.0825658e-02 -2.3940457e-03  4.4410605e-02]
 [ 5.2969009e-02  5.6899764e-02  3.6937222e-02  5.9513887e-04  1.6850112e-02  4.0287267e-02  2.5741765e-03  6.8138078e-02  6.3492015e-02  6.8318866e-02  6.0476284e-02  3.6777616e-02  7.8672677e-02  3.1960420e-02  1.0345358e-02  4.4932984e-02]
 [ 4.9866423e-02  5.5697091e-02  3.7108324e-02 -8.8751037e-04  1.3957412e-02  4.0823072e-02 -6.1805750e-04  7.0692979e-02  6.1582614e-02  6.7926757e-02  6.2800057e-02  3.2115962e-02  7.9889461e-02  3.1964760e-02  3.1299097e-03  4.4445131e-02]
 [ 5.6154910e-02  5.5390984e-02  3.4966800e-02 -1.5115899e-03  1.2225162e-02  3.8822241e-02 -2.1516008e-03  6.6795669e-02  6.7861363e-02  7.1219727e-02  6.3468695e-02  3.9714504e-02  7.7355154e-02  3.1027112e-02  8.3365161e-03  4.4730429e-02]
 [ 5.0429747e-02  5.5896588e-02  3.7154127e-02 -7.2345929e-04  1.3950051e-02  4.0630087e-02 -4.4472812e-04  7.0053682e-02  6.2006779e-02  6.8044201e-02  6.2563963e-02  3.2959159e-02  7.9453096e-02  3.1754315e-02  3.9269123e-03  4.4817433e-02]
 [ 5.4467212e-02  5.7866208e-02  3.7208039e-02  2.2119333e-03  2.0231653e-02  3.9947852e-02  5.8670728e-03  6.6625707e-02  6.3756377e-02  6.8332151e-02  5.8203056e-02  3.9431497e-02  7.8178130e-02  3.2221213e-02  1.5380897e-02  4.5389995e-02]
 [ 5.1037699e-02  5.6983966e-02  3.7598643e-02  8.9537306e-04  1.7836019e-02  4.0908225e-02  3.0986732e-03  6.9740042e-02  6.1510369e-02  6.7580588e-02  6.0000051e-02  3.4459002e-02  7.9675332e-02  3.2557230e-02  8.5642971e-03  4.4694498e-02]]
topics:
[[ 0.03496144  0.13019325  0.18231338  0.05290052 -0.17440824 -0.03567291 -0.04699795 -0.17865372  0.01060249  0.00951797  0.04310966  0.08554713 -0.12588881 -0.14805183 -0.1280626   0.35777694]
 [ 0.15091912  0.20489614  0.0213069   0.12229785  0.08386897  0.06335105  0.05037336  0.1150428   0.08990233  0.06683977  0.29255086  0.23325409 -0.13047355  0.12284585 -0.12927009  0.3956522 ]
 [ 0.14606495  0.10377274  0.09723083  0.00932594  0.19495541 -0.03071317  0.17199059 -0.03762789  0.0393129  -0.2015418   0.13943247  0.00849161  0.1840701  -0.11394853 -0.22225137  0.09389848]
 [-0.00260124  0.18695092  0.06571686 -0.09383515 -0.1439911   0.28103426 -0.13640694  0.37363917  0.13935725 -0.05430917 -0.02668064 -0.05391238  0.1585748   0.15335253  0.06586941 -0.10238168]
 [-0.14761633  0.03805263  0.10079664  0.05647413  0.164504    0.05572549  0.11247115  0.15530087 -0.17555861 -0.00366956  0.03370786 -0.1980323   0.16654679  0.06020034 -0.16224891  0.05095089]
 [ 0.01309311 -0.25129592  0.08633003 -0.0456642  -0.28212035 -0.29479834 -0.01204434 -0.12774503  0.03482783  0.63385636  0.04551272 -0.08715694  0.22641213  0.2517751  -0.22566445 -0.08839059]
 [ 0.22034198  0.06260402 -0.3750572  -0.24612176 -0.04766182 -0.11239902 -0.05046561  0.3088492   0.09855737 -0.03280507 -0.01080312  0.21993597 -0.05519952 -0.09749866 -0.06951623 -0.15457383]
 [ 0.01592005 -0.27785018  0.02427926 -0.04045279 -0.07502417  0.19646429 -0.71204376  0.07756421  0.3916669   0.5355533   0.2897269  -0.01480731  0.21384959  0.0100079  -0.08230156 -0.14383094]
 [ 0.08734512  0.06208753  0.0306746   0.01429497  0.04737733  0.02838737  0.0303136   0.04131278  0.08505365  0.08165811  0.0428      0.0855733   0.0677543   0.03223976  0.07294866  0.04832847]
 [ 0.03409696  0.04001835 -0.02589362 -0.11524384 -0.2614956   0.09492226 -0.01464    -0.11196936  0.11196876 -0.14940813  0.2805504  -0.03305947  0.00858658 -0.12276467  0.21691619  0.00684838]]
R:
[[0.04634937 0.0335214  0.0335214  0.07969608 0.12703323 0.0335214  0.0335214  0.0335214  0.545793   0.0335214 ]
 [0.04408868 0.03337569 0.03337569 0.07567465 0.11185683 0.03337569 0.03337569 0.03337569 0.5646944  0.036807  ]
 [0.09548522 0.07146733 0.07146733 0.16047017 0.23426935 0.07146733 0.07146733 0.07146733 0.07146733 0.08097138]
 [0.04414577 0.03161688 0.03161688 0.03161688 0.12270781 0.03161688 0.03161688 0.03161688 0.6067205  0.03672474]
 [0.04314524 0.03218637 0.03218637 0.07746751 0.12134768 0.03218637 0.03218637 0.03218637 0.56050557 0.03660217]
 [0.04524424 0.03235528 0.03235528 0.07939646 0.12887168 0.03235528 0.03235528 0.03235528 0.54777837 0.0369329 ]
 [0.04208786 0.03016018 0.03016018 0.0738747  0.11621028 0.03016018 0.03016018 0.03016018 0.5819265  0.03509973]
 [0.04253578 0.03214266 0.03214266 0.07599798 0.11487719 0.03214266 0.03214266 0.03214266 0.5699271  0.03594863]
 [0.04460616 0.03408022 0.03408022 0.07655086 0.11370207 0.03408022 0.03408022 0.03408022 0.55727065 0.03746912]
 [0.04901856 0.03806538 0.03806538 0.08223625 0.12451848 0.03806538 0.03806538 0.03806538 0.5121328  0.04176696]
 [0.04103072 0.0289398  0.0289398  0.07276974 0.11511022 0.0289398  0.0289398  0.0289398  0.5924524  0.03393788]
 [0.04438405 0.03284218 0.03284218 0.0786614  0.12644757 0.03284218 0.03284218 0.03284218 0.5493364  0.03695971]
 [0.04343243 0.03342011 0.03342011 0.07407212 0.10209847 0.03342011 0.03342011 0.03342011 0.5771141  0.0361824 ]
 [0.04501933 0.03245234 0.03245234 0.07792646 0.1241006  0.03245234 0.03245234 0.03245234 0.55414116 0.03655073]
 [0.0380539  0.02547256 0.02547256 0.06765345 0.1104907  0.02547256 0.02547256 0.02547256 0.62582016 0.03061888]
 [0.04080107 0.0288032  0.0288032  0.07439482 0.12290339 0.0288032  0.0288032  0.0288032  0.58486503 0.03301968]]
distance_matrix:
[[0.2093296  0.1996448  3.3868823  0.25305367 0.19507313 0.20425272 0.18391228 0.19203997 0.20548725 0.2682941  0.18186307 0.20413637 0.20250678 0.19934416 0.19468284 0.18179584]
 [0.2943101  0.301131   3.347301   0.36188316 0.28640223 0.28771067 0.28125572 0.29012823 0.3050046  0.35617852 0.28040195 0.29022932 0.3140056  0.2879858  0.29887462 0.27198243]
 [0.35220265 0.3629632  2.9442337  0.4638493  0.3557446  0.35055947 0.37128615 0.3632071  0.35950398 0.36604166 0.3828268  0.3514731  0.37946796 0.3525126  0.43799543 0.37487507]
 [0.30932164 0.33277035 2.7531316  0.4485433  0.3189056  0.3073895  0.34168363 0.33173013 0.32693648 0.31952763 0.35562086 0.3098805  0.35697746 0.3133781  0.4196167  0.3414302 ]
 [0.21686888 0.21442342 3.4007964  0.26230717 0.20389128 0.21021605 0.19267988 0.20361805 0.2203331  0.2837813  0.18947816 0.2115426  0.2216785  0.20755863 0.1997869  0.18531871]
 [0.22491193 0.23948765 2.9612238  0.32717776 0.22568822 0.22071052 0.2351749  0.2339251  0.23826289 0.25880766 0.24215841 0.22295642 0.25793028 0.22375989 0.2845888  0.23105907]
 [0.35960245 0.36681867 3.4304242  0.4166255  0.35179472 0.35254765 0.34520292 0.35563612 0.37105417 0.4238174  0.3438084  0.35563278 0.37996078 0.35281515 0.3603623  0.33550048]
 [0.23337269 0.23234153 3.2384357  0.28723383 0.22495222 0.22903204 0.22225237 0.22611427 0.23519516 0.28059983 0.2241385  0.22927952 0.24111247 0.22691536 0.24917579 0.21998525]
 [0.31903028 0.30576825 3.3482141  0.37976933 0.30780792 0.31733656 0.30361223 0.3038473  0.30919838 0.3575585  0.3063166  0.31538582 0.3064797  0.31131124 0.3327167  0.3090341 ]
 [0.30540466 0.32111907 3.0508661  0.4021368  0.30758667 0.30197477 0.3161211  0.31577587 0.320127   0.34148288 0.32282996 0.3047061  0.33955073 0.30488682 0.3641951  0.3118441 ]
 [0.38549423 0.3903253  3.0854855  0.48623705 0.38577986 0.38411903 0.39616442 0.3902607  0.38865566 0.40572047 0.40548873 0.38449383 0.40264344 0.3839736  0.4534452  0.4004748 ]
 [0.996784   1.0024252  3.6741736  1.085542   0.9973471  0.9951227  1.0092285  1.0026128  1.0001333  1.0140676  1.0193214  0.9951718  1.016016   0.99538636 1.069201   1.013505  ]
 [0.3213601  0.30662847 3.476584   0.36379576 0.30608177 0.317307   0.2962613  0.3014121  0.31199598 0.37230897 0.29558587 0.3157735  0.3068545  0.31102037 0.31185746 0.29799628]
 [0.21246624 0.20540214 3.4169664  0.25314474 0.19865274 0.20702696 0.18622923 0.19630289 0.21168137 0.27705932 0.18313813 0.2075839  0.20949626 0.20271397 0.19309306 0.18172765]
 [0.5451505  0.5372753  3.6120899  0.59218    0.5338228  0.5408628  0.52753234 0.5321586  0.541311   0.5930915  0.5284085  0.54058385 0.54179573 0.536638   0.5497346  0.5279827 ]
 [0.34879065 0.34538627 3.4452853  0.39038992 0.33741283 0.34240294 0.3293624  0.33757687 0.34997845 0.40477443 0.32867122 0.343606   0.35288072 0.33967447 0.34582496 0.32573056]]
