hid1:
[[ 1.52454063e-01  1.83212787e-01 -6.11596629e-02  1.96290672e-01 -1.90047026e-02 -1.82858288e-01 -3.63124609e-02 -4.84549880e-01  1.00349344e-01 -2.12406516e-02  2.15021670e-02 -6.53966889e-02 -1.59058794e-02 -5.07375821e-02 -1.07605904e-01  5.06001636e-02]
 [ 1.26856297e-01  2.36720636e-01  8.02720618e-03  2.24414282e-02  3.23439658e-01 -2.82589138e-01  4.20258716e-02 -2.04535350e-02 -5.24252057e-02  2.96136141e-02  4.69722599e-02 -1.31110355e-01 -2.72416137e-02 -1.44020319e-01 -6.66973144e-02  1.31642725e-02]
 [ 1.29855528e-01  9.77155417e-02  3.54958661e-02  2.80005187e-01  7.46482372e-01 -1.01595409e-01 -9.44929570e-02  1.45330168e-02 -1.04154289e-01  6.93363845e-02  1.37338489e-02 -9.04665515e-02 -5.86212054e-03 -7.06100240e-02 -1.40580870e-02 -8.48351717e-02]
 [ 8.09218735e-02  1.16087005e-01 -4.29499894e-03  2.23822892e-03 -2.05261796e-03 -2.13518977e-01  1.01755306e-01  5.09974658e-02  4.25193310e-02  7.56415129e-02  2.10310817e-02 -5.28534055e-02 -5.22490069e-02  1.89375393e-02 -2.73086399e-01  4.03900333e-02]
 [ 1.77038759e-01  6.46051466e-02  2.16983631e-02  7.34040886e-03  9.19973850e-03 -2.04067513e-01 -8.11024904e-02  8.75290632e-02 -2.32681036e-02 -5.76214492e-03 -1.56832844e-01 -2.09593028e-01 -1.87290609e-02 -1.83351710e-03 -1.64729387e-01  5.15244976e-02]
 [ 1.81595236e-01  9.07792598e-02  1.93543192e-02 -1.58369988e-02 -6.63820058e-02 -2.01977760e-01  8.96686979e-05  2.17713490e-02 -1.49264671e-02  3.48823145e-03  1.06849551e-01 -5.96526787e-02 -1.31296664e-02 -1.78832814e-01  2.16988996e-02  1.90547109e-02]
 [ 1.83120370e-01  1.86203718e-01  3.12620774e-04  1.77788138e-02 -3.58985737e-02 -1.55315667e-01 -9.91204754e-03  1.35126561e-02  7.68724978e-02  5.69919050e-02 -5.93711063e-03 -2.31560946e-01 -3.96255776e-02 -9.87612642e-03  2.90669501e-02  9.63475555e-03]
 [ 2.72949100e-01  2.37409934e-01  6.47510123e-03  2.41391212e-02 -9.59422439e-03 -3.41193914e-01 -3.26681733e-02  4.15842012e-02  4.83503342e-02 -1.82918906e-02 -1.51534051e-01 -1.28632665e-01 -8.33198428e-02 -6.77891821e-03 -1.47858337e-02  5.57196364e-02]
 [ 5.67190722e-02  1.90871537e-01 -1.00278407e-02  5.18059954e-02 -1.73840478e-01 -1.66380674e-01 -9.90759768e-03 -1.16469637e-02 -1.08444512e-01 -1.26478821e-03  2.01248284e-03 -2.04334483e-02  1.15272496e-02 -1.02470964e-01  5.45038283e-03  4.14576158e-02]
 [ 7.89341927e-02  2.05855668e-01  3.53055820e-02  2.01919138e-01  1.58666283e-01 -1.89138204e-01 -5.27733117e-02  1.70565069e-01  8.57004896e-03 -6.47680983e-02  8.26089531e-02 -1.58131480e-01  1.13982661e-03 -1.53653324e-03 -1.22326672e-01  3.93366590e-02]
 [ 1.09480824e-02  1.51595861e-01 -3.56881320e-03  5.01025170e-02 -7.15123117e-03  1.35008600e-02 -3.43345106e-04 -7.12526888e-02 -9.10674930e-02  1.63756847e-01  1.15701526e-01  3.41355056e-02  1.49240950e-04  1.43023998e-01 -4.29584682e-02 -6.95535541e-02]
 [ 7.34278709e-02  3.00112188e-01 -5.45918941e-04  1.59860328e-02  3.60581428e-02 -1.04926385e-01 -5.10843098e-03 -2.33342975e-01  1.37883887e-01  1.43220425e-02  2.57740505e-02  3.40229459e-03 -3.47343683e-02  9.43027139e-02  3.92014980e-02  3.57160270e-02]
 [ 1.33481055e-01  2.07187608e-02 -3.36949751e-02 -2.43740827e-02 -2.55810730e-02 -1.87140927e-01 -8.90201181e-02  6.01359755e-02 -7.62735587e-03  7.15486407e-02  9.68047231e-03 -3.47937644e-02 -5.70120662e-03  6.02365285e-02  2.82372721e-03  3.30507681e-02]
 [ 4.36897427e-01  2.89873421e-01  2.94416398e-02  3.41588259e-02  9.27337855e-02 -3.14830244e-01 -4.18971777e-02 -1.38170615e-01 -5.29351830e-03 -2.61591598e-02 -6.61958754e-03 -8.29728693e-02 -7.22534359e-02 -9.91637260e-03 -9.12394822e-02  7.10221156e-02]
 [ 2.92930622e-02  1.30185038e-01 -7.29943905e-03  1.08926922e-01  1.69057578e-01  4.54758219e-02  5.51985055e-02  1.05156094e-01  1.04409061e-01  2.85657309e-03  8.71596485e-02  2.20715851e-02 -9.73767135e-04  2.63481736e-01 -2.06119269e-01 -8.99636447e-02]
 [ 1.20243490e-01  1.05280131e-01  5.23997471e-02 -2.72562038e-02 -2.11446643e-01 -2.18847513e-01 -4.48820964e-02 -1.26572981e-01 -1.58770978e-02  5.79214394e-02  1.90801650e-01 -1.77988529e-01 -5.96459657e-02  1.07288603e-02 -6.47576749e-02 -4.48381342e-03]]
hid2:
[[ 0.13707718  0.19905756  0.00716599  0.06532385  0.01465848 -0.21185184  0.00245126  0.02383792  0.02766313  0.01545159  0.03340787 -0.10281533 -0.07010613 -0.04050993 -0.04663495  0.01563051]
 [ 0.13677423  0.19603068  0.00097417  0.05351963  0.01265483 -0.21062917 -0.00250488  0.02458597  0.03267371  0.01449038  0.03528536 -0.09547002 -0.06866376 -0.03540204 -0.04337014  0.0028815 ]
 [ 0.09806331  0.12487728  0.13228689  0.03399932 -0.09957932 -0.22381537 -0.11996838 -0.13146633  0.06158746  0.10075193  0.166807   -0.05896554 -0.09316142  0.07504258 -0.1775948  -0.02299215]
 [ 0.14568673  0.17522217 -0.03223578  0.0729956   0.06109187 -0.20412758  0.04708803  0.06991647 -0.00129276  0.0120819   0.0179869  -0.11083423 -0.04659755 -0.10450233 -0.03562972  0.0582408 ]
 [ 0.14568141  0.20105079 -0.01230991  0.05837324  0.0178943  -0.200233    0.00669527  0.04602065  0.03682001  0.00810691  0.02221609 -0.10007148 -0.06193873 -0.05102277 -0.01509297  0.01074284]
 [ 0.14444746  0.21005628 -0.00169668  0.05667586 -0.01890828 -0.19775736 -0.01913501  0.03624654  0.0512945   0.01973435  0.03634476 -0.095025   -0.07578648 -0.04152664 -0.01912034  0.01269472]
 [ 0.14999536  0.2153374  -0.02020129  0.06324397  0.02892656 -0.2009904   0.02265845  0.06108085  0.03080803 -0.00761954  0.00082367 -0.10652891 -0.0650214  -0.06281057  0.00256326  0.01599211]
 [ 0.14706397  0.20680453 -0.00802298  0.05838639  0.00333647 -0.19864371 -0.00128821  0.04538131  0.04229973  0.00983791  0.02383543 -0.09900066 -0.06779781 -0.05046706 -0.01449432  0.01494605]
 [ 0.13436513  0.20274298  0.01048083  0.07002327  0.01508035 -0.21358272  0.00236638  0.01863615  0.02619352  0.01564369  0.03349152 -0.10562266 -0.07349151 -0.03569081 -0.04331584  0.01237475]
 [ 0.14484562  0.18859547 -0.00313579  0.05103056 -0.00858985 -0.19559012 -0.01868154  0.03406183  0.05080698  0.02794292  0.04760253 -0.0907044  -0.06070638 -0.04175122 -0.03496214  0.01222987]
 [ 0.13417266  0.2236214  -0.00253963  0.06616495  0.01383995 -0.21490102  0.010043    0.03125017  0.02268671 -0.00100881  0.01336376 -0.10570319 -0.08819891 -0.0429722  -0.01214323  0.00520339]
 [ 0.14227775  0.19501588 -0.001258    0.04932377  0.00677388 -0.20575413 -0.00665628  0.03138842  0.04067775  0.01486598  0.03522547 -0.09276287 -0.06402488 -0.03778424 -0.04321347  0.00568538]
 [ 0.13806888  0.19895494  0.01391659  0.06297792 -0.00593047 -0.20675921 -0.0139607   0.01809176  0.03967181  0.02368456  0.04364871 -0.09874729 -0.07287061 -0.03311192 -0.04582924  0.01439695]
 [ 0.14333226  0.20576571 -0.00159893  0.06217594  0.00170178 -0.20367056 -0.00447691  0.03664844  0.03938454  0.01569161  0.03113097 -0.10043275 -0.07006691 -0.04606567 -0.03128593  0.01775323]
 [ 0.13840222  0.23106954 -0.01020899  0.07152247  0.02353102 -0.21427502  0.02350602  0.04545055  0.01700584 -0.01022732 -0.00100867 -0.11133114 -0.08781645 -0.05708085 -0.00156094  0.01517619]
 [ 0.13530482  0.22608994  0.00978019  0.07496952  0.02372605 -0.21776544  0.01493548  0.02356245  0.02251631 -0.00537305  0.00867952 -0.11268745 -0.08341837 -0.03199258 -0.01878342  0.0026449 ]]
topics:
[[ 0.26723948  0.4090639   0.3112531   0.3294171  -0.6463004  -0.1913748  -0.10635613  0.18585497 -0.04351456  0.14052686  0.04370299 -0.21025375 -0.4015229  -0.6294471  -0.42485714  1.0703329 ]
 [ 0.36256328  0.4378143  -1.1910853   0.45539603  0.24212345  0.1553074  -0.22010684 -0.11519738  0.12003732  0.49008366  0.47608376 -0.12936921 -0.44500148 -0.24705908 -0.4693019  -0.1348058 ]
 [ 0.3703375  -0.61387396  0.09459408 -0.15620527  0.5493731  -0.05897785  0.25490615  0.15287408  0.02054942  0.03703458  0.11576634  0.00856685  0.65572596 -0.22604413 -0.6303925   0.24800667]
 [ 0.16240151  0.636781    0.28267288 -0.0497419  -0.5273521  -0.16844477 -0.4091496  -0.20851536  0.44494352 -0.13770808 -0.05867906 -0.025196   -0.34131584  0.5239      0.33311063 -0.46363014]
 [-0.20261164  0.18298113  0.44891906  0.39551058  0.4144121  -0.57313526  0.24395026 -0.6171547  -0.47281602  0.00172138  0.08661456 -0.3142085  -0.29775706  0.28653163 -0.37768972 -0.12507015]
 [-0.05533528 -0.48701224  0.29122564  0.19763796 -0.8157391  -0.57106036 -0.32487792 -0.41987693  0.16510172  1.6331749   0.17021379 -0.21961372  0.6310684   0.5652017  -0.6899067  -0.48914275]
 [ 0.22918217  0.05353073 -0.96489465 -1.0820255  -0.135828   -0.22578202 -0.16262951  0.6891931   0.19899827 -0.16537192 -0.01253646  0.573661   -0.0341553  -0.39147696 -0.24791427 -0.38759503]
 [-0.00610031 -0.17122413  0.63860506 -0.30297685 -0.3176506   0.20854981 -1.1030678   0.11420546  1.0062037  -0.11180633  1.607431    0.25860482  0.42656147  0.45518416 -0.22393066  0.30893898]
 [ 0.18610984  0.28339648 -0.14570567  0.08823918  0.16457574 -0.19883674  0.16820136  0.21916921 -0.02679727 -0.10885831 -0.14801306 -0.1494915  -0.04583022 -0.19414675  0.12554947  0.06274228]
 [ 0.1876845  -0.392826    0.25340375 -0.2020568  -0.7371403   0.24996167 -0.41782054 -0.09521526  0.24049287  0.31920257  0.42938375  0.20812652 -0.11614014 -0.2843946   0.6125093   0.24457747]]
R:
[[0.05208144 0.0338541  0.05250967 0.10648174 0.13722491 0.0338541  0.03689313 0.0338541  0.47939265 0.0338541 ]
 [0.04470894 0.033977   0.05282123 0.11134405 0.13704881 0.033977   0.04413943 0.033977   0.47155035 0.03645619]
 [0.09212901 0.05267306 0.10229671 0.19376184 0.2561153  0.05267306 0.07479319 0.05267306 0.05267306 0.07021175]
 [0.04693791 0.03140707 0.04839803 0.03140707 0.11768157 0.03140707 0.03140707 0.03140707 0.5869371  0.04300997]
 [0.03743346 0.0325233  0.04768587 0.10282487 0.11039223 0.0325233  0.0325233  0.0325233  0.5313195  0.04025088]
 [0.05265767 0.03617604 0.03893343 0.11995968 0.10955168 0.03617604 0.03617604 0.03617604 0.49076265 0.04343076]
 [0.03628105 0.02746777 0.04276088 0.10023442 0.099643   0.02746777 0.02746777 0.02746777 0.57579994 0.03540955]
 [0.04554268 0.03274418 0.04519423 0.11053798 0.10675687 0.03274418 0.03274418 0.03274418 0.5202904  0.0407012 ]
 [0.04989533 0.03414139 0.04830655 0.10777025 0.14118113 0.03414139 0.03414139 0.03414139 0.48213983 0.03414139]
 [0.04762527 0.03873478 0.05281967 0.11091068 0.1132094  0.03873478 0.03873478 0.03873478 0.47488236 0.04561349]
 [0.04402399 0.0286976  0.0286976  0.10885558 0.13507164 0.0286976  0.03744536 0.0286976  0.522649   0.03716409]
 [0.04736816 0.03435176 0.05834074 0.11668672 0.12544397 0.03435176 0.04378983 0.03435176 0.47014725 0.03516806]
 [0.05639438 0.03643863 0.05169967 0.11795156 0.13274923 0.03643863 0.03643863 0.03643863 0.4568472  0.03860338]
 [0.05257848 0.0347993  0.04641592 0.11005367 0.11728331 0.0347993  0.0347993  0.0347993  0.49831614 0.03615535]
 [0.04515776 0.02567025 0.02567025 0.10052057 0.12495843 0.02567025 0.03263699 0.02567025 0.5600944  0.03395082]
 [0.04314034 0.02773561 0.04108664 0.12122194 0.13668656 0.02773561 0.02838648 0.02773561 0.5185356  0.02773561]]
distance_matrix:
[[1.1269591  1.1365721  3.4591162  1.3729794  1.140307   1.138246   1.1816571  1.1348968  1.1146886  1.1636841  1.1117871  1.151125   1.1437948  1.1234074  1.141815   1.1025896 ]
 [1.1448143  1.1488392  3.7375443  1.2804825  1.1346974  1.1836376  1.1468003  1.1497602  1.129565   1.2135766  1.0773842  1.1834793  1.1967227  1.1525564  1.0851109  1.0919008 ]
 [2.2910259  2.3092668  4.6439     2.473313   2.3287573  2.3818116  2.3609006  2.3385906  2.293586   2.3707035  2.3320653  2.3167162  2.3380468  2.3199487  2.349582   2.2903066 ]
 [1.290705   1.3165863  4.039714   1.4122946  1.2434158  1.2726121  1.2438371  1.2390251  1.2890594  1.2977879  1.2832234  1.3067231  1.3164766  1.2511787  1.2708204  1.2653337 ]
 [0.8295903  0.8356571  3.463944   0.94682693 0.78208184 0.84678435 0.7888236  0.7940357  0.8303294  0.85008574 0.8177819  0.8357179  0.86934423 0.8160546  0.81641483 0.8022344 ]
 [1.6684203  1.6743636  4.4500036  1.7715116  1.5698574  1.5969279  1.5729966  1.5696743  1.6592093  1.6292119  1.6106224  1.6727026  1.6823978  1.6088927  1.6043997  1.628423  ]
 [1.1340771  1.1408849  3.9675598  1.2157707  1.0531065  1.1151168  1.0464664  1.0664961  1.1254983  1.1387386  1.0787139  1.1480839  1.1732044  1.0993812  1.0663376  1.0826113 ]
 [1.1387594  1.1347787  3.7809875  1.2900579  1.1038456  1.1480346  1.1045501  1.1091552  1.1375673  1.1764281  1.0859001  1.143846   1.1818912  1.125258   1.0860541  1.0931821 ]
 [1.7924099  1.7891092  3.4711478  2.1680722  1.8811579  1.8382409  1.9675341  1.8599131  1.7865393  1.8498664  1.8081856  1.8103461  1.7874784  1.8318081  1.8824835  1.8018811 ]
 [1.4296265  1.4270887  3.8098738  1.6740973  1.4216316  1.4360311  1.4404626  1.4145615  1.4269409  1.4664965  1.3950806  1.4326384  1.4527245  1.4232814  1.4140353  1.3863766 ]
 [2.0323627  2.0229824  3.4090223  2.3995519  2.1600456  2.1092875  2.3039744  2.1404927  2.0506694  2.0497763  2.1783967  2.0175009  2.0156968  2.083727   2.2827334  2.1628573 ]
 [5.715601   5.7425985  7.0557966  6.158331   5.8823385  5.750392   6.021699   5.828537   5.717147   5.7513237  5.832061   5.744028   5.67114    5.7478104  5.9314246  5.8178134 ]
 [1.3180093  1.3086563  3.1040177  1.612142   1.3811227  1.3556353  1.4751903  1.3671223  1.3266572  1.3341807  1.3773896  1.3118466  1.3157994  1.342815   1.4470674  1.3803378 ]
 [0.9982641  1.0136211  3.6284292  1.1653297  0.97375536 1.0111947  0.97194314 0.9739599  0.99147916 1.0457742  0.958832   1.0213399  1.035106   0.98493767 0.95491385 0.9427514 ]
 [1.5464363  1.5282097  3.0190787  1.9946189  1.6664145  1.6105659  1.8059821  1.6532733  1.5454197  1.5775366  1.6426048  1.538593   1.5314646  1.5940444  1.7542439  1.6187861 ]
 [2.45293    2.4430618  3.1140475  3.100661   2.6757216  2.5002427  2.8955455  2.6198459  2.4545734  2.4617136  2.6283274  2.445108   2.3743122  2.515529   2.801863   2.6041183 ]]
