hid1:
[[0.         0.13784346 0.07552154 0.01848727 0.         0.         0.         0.         0.06803526 0.         0.         0.         0.03162998 0.         0.        ]
 [0.         0.03187082 0.17213048 0.         0.         0.         0.         0.         0.         0.         0.         0.         0.         0.         0.        ]
 [0.         0.         0.18412752 0.1483025  0.         0.         0.         0.         0.09516722 0.         0.         0.         0.06847329 0.         0.        ]
 [0.         0.04326972 0.00050479 0.01975164 0.         0.         0.         0.         0.06617583 0.         0.         0.         0.0330108  0.         0.        ]
 [0.         0.         0.04592882 0.04840771 0.         0.         0.         0.         0.05774347 0.         0.         0.         0.07287528 0.         0.        ]
 [0.         0.02102692 0.07444105 0.00199113 0.         0.00255083 0.         0.         0.09873909 0.         0.         0.         0.07938872 0.         0.        ]
 [0.         0.         0.03545979 0.00105074 0.         0.00177515 0.         0.         0.0470561  0.         0.         0.         0.04075611 0.         0.        ]
 [0.         0.02966056 0.05675306 0.02271556 0.         0.00524916 0.         0.         0.0957428  0.         0.         0.         0.01176097 0.         0.        ]
 [0.         0.02325836 0.07835905 0.0190175  0.         0.0508473  0.         0.         0.         0.         0.         0.         0.05498676 0.         0.        ]
 [0.         0.         0.         0.         0.         0.10347885 0.         0.03541201 0.         0.         0.03779523 0.         0.         0.         0.        ]
 [0.06343585 0.         0.         0.         0.         0.01389454 0.02598354 0.11529808 0.         0.         0.05933423 0.03301445 0.         0.         0.        ]
 [0.         0.         0.         0.         0.         0.         0.         0.07560043 0.         0.         0.         0.         0.         0.         0.        ]
 [0.05130067 0.         0.         0.         0.         0.07960243 0.05035335 0.07869075 0.         0.         0.05576769 0.05286636 0.         0.         0.        ]
 [0.02366273 0.         0.         0.         0.         0.09273493 0.02407338 0.11111175 0.         0.         0.06927006 0.07830276 0.         0.         0.068927  ]
 [0.11098852 0.         0.         0.         0.         0.05757834 0.04953771 0.09677605 0.         0.         0.07589295 0.06100139 0.         0.         0.02564399]]
hid2:
[[ 0.04143324 -0.00354516  0.02367482 -0.02204574 -0.02647692  0.04242888 -0.00020047  0.04990187  0.05646465 -0.00995407  0.00780375  0.01493369  0.00697829 -0.01452317  0.00821097]
 [ 0.0506666  -0.02915478  0.05096298 -0.00725049 -0.02480779  0.04381773  0.01679916  0.08558574  0.07245004  0.00082978 -0.02456756 -0.00132759  0.03310131 -0.04948054  0.01961562]
 [ 0.0383958  -0.00231033  0.02051297 -0.02457409 -0.02779768  0.04152297 -0.00117661  0.04457904  0.0532147  -0.01128852  0.00788722  0.01532156  0.00399335 -0.01012429  0.00376905]
 [ 0.03819053 -0.00414975  0.02202705 -0.02007339 -0.02436763  0.04216716 -0.00174209  0.05161974  0.05771602 -0.01127707  0.00882292  0.01218467  0.0109886  -0.01663705  0.00886715]
 [ 0.03914651 -0.00118286  0.02151928 -0.02312261 -0.02606692  0.04240911 -0.00116153  0.04542429  0.05428292 -0.01217005  0.01073055  0.01518265  0.00484915 -0.0096773   0.00599067]
 [ 0.0374183   0.00257576  0.01999968 -0.02473703 -0.02584131  0.04201725 -0.00207896  0.03815734  0.05068181 -0.01452846  0.01462159  0.01663069  0.00039207 -0.00247051  0.00228029]
 [ 0.03902632  0.00267741  0.02650355 -0.02038543 -0.02266491  0.04151258 -0.00077043  0.03890983  0.05153275 -0.01477193  0.01376421  0.01396356  0.00221241 -0.00262962  0.00257229]
 [ 0.03867975  0.00048412  0.02297791 -0.02146819 -0.02421628  0.04109552 -0.00130307  0.04138676  0.05196599 -0.01423191  0.01085085  0.01407732  0.00338873 -0.00479459  0.00303276]
 [ 0.03700317  0.00541196  0.03028468 -0.01670066 -0.0195893   0.03858451 -0.00341721  0.03440585  0.04947778 -0.01710859  0.01411503  0.01005007  0.00220058  0.00165692 -0.00094129]
 [ 0.04247954 -0.00981227  0.05978232  0.01428477 -0.00205362  0.02846147  0.0010428   0.05740878  0.06048745 -0.01344723 -0.0080396  -0.01069352  0.03113804 -0.02569431  0.00221482]
 [ 0.0425378  -0.00700311  0.02103989 -0.02694506 -0.0317817   0.0449927   0.00100141  0.05548411  0.05871536 -0.00695849  0.00196629  0.01494597  0.00655026 -0.0176658   0.01126103]
 [ 0.04009196 -0.01017741  0.02785946 -0.02410168 -0.02973013  0.04613418  0.00628267  0.05714027  0.05998627 -0.00728035  0.00276617  0.0124886   0.01186012 -0.02296284  0.01064591]
 [ 0.03839896  0.00801299  0.04509278 -0.00939556 -0.01435142  0.03718129 -0.00052306  0.03073477  0.04832853 -0.0203231   0.01615546  0.00499764  0.00349024  0.00631938 -0.00247446]
 [ 0.03934441 -0.00141767  0.02532428 -0.02127116 -0.02457648  0.04238296  0.00104196  0.0444824   0.05382512 -0.01295112  0.01103769  0.01438653  0.00556215 -0.00913824  0.00502631]
 [ 0.04715094  0.0040569   0.1056354   0.04521277  0.02240745  0.01922569  0.00773612  0.03675644  0.05046866 -0.03457407  0.00338457 -0.02860918  0.03400457  0.00562031 -0.00639249]]
topics:
[[ 0.02968531  0.05153633  0.2525106  -0.01723587 -0.03102233  0.0642442  -0.02930062  0.01324138  0.08316223  0.06499465 -0.1203557  -0.150928   -0.05932529  0.04723155 -0.03610848]
 [ 0.1041709  -0.08867522  0.00698736 -0.13590361 -0.15985142  0.09918206  0.05730347  0.16575533  0.09326049  0.06616199 -0.16744915  0.02105867 -0.03349425 -0.056939    0.06327006]
 [-0.21438552 -0.06040206 -0.16974571 -0.07777359 -0.02770541  0.12199213 -0.04608062  0.15644233  0.1377047  -0.06512874  0.09708849 -0.10325878  0.19179597 -0.14486572  0.07015782]
 [ 0.03443506  0.01789935  0.00448704 -0.0445615  -0.03519076  0.04949185 -0.00437383  0.01618508  0.04105477 -0.01947709  0.03629934  0.0317014  -0.02289878  0.02309734 -0.00115503]
 [-0.0894464  -0.05064166  0.08013486 -0.04209373 -0.10292079 -0.01024368  0.00655299  0.00969902 -0.01104678 -0.11906242 -0.05725957 -0.11365891  0.06908655  0.05177938 -0.05753301]
 [ 0.12272007  0.02813777 -0.13803102  0.1236352   0.10941239 -0.10154676 -0.05160812 -0.11481525 -0.07625013 -0.08037354 -0.1603391  -0.0640415  -0.07590269 -0.02797773 -0.20612107]
 [-0.01657118 -0.11189809  0.00464715 -0.01730848 -0.01414252 -0.01940277  0.07590362  0.03207427  0.02161696  0.04810171  0.08876094  0.26692343  0.09426154 -0.04041598 -0.07598505]
 [ 0.11646838  0.197006   -0.29696158  0.04014435  0.05889767 -0.09786757 -0.37294692  0.00057037  0.04701091 -0.02767305  0.14426868  0.10562979 -0.081361    0.09507849  0.07393458]
 [ 0.0901923  -0.04784702  0.21237472  0.11058962  0.04914238 -0.03067982  0.04736814  0.08159101  0.09078627  0.0750747   0.08284596  0.08471672  0.11858932 -0.29334292 -0.01311653]
 [ 0.11273114  0.02650745  0.22007339  0.13657457  0.10770769  0.03574542  0.06588804  0.03940045  0.05998924 -0.07524797  0.04411644 -0.04448986  0.05039917  0.06506909  0.02815232]]
R:
[[0.02592674 0.14682218 0.06311596 0.47984    0.02592674 0.02592674 0.02592674 0.03655809 0.06537611 0.1045807 ]
 [0.04083854 0.31066546 0.11353468 0.04083854 0.04083854 0.04083854 0.04083854 0.04083854 0.11981625 0.21095239]
 [0.03149534 0.12819667 0.05784972 0.51688224 0.03149534 0.03149534 0.03149534 0.03170598 0.05421559 0.08516847]
 [0.02808639 0.14462614 0.07851914 0.44601452 0.02808639 0.02808639 0.02808639 0.04028864 0.065889   0.11231697]
 [0.02669285 0.1256017  0.06020672 0.5223776  0.02669285 0.02669285 0.02669285 0.03307449 0.05501956 0.09694852]
 [0.02858654 0.09472291 0.04918064 0.5931693  0.0271736  0.0271736  0.0271736  0.0271736  0.04271943 0.08292684]
 [0.03548675 0.09511505 0.04972112 0.56086034 0.02747086 0.02747086 0.02747086 0.02747086 0.0460026  0.1029307 ]
 [0.03231539 0.11080976 0.05475917 0.5309926  0.03117443 0.03117443 0.03117443 0.03117443 0.04552618 0.10089916]
 [0.05134001 0.07289506 0.04682063 0.54625005 0.04063556 0.03108051 0.03108051 0.03108051 0.04204226 0.10677489]
 [0.09302098 0.16223803 0.09890193 0.0606056  0.07343206 0.0606056  0.0606056  0.0606056  0.09713346 0.23285115]
 [0.02386587 0.18038508 0.06680247 0.4575764  0.02386587 0.02386587 0.02386587 0.03705292 0.06452888 0.09819079]
 [0.0242817  0.17478186 0.07650797 0.44284114 0.0242817  0.0242817  0.0242817  0.0242817  0.07592043 0.10854013]
 [0.06142185 0.04887258 0.03553027 0.54142874 0.05331502 0.02583044 0.02583044 0.02583044 0.04588557 0.1360546 ]
 [0.02748472 0.11970557 0.05837291 0.52367926 0.02748472 0.02748472 0.02748472 0.02793477 0.05550659 0.10486201]
 [0.11190192 0.05167978 0.05167978 0.05167978 0.13444877 0.05167978 0.05167978 0.05167978 0.07709815 0.36647242]]
distance_matrix:
[[0.7488811  0.90173835 0.7500727  0.7493323  0.7440847  0.74316776 0.7291835  0.7354224  0.71898764 0.7854372  0.77239096 0.7659283  0.6964899  0.73626703 0.76325905]
 [0.86785495 0.96908706 0.87410116 0.86448264 0.868135   0.87485385 0.85411805 0.858557   0.83766824 0.83228654 0.8932464  0.88472164 0.8070149  0.85924107 0.778443  ]
 [0.68589085 0.76787984 0.6916934  0.6792737  0.6864929  0.69510865 0.67319185 0.6769452  0.65445226 0.63181484 0.7098479  0.69654435 0.6213936  0.6769027  0.5737467 ]
 [0.26721698 0.44283938 0.2635901  0.2682373  0.26070338 0.2574045  0.24951032 0.25439796 0.24277593 0.34327826 0.28679478 0.28207624 0.23276892 0.25558668 0.3774564 ]
 [0.25722128 0.41870636 0.25282615 0.25868997 0.2517378  0.25007585 0.24212825 0.24502182 0.23444755 0.3269082  0.27220377 0.27046752 0.22593024 0.24757224 0.36675715]
 [0.20769985 0.3754776  0.2050568  0.20868431 0.20229764 0.20123099 0.19465479 0.19768047 0.19086279 0.29514527 0.22193044 0.22018684 0.18626176 0.19886552 0.3506415 ]
 [0.17211282 0.36582887 0.16473126 0.17376578 0.16346672 0.15785863 0.15418121 0.1570142  0.14883524 0.27665722 0.18720081 0.18837363 0.14671686 0.16075847 0.33539614]
 [0.16540118 0.35967505 0.16068827 0.16892219 0.15805879 0.15275456 0.14722745 0.15291809 0.14176677 0.26850146 0.18274581 0.18147168 0.13399245 0.15438154 0.31577533]
 [0.1607386  0.35034364 0.15435718 0.16362543 0.15285648 0.14752594 0.14243086 0.14624636 0.13678238 0.2599013  0.17641194 0.17709301 0.1320348  0.14950122 0.31163242]
 [0.14776216 0.3614693  0.13817352 0.15289955 0.13895017 0.13215902 0.1345483  0.13629806 0.13576609 0.30471218 0.15643948 0.16154549 0.14585128 0.13925812 0.42030567]
 [0.3984911  0.5266249  0.4027938  0.40007305 0.40069813 0.4107733  0.40900123 0.4056933  0.42072785 0.51926064 0.3999875  0.40012378 0.43756467 0.40147096 0.66883504]
 [0.1403177  0.32298583 0.13277887 0.14304739 0.13378349 0.13115546 0.13093223 0.1304896  0.13189036 0.26604986 0.14858767 0.15174653 0.14198244 0.13326538 0.3771501 ]
 [0.25808877 0.39982253 0.26090336 0.26095724 0.25902593 0.2667443  0.26632786 0.26420143 0.27800754 0.3929174  0.26053464 0.25935155 0.29319364 0.25944024 0.53899145]
 [0.42574722 0.5917119  0.42873898 0.42882043 0.4247549  0.43027952 0.43126798 0.42975518 0.4447286  0.583573   0.42763743 0.43283206 0.46441522 0.4269452  0.7392709 ]
 [0.4043232  0.5582195  0.4008989  0.40644085 0.40239644 0.40623042 0.40638065 0.40309057 0.4129002  0.52522355 0.40913343 0.411157   0.43073696 0.4030077  0.6723957 ]]
