hid1:
[[-3.28322172e-01 -1.75217599e-01  1.09858960e-01 -3.02061260e-01 -2.36536384e-01  1.01384029e-01  2.26133630e-01  1.33771747e-01 -6.20917380e-02 -2.73135751e-01 -2.62107193e-01 -3.01638484e-01  3.29310596e-02 -1.45773876e+00 -2.50219315e-01]
 [-2.83422709e-01 -1.45773876e+00  1.32180005e-02 -2.97943324e-01 -2.10542738e-01  2.69205719e-01  2.32048959e-01  1.48493335e-01 -1.52042389e-01 -3.41066897e-01 -2.11269438e-01 -3.28373194e-01 -1.45773876e+00 -2.08588541e-02 -1.43862009e-01]
 [-4.53605592e-01 -1.45773876e+00 -1.45773876e+00 -3.18329424e-01 -2.14738697e-01  4.22479212e-02  2.58939773e-01  2.76061893e-02 -8.72018933e-03 -1.45773876e+00 -1.45773876e+00 -3.27213317e-01  1.79704577e-02  1.14210099e-02 -3.19586873e-01]
 [-3.26199621e-01 -1.51598334e-01  1.26681611e-01 -6.13213032e-02 -1.55035704e-01  1.22079566e-01  1.36828363e-01 -3.06698054e-01  1.21119842e-01 -1.45773876e+00 -1.45773876e+00 -6.01137131e-02  1.31478906e-03 -7.69059509e-02 -6.19641989e-02]
 [-1.38219267e-01 -4.51143980e-02  8.32762942e-02 -1.80146217e-01 -7.84287453e-02 -3.07884514e-02  2.44191736e-02 -6.23697639e-02 -6.22621179e-02 -2.30467796e-01 -1.22142315e-01 -1.59771025e-01 -7.80161023e-02 -2.74893939e-02 -1.02991432e-01]
 [-1.80289000e-01 -1.45773876e+00  1.23980768e-01 -2.12817222e-01 -1.61528140e-01  3.55424136e-02  3.73682976e-02 -8.66838098e-02  8.74385238e-03 -2.49977082e-01 -1.48588568e-01 -1.90003127e-01 -1.45773876e+00 -3.90964299e-02 -2.12538779e-01]
 [-1.45773876e+00 -1.45773876e+00 -6.52355403e-02 -2.31748849e-01 -1.22836918e-01 -3.83766592e-02 -2.02456862e-02  3.00820917e-02 -1.50527149e-01 -1.81709170e-01 -6.76812679e-02 -2.17996687e-01 -4.84241992e-02 -2.28504986e-02 -1.61468118e-01]
 [-1.45773876e+00 -1.17105097e-01 -2.23254114e-02 -1.95596844e-01 -1.45773876e+00 -1.23414576e-01  6.14535958e-02 -1.12900048e-01 -2.28865594e-02 -1.84843987e-01 -1.45773876e+00 -1.21085703e-01 -8.48344415e-02 -9.39444602e-02 -1.27450794e-01]
 [-1.01938307e-01 -1.45773876e+00  2.72801965e-02 -2.08114445e-01 -1.56322539e-01 -1.45773876e+00  6.34410456e-02  9.69390571e-03 -9.80901420e-02 -1.45773876e+00 -1.00566894e-01 -1.87720746e-01 -8.44416171e-02 -5.96703589e-03 -1.41123116e-01]
 [-8.26994181e-02 -5.03570884e-02 -2.40631223e-01 -5.64592928e-02 -8.23585540e-02 -4.38378453e-01 -3.48034084e-01 -1.35920852e-01 -1.50239080e-01 -8.51575732e-02  1.81899965e-03 -8.20695460e-02 -4.95305657e-02 -9.34853554e-02 -1.70349240e-01]
 [ 2.82624960e-01  3.22434425e-01 -1.95715517e-01  5.22629172e-02 -6.76332116e-02 -5.19013405e-02 -6.47223115e-01 -2.48825878e-01 -1.88691556e-01 -9.64969397e-02  1.40847251e-01 -1.45773876e+00 -1.96423113e-01  4.01723683e-02  1.33500457e-01]
 [-1.13549590e-01 -1.41660035e-01 -2.65003741e-01 -8.38487744e-02 -6.04460835e-02 -1.45773876e+00 -4.44089055e-01 -2.76362866e-01 -1.10974789e-01 -8.40792954e-02  1.85929984e-02 -7.70425498e-02 -1.98896080e-02  5.53667024e-02 -1.45773876e+00]
 [ 3.24967265e-01  2.11319774e-01 -1.15844011e-01  2.05472216e-01  9.67620760e-02 -8.14777017e-02 -5.59887946e-01 -1.91759557e-01 -2.41307199e-01 -4.62010950e-02  1.41880840e-01 -2.23979354e-04 -1.84360325e-01  8.79320130e-02  3.51435244e-02]
 [ 1.80451363e-01  1.22900210e-01 -9.24758315e-02  2.21241266e-01  5.58551699e-02 -4.79657412e-01 -5.63508868e-01 -1.06026620e-01 -2.55274028e-01 -1.45773876e+00  1.79388970e-01  1.89429373e-01 -1.48397803e-01  4.79743555e-02  2.53493667e-01]
 [ 4.58588213e-01  2.37356082e-01 -1.45773876e+00 -1.45773876e+00 -3.00723314e-02 -1.45773876e+00 -6.29422665e-01 -1.63898587e-01 -1.42358601e-01 -1.80626363e-02 -1.45773876e+00  1.04031712e-01 -2.96185136e-01  9.85611975e-02  2.15962276e-01]]
hid2:
[[-1.75920963e-01 -1.19618952e-01 -4.23184922e-03 -1.36081934e-01 -1.54432014e-01 -5.67706004e-02 -3.21878977e-02 -4.77881581e-02 -8.70158225e-02 -2.11360306e-01 -1.36359319e-01 -1.65807843e-01 -4.85342853e-02  9.75511875e-03 -1.32997289e-01]
 [ 1.43185398e-02 -3.40078138e-02 -2.73409504e-02 -1.33032463e-02 -1.10129146e-02 -1.78941563e-02 -5.31599335e-02  1.28279226e-02 -7.20146636e-04 -2.43742019e-02 -5.61387762e-02 -6.22991612e-03 -1.93866845e-02 -4.24203724e-02 -2.97511090e-02]
 [-1.75920963e-01 -1.19618952e-01 -4.23184922e-03 -1.36081934e-01 -1.54432014e-01 -5.67706004e-02 -3.21878977e-02 -4.77881581e-02 -8.70158225e-02 -2.11360306e-01 -1.36359319e-01 -1.65807843e-01 -4.85342853e-02  9.75511875e-03 -1.32997289e-01]
 [-1.75920889e-01 -1.19618893e-01 -4.23192652e-03 -1.36081889e-01 -1.54431969e-01 -5.67706376e-02 -3.21880169e-02 -4.77881692e-02 -8.70158300e-02 -2.11360276e-01 -1.36359259e-01 -1.65807769e-01 -4.85343263e-02  9.75513645e-03 -1.32997245e-01]
 [-1.75624460e-01 -1.19378135e-01 -4.51699505e-03 -1.35898024e-01 -1.54242709e-01 -5.69110736e-02 -3.26258615e-02 -4.78265658e-02 -8.70418549e-02 -2.11199254e-01 -1.36137098e-01 -1.65535808e-01 -4.86836918e-02  9.81724169e-03 -1.32796586e-01]
 [-1.75915986e-01 -1.19614907e-01 -4.23664739e-03 -1.36078835e-01 -1.54428840e-01 -5.67729697e-02 -3.21952701e-02 -4.77888063e-02 -8.70162696e-02 -2.11357608e-01 -1.36355579e-01 -1.65803283e-01 -4.85368036e-02  9.75616556e-03 -1.32993922e-01]
 [-8.20239335e-02 -4.33651321e-02 -9.45069417e-02 -7.78424293e-02 -9.44813490e-02 -1.01235732e-01 -1.70842737e-01 -5.99389076e-02 -9.52430964e-02 -1.60348028e-01 -6.59910962e-02 -7.96691030e-02 -9.58287716e-02  2.94152033e-02 -6.94411993e-02]
 [-1.73280776e-01 -1.17476031e-01 -6.76746247e-03 -1.34444267e-01 -1.52745932e-01 -5.80186620e-02 -3.60821374e-02 -4.81283516e-02 -8.72453898e-02 -2.09924504e-01 -1.34381771e-01 -1.63386047e-01 -4.98619713e-02  1.03063434e-02 -1.31210670e-01]
 [-1.33663207e-01 -8.53087306e-02 -4.48426083e-02 -1.09871104e-01 -1.27449274e-01 -7.67681524e-02 -9.45610180e-02 -5.32474704e-02 -9.07075256e-02 -1.88393682e-01 -1.04697175e-01 -1.27043232e-01 -6.98055997e-02  1.85932405e-02 -1.04396991e-01]
 [-1.13167733e-01 -6.87451288e-02 -6.43600672e-02 -9.71532166e-02 -1.14337720e-01 -8.63225535e-02 -1.24521136e-01 -5.57997227e-02 -9.23825726e-02 -1.77160829e-01 -8.94105956e-02 -1.08258739e-01 -7.99822658e-02  2.27766540e-02 -9.05541480e-02]
 [ 3.49122472e-03  2.61277352e-02 -1.76830962e-01 -2.48045977e-02 -3.98968309e-02 -1.41818687e-01 -2.97294110e-01 -7.10631832e-02 -1.02805860e-01 -1.13946483e-01 -1.86371326e-03 -1.21069932e-03 -1.38985693e-01  4.73820977e-02 -1.15431603e-02]
 [-1.75891966e-01 -1.19606428e-01 -4.23808163e-03 -1.36061460e-01 -1.54409438e-01 -5.67684285e-02 -3.21904756e-02 -4.77844141e-02 -8.70074555e-02 -2.11336702e-01 -1.36351869e-01 -1.65788248e-01 -4.85328734e-02  9.74831916e-03 -1.32989466e-01]
 [ 1.99574120e-02  3.94778997e-02 -1.92610040e-01 -1.45902894e-02 -2.93767136e-02 -1.49574026e-01 -3.21525753e-01 -7.31654316e-02 -1.04214504e-01 -1.04972817e-01  1.04573322e-02  1.38911754e-02 -1.47238642e-01  5.07999510e-02 -4.04216466e-04]
 [ 5.30788638e-02  6.63594529e-02 -2.24427491e-01  5.95946843e-03 -8.22272245e-03 -1.65242121e-01 -3.70377332e-01 -7.74494708e-02 -1.07108630e-01 -8.69752094e-02  3.52515467e-02  4.42586131e-02 -1.63903475e-01  5.77185191e-02  2.19856761e-02]
 [ 1.08431011e-01  1.11379154e-01 -2.77791083e-01  4.02817465e-02  2.70947255e-02 -1.91567868e-01 -4.52367485e-01 -8.46784562e-02 -1.12044014e-01 -5.69698811e-02  7.68080205e-02  9.50658396e-02 -1.91895410e-01  6.93936720e-02  5.95001094e-02]]
topics:
[[-0.00838355  0.03478487  0.2932223  -0.02312343 -0.03371911  0.05067179 -0.03246797  0.00516614  0.06110094  0.08127154 -0.11215944 -0.15919998 -0.08454295  0.04877112 -0.03897124]
 [ 0.10456686 -0.10346567  0.01383202 -0.1455171  -0.17373846  0.09652489  0.0435334   0.15016533  0.09533262  0.07631214 -0.1616946   0.0149037  -0.04155312 -0.06450727  0.05676712]
 [-0.21752682 -0.08978935 -0.16404374 -0.0869626  -0.01844177  0.11371728 -0.02971954  0.13989595  0.12292276 -0.0598783   0.11793233 -0.09758919  0.12808105 -0.14613795  0.0593541 ]
 [ 0.02912948  0.0093458   0.00778294 -0.05330799 -0.0392057   0.05074861 -0.00762475  0.01359247  0.04241163 -0.02260108  0.04667179  0.02499019 -0.03166724  0.02263737 -0.00326977]
 [-0.17592096 -0.11961895 -0.00423185 -0.13608193 -0.15443201 -0.0567706  -0.0321879  -0.04778816 -0.08701582 -0.2113603  -0.13635932 -0.16580784 -0.04853429  0.00975512 -0.13299729]
 [ 0.12755124  0.00053782 -0.12571171  0.1144746   0.09670603 -0.11220364 -0.04604721 -0.12309754 -0.09886747 -0.06685577 -0.15794377 -0.05989674 -0.09686162 -0.0371623  -0.21613684]
 [-0.01648636 -0.14112107 -0.18924059 -0.03856248 -0.01615045 -0.03520507  0.02048381  0.01279498 -0.02214057  0.0142005  -0.02323957  0.27404708  0.0361555  -0.05276349 -0.08650088]
 [ 0.11983017  0.12063944 -0.28875756  0.04735184  0.0343718  -0.19697164 -0.46921173 -0.08615732 -0.11304735 -0.05078065  0.08535351  0.10552379 -0.19764249  0.07178447  0.06721698]
 [ 0.08303763 -0.06565137  0.16782452  0.09829275  0.06594757 -0.08581834 -0.0134379   0.04948859 -0.01550943  0.07416543 -0.1139688   0.07176657  0.10727427 -0.32269517 -0.02006857]
 [ 0.09738771  0.01426037  0.01591413  0.09040385  0.12853298 -0.00363487  0.03508051  0.01421878  0.00761123 -0.07821549 -0.1059799  -0.07103672  0.03542402  0.0461144   0.01709531]]
R:
[[1.39154100e-19 1.39154100e-19 1.39154100e-19 1.39154100e-19 1.00000000e+00 1.39154100e-19 1.39154100e-19 1.43593623e-10 1.39154100e-19 1.39154100e-19]
 [1.00000001e-01 1.00000001e-01 1.00000001e-01 1.00000001e-01 1.00000001e-01 1.00000001e-01 1.00000001e-01 1.00000001e-01 1.00000001e-01 1.00000001e-01]
 [1.94756816e-20 1.94756816e-20 1.94756816e-20 1.94756816e-20 1.00000000e+00 1.94756816e-20 1.94756816e-20 4.24751262e-10 1.94756816e-20 1.94756816e-20]
 [3.18019536e-14 3.18019536e-14 1.89340541e-13 3.18019536e-14 9.99999762e-01 3.18019536e-14 3.18019536e-14 2.71172354e-07 3.18019536e-14 3.18019536e-14]
 [7.34559151e-08 7.34559151e-08 7.34559151e-08 7.34559151e-08 9.98997271e-01 7.34559151e-08 7.34559151e-08 1.00219343e-03 7.34559151e-08 7.34559151e-08]
 [7.66031544e-11 7.66031544e-11 1.14682396e-10 7.66031544e-11 9.99983191e-01 7.66031544e-11 7.66031544e-11 1.68634851e-05 7.66031544e-11 7.66031544e-11]
 [3.62803403e-05 3.62803403e-05 3.62803403e-05 3.62803403e-05 6.82420194e-01 3.62803403e-05 3.62803403e-05 3.17289531e-01 3.62803403e-05 3.62803403e-05]
 [2.73392925e-06 2.73392925e-06 2.73392925e-06 2.73392925e-06 9.91065919e-01 2.73392925e-06 2.73392925e-06 8.91223364e-03 2.73392925e-06 2.73392925e-06]
 [2.69466145e-05 2.69466145e-05 2.69466145e-05 2.69466145e-05 8.57048035e-01 2.69466145e-05 2.69466145e-05 1.42736480e-01 2.69466145e-05 2.69466145e-05]
 [1.52056367e-04 1.52056367e-04 1.52056367e-04 1.52056367e-04 7.87427008e-01 1.52056367e-04 1.52056367e-04 2.11356446e-01 1.52056367e-04 1.52056367e-04]
 [1.39625695e-06 1.39625695e-06 1.39625695e-06 1.39625695e-06 3.93364340e-01 8.14981377e-06 1.39625695e-06 6.06617808e-01 1.39625695e-06 1.39625695e-06]
 [1.01602009e-05 1.01602009e-05 1.01602009e-05 1.01602009e-05 9.99876738e-01 4.21280856e-05 1.01602009e-05 1.01602009e-05 1.01602009e-05 1.01602009e-05]
 [4.09602544e-05 4.09602544e-05 4.09602544e-05 4.09602544e-05 3.37586701e-01 4.09602544e-05 4.09602544e-05 6.62085593e-01 4.09602544e-05 4.09602544e-05]
 [6.01495412e-05 6.01495412e-05 6.01495412e-05 6.01495412e-05 2.25548968e-01 1.55075410e-04 6.01495412e-05 7.73874938e-01 6.01495412e-05 6.01495412e-05]
 [6.65288402e-09 6.65288402e-09 6.65288402e-09 6.65288402e-09 3.85430567e-02 6.65288402e-09 6.65288402e-09 9.61456954e-01 6.65288402e-09 6.65288402e-09]]
distance_matrix:
[[53.105606 66.46054  53.105606 53.10561  53.117256 53.105797 58.00282  53.210213 55.009747 56.110664 64.57263  53.106884 66.06793  69.30096  75.38347 ]
 [63.07757  76.762276 63.07757  63.077576 63.092785 63.077812 69.10536  63.213932 65.490295 66.8357   76.70612  63.07885  78.39906  82.0303   88.78136 ]
 [56.295464 70.95687  56.295464 56.29546  56.309563 56.295696 61.974094 56.422028 58.551235 59.822403 69.25577  56.296947 70.88801  74.39662  80.94005 ]
 [52.71919  62.286797 52.71919  52.719185 52.72139  52.719215 54.625397 52.739742 53.277485 53.72821  58.469715 52.720005 59.4412   61.620007 65.93679 ]
 [43.42846  53.42959  43.42846  43.428455 43.435616 43.428574 46.90636  43.493153 44.693787 45.484352 52.183895 43.42921  53.430145 56.162395 61.408722]
 [36.14701  44.87564  36.14701  36.14701  36.15555  36.147152 40.05837  36.223866 37.60719  38.48984  45.73209  36.147614 47.05365  49.93842  55.442253]
 [41.74158  50.649807 41.74158  41.741577 41.74333  41.741615 43.50497  41.758106 42.235554 42.65468  47.219456 41.74228  48.165783 50.294098 54.527073]
 [64.6227   75.36307  64.6227   64.6227   64.62949  64.62281  67.98373  64.68413  65.83553  66.60173  73.15418  64.62372  74.38022  77.07186  82.247925]
 [61.50875  73.12166  61.50875  61.508747 61.515656 61.50886  64.90853  61.571266 62.7391   63.51469  70.1137   61.50962  71.34685  74.051575 79.25048 ]
 [48.42228  53.153076 48.42228  48.422276 48.41861  48.42221  48.469486 48.390545 48.14383  48.187527 50.62146  48.42235  51.266598 52.7894   56.011364]
 [72.43868  68.384026 72.43868  72.438675 72.409256 72.43819  64.32999  72.17775  68.49054  66.76308  59.04897  72.43759  58.266304 56.914364 55.32042 ]
 [50.609306 53.01972  50.609306 50.609303 50.59441  50.609055 47.101986 50.477707 48.731686 48.005234 46.013508 50.609188 46.03685  46.307365 47.42873 ]
 [57.809    56.56558  57.809    57.80899  57.783676 57.80857  51.000317 57.58462  54.445946 53.002445 46.90314  57.808277 46.348537 45.45503  44.62746 ]
 [69.66285  66.32188  69.66285  69.66284  69.63518  69.662384 62.11065  69.41756  65.96511  64.358635 57.33674  69.66191  56.65152  55.495914 54.230305]
 [66.184395 63.624405 66.184395 66.184395 66.16189  66.18402  60.26415  65.984955 63.220844 61.967613 56.9782   66.18355  56.578358 55.997784 55.696728]]
