hid1:
[[-8.58615618e-03 -4.42560669e-03  1.18606031e-01 -7.59437680e-02  4.90514934e-02 -1.86057165e-02  3.78651768e-02  5.43491662e-01  2.92454474e-02 -1.63153931e-02  9.87519324e-02  4.82661128e-02 -8.04938525e-02 -3.52555513e-02  7.12071173e-03]
 [-3.54479998e-04  1.10888742e-02  2.05891088e-01  3.19270790e-03  3.92756909e-01  8.82810913e-03 -5.16212136e-02  1.33930936e-01  1.62912346e-02 -8.33787769e-03  1.08815134e-01  5.37197068e-02 -1.09457001e-01 -7.00334907e-02  7.10801221e-03]
 [ 4.23299968e-02  5.54808304e-02  9.89773497e-03 -2.28875607e-01  3.08206916e-01 -1.52872577e-02  4.62763011e-02  1.65767670e-02 -3.63109857e-02  5.49602509e-03  6.01440370e-02  9.05794874e-02 -3.77590880e-02 -1.33779347e-02  7.01070577e-03]
 [-2.60919705e-03  1.79534107e-02  2.06577964e-03  3.63827348e-02  5.51582426e-02  1.92784518e-02  1.23611316e-02  5.43360487e-02 -3.82244587e-03 -7.40047246e-02 -2.65915319e-02  3.70793417e-02 -8.15118104e-02  3.38975608e-01 -1.13560751e-01]
 [-5.03031947e-02 -2.06921734e-02  1.69946179e-02  2.56025046e-02  5.81256449e-02 -5.45268506e-03 -1.54498592e-02  1.10532165e-01 -2.64455825e-02 -7.08436593e-03 -8.28189030e-02  2.15492900e-02 -2.04431564e-02  3.05637345e-02 -8.75776075e-03]
 [ 2.82081127e-01 -5.95039502e-03  6.22514077e-02  1.52465105e-02  6.84079826e-02 -1.27334893e-02  2.42910385e-02  2.88498104e-02 -1.42063871e-02  6.12141937e-03  2.59647705e-02  3.34576741e-02  7.37655675e-04  1.37671620e-01  1.69530103e-04]
 [-8.19898918e-02 -1.04367808e-02  9.81846452e-03 -7.13855773e-03  3.90864089e-02  2.31183954e-02 -4.38243896e-02  4.71652448e-02  3.56718227e-02  5.71931899e-03  6.26377016e-02  2.94579156e-02 -2.38956138e-02  5.09237964e-03 -7.24938884e-03]
 [ 4.00666669e-02  1.26901492e-02  1.47419184e-01 -3.21159512e-03  3.74479517e-02 -4.10992280e-02 -1.84013993e-02  5.87147027e-02  1.30821913e-02  1.47785842e-02 -9.52698588e-02  8.59823078e-03 -3.90152484e-02 -1.90461706e-03 -1.10358046e-03]
 [ 4.89070080e-04  1.45018324e-02  3.15760076e-03  2.29316950e-03  1.01700984e-01  1.80052593e-02  1.07656464e-01  3.07707042e-02  1.07277684e-01  1.19905546e-02  5.53138554e-02  3.32567617e-02 -1.28768235e-02 -5.40246395e-03 -1.09237768e-02]
 [-1.88883469e-02 -4.67697419e-02 -6.23679720e-04 -1.02024153e-01  1.28546730e-01 -3.89558077e-03 -1.09676793e-02  1.54067241e-02  1.97546799e-02  5.40997908e-02 -4.10935655e-03  8.58608782e-02  5.54178655e-03 -2.20991368e-03  4.32387739e-03]
 [ 3.15363258e-02 -9.44509506e-02 -9.82427597e-03  1.51479989e-03 -9.83356684e-03 -5.52152842e-03 -4.91112471e-03 -5.55320382e-02  2.93241590e-01  3.11797976e-01  1.30665265e-02 -8.22380744e-03 -1.71170682e-02 -1.18584197e-03 -3.86000611e-04]
 [ 9.95967090e-02 -2.88064368e-02 -2.41287500e-02 -4.46267426e-03  6.37311414e-02  1.54364146e-02 -5.82830757e-02  5.21542057e-02  2.02184469e-02 -8.40767324e-02 -1.25710145e-02 -1.14312079e-02 -3.77221406e-02  8.81260186e-02  1.84851475e-02]
 [ 9.63976234e-02 -1.43724620e-01 -2.58035958e-04 -1.09230801e-02 -2.42773257e-03  5.48761338e-03 -3.66150290e-02  4.32019085e-02  5.87266460e-02  3.60563695e-02 -4.41470742e-03 -5.01286089e-02 -1.35342330e-02 -1.16812505e-01  3.01978551e-03]
 [-5.75296506e-02 -8.92397016e-02 -1.13472342e-03 -2.80038863e-02  1.58741206e-01 -8.26454908e-02 -5.36791235e-02  9.51374993e-02  8.14859569e-02 -5.66772297e-02 -7.35672563e-03 -1.72616430e-02 -1.60145164e-02  4.74444032e-03  1.65919960e-03]
 [ 2.25298047e-01 -3.64388861e-02 -1.96323559e-01 -6.25489056e-02  8.36141482e-02  8.80579203e-02 -4.82670851e-02 -2.26958051e-01  7.46123195e-02 -1.68202110e-02  1.77600086e-02 -1.27952099e-02  1.93540528e-02  2.97146365e-02 -2.37242877e-02]]
hid2:
[[ 0.05577528  0.01307396  0.03847574 -0.03234547  0.03668127  0.02314297 -0.0444521   0.06379189  0.0722416  -0.02037409  0.03469667  0.03321721 -0.00756752  0.01264554  0.02015939]
 [ 0.01996491 -0.05163598  0.10021126 -0.04006261  0.05281937  0.02891867  0.01957218  0.07874902  0.06789526 -0.01939536 -0.0536371  -0.01396595  0.03504555 -0.0512239  -0.00605535]
 [ 0.05777663  0.01256401  0.05017142 -0.02462265  0.03991748  0.01669366 -0.04766748  0.05858857  0.06901225 -0.02229065  0.03042039  0.02717702 -0.00890003  0.00680614  0.00997302]
 [ 0.04093449  0.00111295  0.04540988 -0.03086009  0.03903298  0.02283797 -0.03203558  0.06027152  0.0682242  -0.02493206  0.02476764  0.01812121  0.00323391 -0.00102418  0.00961065]
 [ 0.04284864  0.00061846  0.04151852 -0.03241559  0.0439281   0.0237166  -0.02597753  0.05474982  0.06400736 -0.02311552  0.02416195  0.01876096 -0.0003773   0.00114436  0.0063481 ]
 [ 0.04694898  0.00299873  0.0367075  -0.03299436  0.04602517  0.02446853 -0.02873242  0.0531707   0.0635332  -0.02073871  0.02729782  0.02247346 -0.00529195  0.00304385  0.00602952]
 [ 0.0263905  -0.01400927  0.04729049 -0.03994594  0.03830056  0.02932684 -0.00836245  0.05549612  0.0650259  -0.01968015  0.02133238  0.00471915  0.00973859 -0.0075604   0.00134514]
 [ 0.03464608 -0.00789437  0.05311988 -0.03255827  0.0386348   0.02232428 -0.01807448  0.05782749  0.06635223 -0.02296883  0.02041234  0.01363426  0.0089859  -0.0079358   0.00312889]
 [ 0.02988886 -0.00909849  0.04369016 -0.03608644  0.03914016  0.02620653 -0.01512278  0.05627588  0.06547846 -0.0228375   0.02410592  0.01247527  0.00937627 -0.00711614  0.00348645]
 [ 0.01620509 -0.03488841  0.10401425 -0.03881128  0.02556167  0.02481502  0.0086715   0.06704251  0.07170703 -0.01609741 -0.00756695 -0.02324011  0.02714527 -0.02240838 -0.00543283]
 [ 0.00807572 -0.02152396  0.03512127 -0.05360664  0.03815403  0.04351046  0.00675291  0.04501541  0.0592625  -0.01669251  0.02595357 -0.02232676  0.00707508  0.00402535 -0.00429107]
 [ 0.017941   -0.02089117  0.0393049  -0.0503672   0.04354108  0.03903502  0.00657797  0.04723871  0.05839613 -0.01646947  0.01762829 -0.01260431  0.00593593 -0.00108145 -0.00348149]
 [ 0.00399377 -0.0301326   0.05892083 -0.05063421  0.03169134  0.03790553  0.01004975  0.05293939  0.06461848 -0.01718104  0.01613487 -0.02417105  0.0178189  -0.00635394 -0.00693171]
 [ 0.00522772 -0.02234251  0.03807472 -0.05623443  0.03351034  0.04504423  0.00075244  0.04866271  0.06034007 -0.01974542  0.02361826 -0.0404002   0.00717398  0.00241705 -0.00105533]
 [-0.00783336 -0.04844223  0.09555484 -0.06116904  0.0135123   0.04725927  0.01739886  0.07408934  0.07805749 -0.00847785 -0.00513579 -0.05823427  0.02993637 -0.01680864  0.00080106]]
topics:
[[ 5.55432551e-02  2.54093017e-02  1.32200792e-01 -3.90350521e-02 -3.81333083e-02  6.59220740e-02 -5.51735982e-02  3.60727566e-03  7.58652985e-02  7.63146281e-02  1.21137559e-01 -1.69079691e-01 -9.32580456e-02  5.78476787e-02 -3.31065543e-02]
 [ 1.05913430e-01 -9.69426855e-02  9.46152583e-02 -1.41488135e-01  7.58492649e-02  9.57715139e-02  4.32016030e-02  1.64923593e-01  1.04521893e-01  7.25940689e-02 -1.46431938e-01  1.06358109e-02 -2.25344803e-02 -6.12518452e-02  6.43635616e-02]
 [-2.01900229e-01 -1.11586332e-01 -6.65044636e-02 -1.05326250e-01 -7.59395808e-02  1.19794831e-01 -3.65976505e-02  1.88627660e-01  1.59336448e-01 -5.89592271e-02  7.05520064e-02 -9.80425179e-02  1.70384064e-01 -1.60711795e-01  7.10380375e-02]
 [ 3.39645296e-02  7.16411136e-03 -4.86931130e-02 -5.32454886e-02  7.28789866e-02  4.65922840e-02 -6.36248011e-03  1.84516907e-02  4.02342416e-02 -1.88535731e-02  5.74288107e-02  2.96783969e-02 -2.51065083e-02  2.36359593e-02 -3.62939993e-03]
 [-7.17970878e-02 -6.88119382e-02  1.35510281e-01 -5.72849847e-02  5.42588457e-02 -2.22899280e-02  5.88703342e-02  1.64644495e-02  1.51779819e-02 -1.30584702e-01 -6.20775111e-02 -9.97128710e-02  7.70386532e-02  5.08880951e-02 -5.63018546e-02]
 [ 1.38847187e-01  1.61914267e-02  2.31509700e-01  1.15462430e-01  2.05707505e-01 -9.90656018e-02 -4.37313393e-02 -9.79608074e-02 -5.77239878e-02 -7.46679604e-02 -1.36512741e-01 -6.16475269e-02 -7.65324309e-02 -3.20128687e-02 -1.97881773e-01]
 [ 2.65403115e-03 -1.13450661e-01  2.15277120e-01 -8.78017599e-05  8.91542658e-02 -2.96538211e-02  2.14726716e-01  5.55150360e-02  7.53016025e-02  1.73615068e-02 -8.87243375e-02  3.02536517e-01  1.32857665e-01 -3.46686952e-02 -7.92744085e-02]
 [ 2.01905608e-01  1.80951029e-01  1.39026582e-01  8.18563774e-02 -4.06565629e-02 -8.12445208e-02 -2.93667853e-01  8.43447596e-02  1.22058161e-01 -4.59589176e-02  1.58508524e-01  1.29882187e-01 -8.21428448e-02  1.18118003e-01  6.71491176e-02]
 [ 8.04637969e-02 -5.24826869e-02  1.75280422e-01  5.43474630e-02 -6.51415586e-02 -6.43240511e-02  1.06535845e-01  6.45500422e-02  8.44176784e-02  5.43869399e-02  1.02078825e-01  7.66881481e-02  1.00197054e-01 -2.84920216e-01 -2.59884950e-02]
 [ 4.53598648e-02  6.87593641e-03  1.38212606e-01 -2.58856709e-03  6.80946186e-02 -5.31514827e-03  6.96842745e-02  1.90817006e-02  7.27686007e-03 -7.94832259e-02 -8.87192264e-02 -6.68063089e-02  3.36825438e-02  5.05264029e-02  1.61747411e-02]]
R:
[[0.01207622 0.11915246 0.08625172 0.4344057  0.01207622 0.01207622 0.03476645 0.19611381 0.01207622 0.08100506]
 [0.02730111 0.24678797 0.21707551 0.02730111 0.02730111 0.16014268 0.08515695 0.02730111 0.02730111 0.1543314 ]
 [0.01977977 0.11198536 0.09380268 0.38885275 0.01977977 0.05917158 0.03221709 0.1949976  0.01977977 0.05963367]
 [0.0204089  0.10012988 0.12355135 0.38259307 0.02653001 0.05033841 0.03871496 0.15044652 0.0204089  0.08687805]
 [0.02308348 0.09789521 0.09933393 0.42923754 0.02907551 0.04846421 0.03724228 0.13053167 0.02308348 0.08205272]
 [0.02195342 0.10175956 0.08709334 0.46634966 0.02230959 0.0489445  0.03410574 0.13271815 0.02195342 0.06281266]
 [0.0689026  0.09525387 0.11411652 0.3820625  0.06849803 0.0353318  0.05098026 0.08170147 0.0353318  0.06782117]
 [0.03894984 0.09864821 0.11690469 0.35625085 0.05668122 0.0501176  0.0505634  0.11899931 0.03894984 0.07393502]
 [0.04056204 0.08738817 0.11827252 0.4011644  0.0552147  0.0401458  0.04827432 0.10325445 0.03569277 0.07003087]
 [0.15354247 0.14987874 0.1535815  0.04752561 0.12927438 0.05849232 0.08640695 0.06656807 0.04752561 0.10720436]
 [0.15238869 0.06413049 0.10539    0.43875694 0.10047875 0.00728491 0.0456878  0.00720633 0.00720633 0.07146972]
 [0.11324852 0.09277561 0.09333704 0.43336722 0.08693438 0.02270791 0.04289014 0.01941355 0.01941355 0.07591217]
 [0.16190428 0.08599979 0.12982613 0.29746783 0.13443106 0.02077644 0.0680577  0.02077644 0.02077644 0.05998389]
 [0.16124856 0.08162519 0.12062901 0.3885376  0.12671943 0.0098313  0.0098313  0.0098313  0.0098313  0.08191507]
 [0.25561038 0.16879456 0.18952633 0.00987883 0.15924917 0.01079371 0.07698359 0.00987883 0.00987883 0.10940576]]
distance_matrix:
[[1.9587679  2.3083618  1.9426332  1.9654478  1.9872091  1.9840477  2.0946593  2.020758   2.0396779  2.2833402  2.337687   2.258342   2.34629    2.3432524  2.562024  ]
 [1.5414958  1.9377124  1.5222279  1.5686265  1.5842242  1.574486   1.6917337  1.6125885  1.6383436  1.8717592  1.9553988  1.8646383  1.9474022  1.9698226  2.180262  ]
 [1.5045648  2.007177   1.5214785  1.5507691  1.559461   1.5479763  1.6453133  1.5932795  1.602513   1.8550086  1.8401892  1.7805872  1.8557158  1.8698987  2.0887547 ]
 [1.6916456  1.8902817  1.7095076  1.6677644  1.6547221  1.6597457  1.6731663  1.6709099  1.6659914  1.7907059  1.7467153  1.7115415  1.7717701  1.7750477  1.9239465 ]
 [0.82872725 1.0003242  0.81943625 0.79265666 0.78733444 0.78619915 0.8091723  0.7900253  0.79121935 0.9367126  0.9443925  0.89236915 0.94467086 0.9795259  1.1286612 ]
 [0.570993   0.85974777 0.5741502  0.5634146  0.55243874 0.5467473  0.5920868  0.5745919  0.5748137  0.749513   0.71039927 0.6609678  0.7378769  0.73126376 0.9274195 ]
 [0.39255723 0.5476147  0.39681685 0.34011194 0.32100835 0.3238773  0.30260068 0.31896448 0.3056304  0.4158284  0.34595138 0.32333505 0.3651057  0.36825752 0.52301586]
 [0.4781816  0.6370944  0.4617932  0.43405578 0.4271999  0.43223608 0.42091736 0.41681504 0.42069426 0.47645885 0.5022573  0.4730828  0.48836216 0.515183   0.60990435]
 [0.5766469  0.7487241  0.5719651  0.5238044  0.5066697  0.5072608  0.49640664 0.50522536 0.49423003 0.6237073  0.5610352  0.53046453 0.5795051  0.5714241  0.7518505 ]
 [0.6731343  0.6789042  0.66407907 0.5930686  0.5663237  0.57005197 0.522203   0.5548188  0.5404494  0.5898106  0.5340148  0.51252806 0.5468823  0.54952407 0.66283935]
 [1.966824   1.8025883  1.9669313  1.8174055  1.7629069  1.7774193  1.6177692  1.7237141  1.6799403  1.6320786  1.462697   1.4940574  1.5004467  1.4729073  1.5604875 ]
 [1.3487089  1.370356   1.3604479  1.2826185  1.256899   1.2637639  1.1964954  1.238687   1.2227976  1.2398783  1.1910317  1.1739714  1.1961094  1.1853191  1.2686826 ]
 [1.1288953  0.999802   1.1185256  1.0014149  0.9717816  0.98868555 0.83501464 0.9068792  0.8835566  0.79321074 0.77179223 0.7861105  0.74111915 0.7800962  0.7769425 ]
 [1.4675725  1.3624742  1.4685446  1.3480756  1.3185662  1.336045   1.2059283  1.2728139  1.2466176  1.2031281  1.1441092  1.1542486  1.1367582  1.1515975  1.192509  ]
 [1.4834292  1.4001766  1.4695748  1.3621991  1.3215404  1.328021   1.2204329  1.2908685  1.2612201  1.2608166  1.1476271  1.1574048  1.1656324  1.1739979  1.2662463 ]]
