hid1:
[[0.         0.         0.         0.         0.18442309 0.31992698 0.         0.0289176  0.37927997 0.17924482 0.12484812 0.22201468 0.5611166  0.14438868 0.25912887]
 [0.         0.04354611 0.         0.         0.27197197 0.2716507  0.03376425 0.1980001  0.3591278  0.29230726 0.11498906 0.37296942 0.45374078 0.1594263  0.43681625]
 [0.0874044  0.01183032 0.         0.         0.30905768 0.18496837 0.         0.1421633  0.3321524  0.26444808 0.15472826 0.27752715 0.40035468 0.04908262 0.46530932]
 [0.00092985 0.00367983 0.07777774 0.13977432 0.24957925 0.22851284 0.07708725 0.26377964 0.38321653 0.22542049 0.10284295 0.2502228  0.32949853 0.30654767 0.35279974]
 [0.         0.16435918 0.         0.         0.         0.13791975 0.03072329 0.         0.         0.12634589 0.08586728 0.         0.         0.         0.10005377]
 [0.10231675 0.18874489 0.11883257 0.15108265 0.28887492 0.2933925  0.         0.11221747 0.31491408 0.20515251 0.1281166  0.29707876 0.3032351  0.29034558 0.37484223]
 [0.09555309 0.16051108 0.24355121 0.12545446 0.16835205 0.15945274 0.08182632 0.1849342  0.18650779 0.19891329 0.11930222 0.22162122 0.14934741 0.07197074 0.21383688]
 [0.12480858 0.19324474 0.22930913 0.18415372 0.27826956 0.20195755 0.0208223  0.16312917 0.2553318  0.19753477 0.13343489 0.32421887 0.31479818 0.18323791 0.34637994]
 [0.135872   0.14493895 0.13527404 0.17813845 0.25459936 0.17692304 0.02199164 0.26363704 0.2537995  0.22408326 0.16534594 0.29792723 0.26720452 0.12289144 0.34308195]
 [0.12313485 0.12120827 0.2772764  0.132139   0.18041842 0.14185643 0.0912674  0.17406368 0.1606968  0.19516094 0.10606816 0.22184843 0.05691104 0.10555965 0.35071608]
 [0.         0.         0.5203208  0.14864779 0.         0.         0.10387542 0.         0.         0.         0.         0.         0.         0.         0.        ]
 [0.19708224 0.14160767 0.28678164 0.16097939 0.08123121 0.12003127 0.21637024 0.24866453 0.18919921 0.21405065 0.15430644 0.03026166 0.         0.11461911 0.        ]
 [0.22310229 0.17990755 0.4450351  0.27766815 0.14068745 0.0974396  0.20836678 0.18181199 0.11307433 0.18663554 0.148729   0.23846641 0.02754484 0.1980863  0.10062834]
 [0.16080669 0.13665228 0.46419662 0.26343584 0.08501709 0.05117688 0.20363042 0.25844908 0.05657684 0.22381876 0.1681289  0.1028     0.         0.11793467 0.        ]
 [0.3805937  0.28915924 0.         0.         0.         0.3286529  0.11112142 0.         0.         0.         0.2684108  0.         0.         0.         0.        ]]
hid2:
[[-0.06237756 -0.00658225 -0.04410006 -0.02236437  0.08410159  0.10680506 -0.02576998  0.12890704  0.11251757  0.16499314  0.05251845  0.12743755  0.21018958 -0.04346765  0.13104075]
 [-0.1022846  -0.0360296  -0.07331442 -0.04062152  0.09726846  0.10230001 -0.03686969  0.15146239  0.11014214  0.19537657  0.04180345  0.13146351  0.24969417 -0.07118973  0.13935061]
 [-0.05179624  0.0004409  -0.03589579 -0.01711048  0.0829481   0.10602656 -0.02446919  0.12150743  0.1113232   0.15648161  0.05292766  0.12477224  0.19933191 -0.03759736  0.12635696]
 [-0.01539509  0.02879143 -0.0152588  -0.00321331  0.07425308  0.10984667 -0.02925074  0.10198555  0.11392958  0.1300534   0.06278676  0.1187009   0.16418394 -0.01518989  0.12189037]
 [-0.04608532  0.00594966 -0.03692656 -0.01834434  0.0825988   0.10627053 -0.03742442  0.1191155   0.11169828  0.15287171  0.05460843  0.11888227  0.19263868 -0.0352201   0.12797824]
 [-0.02102253  0.02450718 -0.01825039 -0.00528646  0.0748032   0.10983504 -0.02715977  0.10537061  0.11403638  0.1342228   0.06193105  0.12035429  0.16974284 -0.01816099  0.12309985]
 [ 0.01174367  0.0374745   0.01440153  0.00683504  0.06619899  0.10337784 -0.01535645  0.08117823  0.10571303  0.10560586  0.05726156  0.09971847  0.12660645 -0.00262933  0.09999742]
 [-0.02500275  0.01551843 -0.01517953 -0.00783359  0.07739281  0.10336916 -0.02457125  0.10366841  0.10755496  0.1347443   0.05299104  0.11124387  0.16764708 -0.02409806  0.11389074]
 [-0.01556539  0.0168148  -0.00360608 -0.00532227  0.07443316  0.09957098 -0.01994488  0.09561276  0.1030724   0.12559058  0.04909468  0.1009348   0.15234683 -0.02056359  0.10391709]
 [ 0.01270725  0.04644106  0.00853003  0.0107206   0.06708404  0.10983579 -0.01808957  0.08388983  0.11246849  0.10760008  0.06597207  0.11371432  0.13484995  0.0019115   0.11046944]
 [ 0.04488316  0.07237724  0.0289097   0.02546038  0.0571162   0.11535935 -0.0130271   0.06722562  0.11655946  0.08428456  0.07710006  0.11385378  0.10558169  0.0243692   0.10758174]
 [-0.08228046 -0.03356913 -0.04007466 -0.02607987  0.0903357   0.0953603  -0.00053929  0.13235258  0.1010737   0.17487447  0.03393191  0.12317596  0.22192462 -0.06015032  0.11391617]
 [ 0.07228802  0.04976077  0.11240491  0.05559212  0.04401284  0.08919134  0.10291497  0.02732659  0.08528404  0.04622317  0.04143649  0.09185492  0.05142431  0.03366054  0.0314175 ]
 [ 0.04658092  0.07941986  0.01181811  0.01470073  0.05985244  0.11761707 -0.05671974  0.07142744  0.12021571  0.08671913  0.08194035  0.10289972  0.10359243  0.02147173  0.12061363]
 [ 0.03708296  0.04562083  0.0702098   0.04572185  0.05405673  0.1027118   0.08544721  0.05620591  0.10096995  0.07940912  0.05565551  0.12688819  0.10664616  0.02262529  0.06780513]]
topics:
[[ 4.34075743e-02  2.69360002e-02  1.68065503e-01 -5.78633323e-02 -1.37885744e-02  9.37861800e-02 -8.89972746e-02  1.55075695e-02  8.66036862e-02  1.14785999e-01  9.84978378e-02 -1.19509280e-01 -7.88236558e-02  4.70614620e-02 -3.86815444e-02]
 [ 1.15505978e-01 -1.08114772e-01  1.04807839e-01 -1.45391598e-01  6.44616783e-02  7.54346550e-02  6.10885918e-02  1.27749518e-01  8.24609771e-02  6.09474853e-02 -1.66305602e-01 -3.83758694e-02 -2.33938340e-02 -6.36398345e-02  5.72941788e-02]
 [-1.15926020e-01 -3.79109308e-02 -9.55409929e-02 -5.13948314e-02  9.96143073e-02  1.08021140e-01 -5.98492213e-02  1.65302426e-01  1.17101915e-01  2.09362075e-01  4.83616665e-02  1.36549369e-01  2.67699718e-01 -7.76304156e-02  1.57626823e-01]
 [ 3.11513320e-02  1.35213304e-02 -4.69726622e-02 -5.30042984e-02  7.08646923e-02  4.26237434e-02 -9.84270405e-03  1.15115205e-02  3.62408273e-02  5.75610576e-03  5.33023924e-02  3.14362012e-02 -2.21446455e-02  2.35728454e-02 -2.44685099e-03]
 [-8.61738399e-02 -3.15588973e-02  1.14944212e-01 -1.57180019e-02  4.87822145e-02 -4.10874607e-03  1.26356095e-01 -9.36918193e-04 -2.97896471e-02  8.18962008e-02 -6.17186353e-02 -1.29288048e-01  7.48391896e-02  7.78125674e-02 -5.45939133e-02]
 [ 1.78440735e-01  5.42016663e-02  2.37641349e-01  1.38535932e-01  2.07771599e-01 -7.36394152e-02  1.13947899e-04 -1.58436254e-01 -7.11505562e-02 -7.68610016e-02 -1.45967826e-01 -6.68904558e-02 -9.43894014e-02 -2.06193011e-02 -2.14058414e-01]
 [ 8.17880849e-04 -5.28063513e-02  2.00074941e-01  1.04770042e-01  4.41023819e-02  5.93553893e-02  4.07707512e-01  2.62710471e-02  4.81829904e-02  7.07878396e-02 -1.85717940e-02  1.65226325e-01  1.16544515e-01  9.54820495e-03 -6.22814707e-02]
 [ 2.76625216e-01  2.76068270e-01  1.28927454e-01  1.06191963e-01  1.14218425e-03  1.56941339e-01 -9.26297083e-02 -4.36792523e-02  1.51916966e-01 -7.50489160e-02  1.64681450e-01  8.87847692e-02 -1.03230111e-01  1.74891651e-01  1.17162310e-01]
 [ 8.74176770e-02 -7.30483979e-02  1.83090821e-01  9.48808044e-02 -9.19558927e-02  1.24691628e-01  1.97901160e-01  4.62478884e-02  1.25000075e-01 -1.48787750e-02  1.06467433e-01  2.73990054e-02  4.13287431e-02 -2.71669328e-01 -3.17250118e-02]
 [ 7.91597217e-02 -2.31524999e-03  1.38199612e-01  9.54970941e-02  9.10480171e-02 -1.67719238e-02  3.55072953e-02  3.74564938e-02 -4.15385235e-03  8.75312760e-02 -9.38488618e-02  3.95083874e-02  1.87848192e-02  6.74757436e-02  1.72567274e-02]]
R:
[[0.00427196 0.00427196 0.79316384 0.00427196 0.00862151 0.00427196 0.0714735  0.10110943 0.00427196 0.00427196]
 [0.00305086 0.00305086 0.9204571  0.00305086 0.00305086 0.01522124 0.04296561 0.00305086 0.00305086 0.00305086]
 [0.00406901 0.00406901 0.7618204  0.00406901 0.00930357 0.01295601 0.07448588 0.12108915 0.00406901 0.00406901]
 [0.00551369 0.00551369 0.6686869  0.00551369 0.00941031 0.01565936 0.06858093 0.21009393 0.00551369 0.00551369]
 [0.0066128  0.0066128  0.75699854 0.0066128  0.01480421 0.01757305 0.042296   0.13526422 0.0066128  0.0066128 ]
 [0.00540409 0.00540409 0.68138444 0.00540409 0.00937194 0.01144862 0.0728698  0.19790474 0.00540409 0.00540409]
 [0.02046071 0.02046071 0.536019   0.02046071 0.02794336 0.02591253 0.07534967 0.23247184 0.02046071 0.02046071]
 [0.0118826  0.0118826  0.6683888  0.0118826  0.01939045 0.0262652  0.06323308 0.16330947 0.0118826  0.0118826 ]
 [0.02002023 0.02002023 0.6139147  0.02002023 0.03081369 0.03154892 0.05935445 0.16426706 0.02002023 0.02002023]
 [0.00761124 0.00761124 0.57173383 0.00761124 0.0111882  0.02055834 0.0927922  0.26567125 0.00761124 0.00761124]
 [0.00608139 0.00608139 0.48385245 0.00608139 0.00867946 0.01132481 0.11349197 0.35224438 0.00608139 0.00608139]
 [0.01054    0.01054    0.7926487  0.01054    0.01347265 0.02245007 0.10818858 0.01054    0.01054    0.01054   ]
 [0.03335111 0.03335111 0.1729827  0.03335111 0.03335111 0.03335111 0.3147993  0.27876025 0.03335111 0.03335111]
 [0.01180782 0.01180782 0.5290478  0.01180782 0.01391056 0.01977886 0.01180782 0.3664159  0.01180782 0.01180782]
 [0.0031015  0.0031015  0.36778173 0.0031015  0.00449756 0.01073491 0.32377577 0.27770254 0.0031015  0.0031015 ]]
distance_matrix:
[[ 5.606758   5.587342   5.6527944  5.85326    5.650882   5.816821   6.3292875  5.873376   6.0545626  6.2033916  6.666153   5.8065014  8.654047   6.510607   7.532503 ]
 [ 5.712752   5.233574   5.859837   6.367145   5.8453307  6.2946596  7.289748   6.3768997  6.735658   7.059383   7.841267   5.930525  11.023655   7.4470716  9.26574  ]
 [ 4.3978505  4.197896   4.484486   4.762993   4.443518   4.720993   5.4938917  4.8335342  5.1235385  5.2690935  5.832955   4.737431   8.748189   5.462985   7.237733 ]
 [ 3.8129945  3.8379908  3.8574615  4.016656   3.8707647  3.9831293  4.6319714  4.1380224  4.4015303  4.3641605  4.755429   4.1512117  7.1079845  4.6218762  5.697397 ]
 [ 1.752075   2.4284477  1.6319625  1.3203535  1.6093488  1.3521128  1.1246483  1.3700744  1.2829894  1.150592   1.1197834  1.9915593  1.5463744  1.2104404  1.3908846]
 [ 4.9232125  5.177616   4.9044604  4.783489   4.805571   4.7988806  5.301916   5.007775   5.2379203  5.0010614  5.187624   5.564174   8.047338   4.804354   6.743412 ]
 [ 3.5150218  4.2134223  3.4151902  3.1165714  3.4632945  3.135966   3.245649   3.3427134  3.438304   2.987122   2.874827   3.9448552  3.8901198  3.1053371  3.0837543]
 [ 5.2135158  5.7314997  5.1544766  4.954721   5.1824064  4.9641886  5.3279133  5.218457   5.4186907  4.97556    4.971286   5.7378464  6.7602844  5.0493975  5.576111 ]
 [ 4.0593405  4.538558   4.007124   3.8279562  4.0218396  3.8361433  4.1911945  4.067814   4.2562385  3.8720098  3.903283   4.56535    5.7229834  3.9341726  4.581237 ]
 [ 8.777121   9.871923   8.597339   8.022521   8.691623   8.07196    8.037735   8.404759   8.498529   7.6333203  7.18454    9.371281   7.7890186  7.6629047  7.006091 ]
 [13.002123  14.186397  12.771196  12.237265  12.958202  12.28049   11.768985  12.384476  12.248933  11.661767  11.241486  13.068719   9.814557  12.121225   9.887762 ]
 [ 5.550532   6.5123982  5.3916388  5.00448    5.560981   5.0248356  4.8741655  5.212438   5.22097    4.641705   4.355909   5.76515    3.9715183  5.056584   3.5068552]
 [12.373257  13.934476  12.095066  11.211449  12.2229    11.2952795 10.894925  11.66687   11.647991  10.49141    9.694087  13.019419   9.330835  10.450827   8.954308 ]
 [15.52206   16.925415  15.2817    14.614328  15.52467   14.660414  14.364097  14.992099  15.002824  13.965753  13.31034   15.889028  12.356894  14.351557  11.896916 ]
 [ 9.255682  10.802435   8.944265   7.95865    8.899964   8.077866   7.3271637  8.262838   8.0540085  7.2180047  6.4866047  9.892235   6.172598   6.8215885  6.439474 ]]
