hid1:
[[0.14104679 0.         0.28333643 0.         0.13430037 0.09988032 0.03628934 0.10621625 0.04590098 0.1202571  0.         0.05487686 0.1307637  0.01769004 0.        ]
 [0.158822   0.         0.24998364 0.         0.12502182 0.09450185 0.04633284 0.13960813 0.         0.12143379 0.         0.05151431 0.139057   0.         0.        ]
 [0.14264709 0.         0.23631045 0.         0.13577123 0.10675591 0.08642172 0.12535536 0.         0.03866806 0.         0.06984767 0.1904116  0.         0.        ]
 [0.08120972 0.         0.1936974  0.         0.08071878 0.         0.06168827 0.00263631 0.         0.08690296 0.         0.09058689 0.10166938 0.         0.        ]
 [0.11118631 0.         0.17925653 0.         0.08482505 0.04795176 0.04431375 0.08505582 0.         0.10203549 0.         0.07444561 0.10862324 0.03964644 0.        ]
 [0.073424   0.         0.16498993 0.         0.07785824 0.         0.04374339 0.02717542 0.         0.08519606 0.         0.07028283 0.1089064  0.         0.        ]
 [0.10905228 0.         0.13699913 0.         0.05234575 0.         0.02983567 0.06871707 0.         0.08594351 0.         0.06234939 0.08520585 0.02648505 0.        ]
 [0.09768354 0.         0.13554753 0.         0.07068231 0.         0.03468872 0.03772885 0.         0.08113402 0.         0.06563896 0.05628731 0.         0.        ]
 [0.08134371 0.         0.1733246  0.         0.04669593 0.         0.03862203 0.06012739 0.         0.07150855 0.         0.07805406 0.10216852 0.         0.        ]
 [0.12250485 0.         0.07575446 0.         0.03787999 0.         0.05308172 0.08641333 0.         0.09592139 0.01473773 0.08482369 0.06970789 0.         0.        ]
 [0.01972042 0.         0.         0.00773092 0.         0.         0.14481558 0.0722997  0.         0.09955783 0.10878591 0.15441303 0.05467691 0.         0.        ]
 [0.0154619  0.         0.06017969 0.         0.07488552 0.         0.07142273 0.         0.         0.06975026 0.04448362 0.07197566 0.08263215 0.         0.        ]
 [0.03448379 0.         0.         0.0417684  0.         0.         0.1190833  0.05253972 0.         0.12826204 0.11133786 0.1267404  0.08158992 0.         0.        ]
 [0.         0.         0.         0.003923   0.         0.         0.1699148  0.03777906 0.         0.08758323 0.1178668  0.12604986 0.06379265 0.         0.        ]
 [0.         0.         0.         0.         0.         0.         0.16102405 0.0684583  0.         0.10255745 0.1280347  0.17560366 0.0820599  0.         0.        ]]
hid2:
[[ 0.05109564 -0.01094348  0.19677842  0.01957584  0.07263219  0.00567523  0.04885629  0.04911888 -0.00322813  0.06689797  0.00303441  0.07672615  0.10661661  0.02442379 -0.03071559]
 [ 0.06870058 -0.01400807  0.20324098  0.0327425   0.07416668  0.00704891  0.0582948   0.05292645  0.00294152  0.07177885  0.00633653  0.09000418  0.10725941  0.02123706 -0.02529732]
 [ 0.06414368 -0.00488799  0.17426912  0.01957642  0.06878036  0.00433565  0.04175957  0.0467265  -0.00269466  0.06375134 -0.00296791  0.07313646  0.08960027  0.0188289  -0.02434231]
 [ 0.07922722  0.00227917  0.14051802  0.01627691  0.06722698  0.00653405  0.03304753  0.04097473  0.00189221  0.05796008 -0.0104694   0.06551454  0.06378277  0.01674745 -0.01631293]
 [ 0.07592174  0.00099797  0.14866555  0.01783902  0.06821689  0.00583102  0.03527214  0.04114758  0.00069165  0.05933031 -0.0086831   0.06665892  0.06953816  0.01925993 -0.01858564]
 [ 0.07333164 -0.00021242  0.16288689  0.02032682  0.0699973   0.00445029  0.03537398  0.04119323 -0.00108391  0.05862885 -0.00648165  0.06811613  0.07615709  0.02554123 -0.02121896]
 [ 0.07524673  0.00513813  0.06892362  0.00570574  0.06013804  0.02231345  0.05843902  0.05243788  0.0173856   0.07928209  0.01840004  0.08591021  0.0612568  -0.0148706   0.00057343]
 [ 0.07763383  0.00161702  0.14444277  0.0168761   0.06856886  0.00661877  0.03391034  0.03993708  0.00180615  0.0580491  -0.0103183   0.06489048  0.06549408  0.0197759  -0.01784876]
 [ 0.07881784  0.0034436   0.12580495  0.01517415  0.0657735   0.00830378  0.03641517  0.04151443  0.00382318  0.06013797 -0.00526989  0.06881705  0.06169583  0.00983169 -0.01434132]
 [ 0.07632155  0.00302688  0.05257222  0.01040518  0.0539284   0.02570374  0.08304886  0.06641937  0.02085222  0.10358442  0.03284458  0.10409633  0.07793855 -0.03572837  0.01091436]
 [ 0.05504749 -0.00059588 -0.0324872   0.00314616  0.05240929  0.05202365  0.14719228  0.09204134  0.0448187   0.14959797  0.10623713  0.15309797  0.11211073 -0.0766466   0.03604618]
 [ 0.06858262  0.00361792  0.02189662  0.00126231  0.0548391   0.03555242  0.09137359  0.06871638  0.02975237  0.10720154  0.04928114  0.11076339  0.07587659 -0.04248679  0.01602193]
 [ 0.05939332  0.00130885 -0.01214838  0.00448871  0.05328146  0.04503125  0.12878121  0.08337474  0.03827592  0.13557133  0.08803209  0.13927858  0.10150648 -0.06427779  0.02834277]
 [ 0.05918746  0.00109139 -0.03656094  0.00763529  0.05103283  0.05033145  0.15009752  0.09257093  0.0439048   0.15263267  0.10937317  0.15683942  0.11295603 -0.07937086  0.03811777]
 [ 0.05855723 -0.00114612 -0.01658744  0.00618682  0.05089439  0.04742144  0.14223221  0.09136835  0.04044799  0.14855109  0.09470701  0.14819434  0.11212543 -0.07386832  0.03327018]]
topics:
[[ 0.10048044  0.04472319  0.04887805 -0.04466867 -0.01782788  0.06690691 -0.00671475  0.00333996  0.06423841  0.12742814 -0.1511354   0.02770968 -0.10986158  0.06350233 -0.04412887]
 [ 0.09956813 -0.08376219  0.12830326 -0.15839338  0.05939144  0.10494465 -0.0016261   0.15943922  0.09610592  0.05689326 -0.20176011 -0.01693388 -0.00736526 -0.08585923  0.06822788]
 [ 0.04698518 -0.0022075  -0.08993482  0.00983192  0.04742325  0.06570976  0.20157763  0.1143515   0.05833195  0.19138163  0.16466494  0.19906588  0.14537178 -0.11402993  0.05637268]
 [ 0.03938689  0.02278467 -0.04588138 -0.05980085  0.08559252  0.05606106 -0.00073714  0.00652518  0.04643969  0.00143351  0.04080436  0.0426196  -0.02653259  0.02702485 -0.00876295]
 [-0.05075164  0.00262308  0.17081088 -0.05209286  0.07467756 -0.00503159  0.02553959  0.00671741 -0.0460825   0.08660484 -0.09023672 -0.06539848  0.10426425  0.08252911 -0.0670699 ]
 [ 0.19630153  0.05174457  0.26275277  0.16749386  0.23481064 -0.14893332 -0.02312426 -0.13585989 -0.1538545  -0.10571513 -0.17904983 -0.02211065 -0.07767905 -0.04985459 -0.2313077 ]
 [-0.06283653 -0.06207743  0.32081497 -0.00061924  0.07904747  0.01667633  0.08681893  0.08329199 -0.00582876  0.0683908   0.06435329  0.13124605  0.22188784 -0.01916286 -0.08576187]
 [ 0.2991653   0.21518725  0.06935058  0.10777882 -0.03920786 -0.15330759 -0.31072766  0.03401852 -0.14040808 -0.17412598  0.16248892  0.17311588 -0.08054889  0.08987896  0.09026105]
 [ 0.12671514 -0.09322234  0.19448477  0.12306565 -0.10380173 -0.0917218  -0.05647625  0.06301548 -0.02837515 -0.04282701 -0.05883522  0.09969725  0.09000842 -0.26452348 -0.0087882 ]
 [ 0.26402584  0.03592516  0.20088136  0.1320944   0.10743973 -0.01106651  0.0557944  -0.00172312  0.01389006  0.10225358 -0.07975025  0.03042109  0.01008981  0.19303994  0.04493114]]
R:
[[0.02603558 0.04120465 0.08068547 0.05362481 0.12556674 0.02603558 0.3944318  0.04129655 0.02603558 0.18508334]
 [0.03179234 0.04649472 0.09959635 0.03179234 0.03179234 0.03179234 0.42315122 0.03179234 0.03179234 0.2400037 ]
 [0.03726292 0.05472391 0.10430418 0.06248808 0.12860306 0.03726292 0.31145102 0.0515222  0.03726292 0.17511876]
 [0.0465729  0.06795263 0.11542191 0.12696363 0.12032571 0.0465729  0.20457499 0.0528892  0.0465729  0.1721532 ]
 [0.04392584 0.05994248 0.10955142 0.11691379 0.12345914 0.04392584 0.22928233 0.05095466 0.04392584 0.17811869]
 [0.03822976 0.05152578 0.08797567 0.10965656 0.11919083 0.03822976 0.27144402 0.05239685 0.03822976 0.19312105]
 [0.05875792 0.06755424 0.29241416 0.15724076 0.09489027 0.04254258 0.09843417 0.04254258 0.04254258 0.1030807 ]
 [0.04476235 0.06193616 0.10583415 0.13271083 0.12029052 0.04476235 0.21655612 0.04904805 0.04476235 0.1793371 ]
 [0.04968917 0.06326784 0.14673938 0.13908118 0.11611824 0.04968917 0.17940523 0.05108229 0.04968917 0.1552384 ]
 [0.0643001  0.07525662 0.4294287  0.04267677 0.0996661  0.04267677 0.07158418 0.04267677 0.04267677 0.08905718]
 [0.02247013 0.03736484 0.7286485  0.06743535 0.04421778 0.01265252 0.02996738 0.01265252 0.01265252 0.03193848]
 [0.05706144 0.06668436 0.47054142 0.12091178 0.076594   0.03229721 0.04974262 0.03229721 0.03229721 0.06157274]
 [0.03334076 0.04011993 0.6427426  0.0792545  0.05991151 0.02020055 0.03972955 0.02020055 0.02020055 0.04429964]
 [0.02401255 0.03093641 0.7547676  0.0464659  0.04298228 0.01618561 0.01618561 0.01618561 0.01618561 0.03609278]
 [0.03337351 0.04745143 0.707167   0.01807692 0.06218484 0.01807692 0.03676296 0.01807692 0.01807692 0.0407526 ]]
distance_matrix:
[[0.40448332 0.43418074 0.4757234  0.69892645 0.63151276 0.5345021  1.2313088  0.66293824 0.79068077 1.5823796  2.7394295  1.7982106  2.3592527  2.9085205  2.604367  ]
 [0.47272074 0.49008548 0.5606532  0.8036083  0.7311462  0.6257102  1.3415377  0.7649796  0.8977461  1.6908576  2.8228772  1.9031886  2.449111   2.9926238  2.6917043 ]
 [0.4495877  0.48061526 0.49367285 0.68554807 0.6263455  0.5460375  1.125668   0.6553968  0.75664747 1.4395261  2.4812722  1.6251879  2.1298265  2.6394048  2.3623662 ]
 [0.2573272  0.32006216 0.17299843 0.20382228 0.18347561 0.16989344 0.4632697  0.19400525 0.23342755 0.71765685 1.6656132  0.8677551  1.3393822  1.800217   1.557998  ]
 [0.24640083 0.3341775  0.13839686 0.13614193 0.1226691  0.11937255 0.40483457 0.12829232 0.1656017  0.6809612  1.7009106  0.8381362  1.353941   1.8376212  1.5859225 ]
 [0.28312027 0.34925854 0.17468    0.17054108 0.15874267 0.15893811 0.39354515 0.16423225 0.19099513 0.6494249  1.5885385  0.7863437  1.2632735  1.7221112  1.4858992 ]
 [0.4054082  0.5270236  0.1956541  0.06439653 0.0816136  0.13243997 0.18210727 0.07233769 0.0590336  0.41053903 1.3422413  0.53466    1.0178938  1.4603791  1.2389059 ]
 [0.34393412 0.4566123  0.15669459 0.0547547  0.06511217 0.10445827 0.19986391 0.05940956 0.05553213 0.43497956 1.3750213  0.5646051  1.0485566  1.4962425  1.2703924 ]
 [0.32304013 0.44533134 0.15574884 0.08300248 0.0872435  0.11691421 0.26165688 0.08543402 0.09104648 0.5064071  1.4791093  0.6464751  1.1442146  1.6054041  1.368364  ]
 [0.7938073  0.92294484 0.47670448 0.22176269 0.27133143 0.38716137 0.0627982  0.25107598 0.15949038 0.14975518 0.7770794  0.20751983 0.5367963  0.8606048  0.7022429 ]
 [2.1064644  2.212123   1.673285   1.3089724  1.3926804  1.5964204  0.610571   1.3705447  1.1452061  0.3462841  0.17140031 0.26701093 0.15710282 0.18515742 0.16456604]
 [1.0104498  1.1372956  0.6666808  0.38613254 0.444002   0.5820265  0.09022251 0.42324516 0.2972738  0.09335011 0.5155691  0.11304104 0.33212364 0.5830965  0.46008527]
 [1.9777731  2.0845423  1.5487645  1.1858531  1.2685492  1.4677515  0.5227046  1.2455844  1.0288535  0.2842911  0.16763365 0.21356893 0.13698399 0.1862638  0.15638983]
 [2.257069   2.37045    1.8229862  1.4606694  1.5444716  1.7514899  0.72996604 1.5235332  1.2916708  0.44153517 0.2094686  0.3530736  0.21105933 0.22013772 0.20671105]
 [2.457364   2.568668   2.0099874  1.639849   1.7265496  1.9411924  0.86393654 1.7066413  1.4622062  0.536238   0.23822236 0.44276583 0.2594638  0.23954189 0.23767948]]
