hid1:
[[0.00000000e+00 6.40049800e-02 5.38996458e-02 0.00000000e+00 2.77908873e-02 5.54024614e-02 6.18757643e-02 7.55004957e-02 7.50601962e-02 0.00000000e+00 3.96646373e-02 0.00000000e+00 0.00000000e+00 2.37717312e-02 0.00000000e+00]
 [0.00000000e+00 5.15623316e-02 0.00000000e+00 0.00000000e+00 1.31012695e-02 7.26218149e-02 7.68307522e-02 7.82806203e-02 9.24681425e-02 0.00000000e+00 6.01169318e-02 0.00000000e+00 0.00000000e+00 3.74860913e-02 0.00000000e+00]
 [0.00000000e+00 8.71776193e-02 0.00000000e+00 0.00000000e+00 2.95512355e-03 6.31740689e-02 6.85328245e-02 9.20177847e-02 8.75204653e-02 0.00000000e+00 5.90188093e-02 0.00000000e+00 0.00000000e+00 5.00407629e-02 0.00000000e+00]
 [0.00000000e+00 4.14746553e-02 0.00000000e+00 0.00000000e+00 2.02301703e-02 3.71933319e-02 9.64649990e-02 1.01495031e-02 3.54959443e-02 0.00000000e+00 4.35590744e-02 0.00000000e+00 0.00000000e+00 6.39810339e-02 0.00000000e+00]
 [8.53454276e-06 4.87387739e-02 8.47969111e-03 0.00000000e+00 4.42538597e-03 8.99777859e-02 7.29917660e-02 1.84917152e-02 3.73194702e-02 0.00000000e+00 2.06889790e-02 0.00000000e+00 0.00000000e+00 4.16975617e-02 0.00000000e+00]
 [0.00000000e+00 6.39156550e-02 8.45197402e-03 0.00000000e+00 2.70125158e-02 5.22786751e-02 7.78154880e-02 3.91054787e-02 5.29293045e-02 0.00000000e+00 5.31943701e-02 0.00000000e+00 0.00000000e+00 3.19002680e-02 0.00000000e+00]
 [3.32191214e-02 2.91005094e-02 1.26307476e-02 0.00000000e+00 3.59632038e-02 7.19951689e-02 3.98020260e-02 2.58600321e-02 3.75056006e-02 0.00000000e+00 2.74617150e-02 5.12207821e-02 2.17424110e-02 4.74798456e-02 0.00000000e+00]
 [6.20187493e-03 2.49953084e-02 1.55711947e-02 0.00000000e+00 1.92153007e-02 3.15134935e-02 2.88658440e-02 4.84637022e-02 2.67633069e-02 0.00000000e+00 4.36666422e-02 4.65847756e-04 6.49400940e-03 4.61516604e-02 0.00000000e+00]
 [5.65909129e-03 4.11002338e-02 1.30879749e-02 2.14288887e-02 3.86380367e-02 4.13765758e-02 5.48351966e-02 1.74285639e-02 2.27780528e-02 0.00000000e+00 1.60592720e-02 5.36082545e-03 6.27160678e-03 5.65160103e-02 0.00000000e+00]
 [1.32699357e-02 2.59814095e-02 3.81145887e-02 2.32783519e-02 3.72944623e-02 2.48112008e-02 4.03858721e-02 0.00000000e+00 9.01769195e-03 6.40510097e-02 1.81604922e-02 5.78238033e-02 3.75168622e-02 2.77772713e-02 0.00000000e+00]
 [6.50848821e-02 1.20677641e-02 8.79729614e-02 5.22267893e-02 4.52758856e-02 0.00000000e+00 4.14171219e-02 0.00000000e+00 1.05919568e-02 9.77802277e-02 0.00000000e+00 8.32699239e-02 1.08767375e-01 2.87619140e-02 0.00000000e+00]
 [2.73240358e-02 0.00000000e+00 5.74835800e-02 1.67839956e-02 5.75576164e-02 1.81600098e-02 5.18764481e-02 0.00000000e+00 7.81706721e-03 6.41218871e-02 1.99074112e-02 4.54677902e-02 2.53761373e-02 4.53510545e-02 0.00000000e+00]
 [7.79503062e-02 0.00000000e+00 6.93387166e-02 6.96082488e-02 5.63941151e-02 0.00000000e+00 2.28888206e-02 0.00000000e+00 1.90033542e-03 1.06351785e-01 0.00000000e+00 4.86739874e-02 1.10190280e-01 2.54814811e-02 0.00000000e+00]
 [7.41508007e-02 0.00000000e+00 8.47030580e-02 6.00942932e-02 6.24529235e-02 1.82963405e-02 1.70976352e-02 0.00000000e+00 0.00000000e+00 1.10349782e-01 0.00000000e+00 9.23397765e-02 8.30609575e-02 1.20311920e-02 0.00000000e+00]
 [3.19375210e-02 2.58355327e-02 8.54096264e-02 6.45970330e-02 4.18907627e-02 1.93105720e-03 3.19122919e-03 0.00000000e+00 1.59680787e-02 8.34731385e-02 5.82284760e-03 4.40965593e-02 7.08850399e-02 2.67512444e-02 0.00000000e+00]]
hid2:
[[ 3.15371752e-02  4.58186083e-02  4.36942503e-02  3.35949138e-02  3.82420905e-02  4.44654524e-02  4.85977679e-02  1.48645220e-02  1.71161536e-02 -9.80185345e-03  4.25902680e-02  2.02018861e-02  2.07229145e-03  6.36075810e-02  9.88072529e-03]
 [ 3.75698358e-02  4.93557602e-02  4.27820906e-02  3.88085023e-02  3.97576652e-02  5.11692427e-02  5.85989803e-02  1.60500109e-02  1.92705616e-02 -1.00676101e-02  5.13914190e-02  2.15043537e-02 -2.14695930e-03  6.57428801e-02  1.11216772e-02]
 [ 2.80603115e-02  3.57328542e-02  4.57013026e-02  2.87114196e-02  3.72970104e-02  3.90311368e-02  3.91974449e-02  1.70823000e-02  1.80142466e-02 -7.80049711e-04  3.42790708e-02  2.58434024e-02  1.02218352e-02  5.01538180e-02  7.57085532e-03]
 [ 2.98270807e-02  3.75117734e-02  4.56996933e-02  3.04128285e-02  3.78826186e-02  4.09263931e-02  4.28430848e-02  1.69831347e-02  1.83540359e-02 -1.09268539e-03  3.65000777e-02  2.56003384e-02  9.17480327e-03  5.18748760e-02  7.72914337e-03]
 [ 2.89659891e-02  3.41736376e-02  4.70874682e-02  2.93893814e-02  3.80831212e-02  3.90404835e-02  4.11775149e-02  1.78418905e-02  1.90014578e-02  3.85467336e-03  3.34761627e-02  2.79696379e-02  1.39271989e-02  4.73974347e-02  6.53310446e-03]
 [ 3.00757885e-02  3.66460867e-02  4.68530729e-02  3.01415473e-02  3.80201191e-02  4.00152765e-02  4.24413197e-02  1.68607607e-02  1.82227958e-02  1.23905577e-03  3.45683843e-02  2.63140220e-02  1.11259371e-02  5.03660813e-02  6.82033552e-03]
 [ 3.08772884e-02  2.62440778e-02  5.18139228e-02  2.94593424e-02  3.95041406e-02  3.62997055e-02  4.06727716e-02  2.08446961e-02  2.18008719e-02  2.03323606e-02  2.83392034e-02  3.63482311e-02  2.66172476e-02  3.47608253e-02  3.18964990e-03]
 [ 3.03820968e-02  3.52522098e-02  4.76408117e-02  3.05116810e-02  3.85082662e-02  3.97804305e-02  4.31891158e-02  1.76586919e-02  1.90860815e-02  4.63880412e-03  3.42030227e-02  2.80377548e-02  1.40221212e-02  4.82757315e-02  6.32508146e-03]
 [ 2.81852558e-02  2.96813156e-02  4.87934500e-02  2.78051160e-02  3.81787829e-02  3.70412879e-02  3.91340852e-02  1.87643282e-02  1.96300633e-02  9.56321880e-03  2.93515828e-02  3.09203491e-02  1.88731886e-02  4.09050137e-02  4.79153451e-03]
 [ 3.13946307e-02  2.16193087e-02  5.47185801e-02  2.92231552e-02  4.04108241e-02  3.44203636e-02  4.07031626e-02  2.23264843e-02  2.32590120e-02  2.98519116e-02  2.45415550e-02  4.08139005e-02  3.46086249e-02  2.76565421e-02  9.52478498e-04]
 [ 4.09411527e-02  1.44098420e-02  6.80510104e-02  4.45503779e-02  5.13797179e-02  3.40461805e-02  6.61558211e-02  3.27654295e-02  3.69845927e-02  8.17803442e-02  2.88324859e-02  6.26281276e-02  8.17862079e-02  1.63602624e-02 -4.31832997e-03]
 [ 3.31519470e-02  1.76142752e-02  5.82521781e-02  3.15800831e-02  4.27332111e-02  3.36996242e-02  4.53004315e-02  2.50413176e-02  2.65202150e-02  4.34176177e-02  2.34865174e-02  4.69874330e-02  4.65212315e-02  2.14833971e-02 -1.07962452e-03]
 [ 3.99591997e-02  1.28749330e-02  6.67878613e-02  4.15213071e-02  4.94418368e-02  3.29991393e-02  5.95219322e-02  3.20701003e-02  3.53353061e-02  7.71826506e-02  2.68210489e-02  6.16508052e-02  7.62834996e-02  1.38833895e-02 -3.98637308e-03]
 [ 1.49969151e-02  6.90191938e-03  4.78597917e-02  3.98745388e-03  2.83117183e-02  2.23227181e-02 -2.56950688e-03  1.62816439e-02  1.15313949e-02  1.55634712e-03 -9.01985914e-05  3.18440311e-02  9.25725326e-03  9.32165701e-03 -3.88972927e-04]
 [ 3.97694670e-02  1.40962806e-02  6.67233691e-02  4.23213467e-02  5.00642993e-02  3.39787342e-02  6.29197285e-02  3.17676254e-02  3.55340093e-02  7.66332373e-02  2.75279451e-02  6.07586876e-02  7.67933279e-02  1.58286802e-02 -4.11237776e-03]]
topics:
[[ 1.21024763e-03  1.12414202e-02  8.32921192e-02 -2.93417014e-02 -1.75183974e-02  4.14466001e-02 -5.61095066e-02 -1.12935547e-02 -2.92971195e-03 -7.12468708e-03 -6.38356581e-02  8.17507878e-02 -5.68542294e-02  3.63784470e-02 -3.53038795e-02]
 [ 5.67890629e-02 -3.03323194e-02  6.44753277e-02 -9.03108343e-02  3.37320752e-02  4.39985916e-02  1.56641304e-02  7.38876611e-02  5.50148450e-02  3.85109223e-02 -1.08790837e-01  6.37548370e-03  1.36905024e-02 -5.41399494e-02  4.76619229e-02]
 [-1.47950917e-01 -1.26695484e-01 -5.47939911e-02 -6.33127838e-02  1.85500812e-02  3.17734666e-02 -4.41966690e-02  9.38360691e-02  7.79104903e-02 -5.60005791e-02  5.43109700e-02  6.68806583e-02  4.51348871e-02 -9.46277305e-02  4.93226051e-02]
 [ 1.53136728e-02  8.22415762e-03 -2.50114053e-02 -2.88794711e-02  4.70097587e-02  2.48046648e-02 -7.10763875e-03  1.05217472e-03  2.24663671e-02 -7.93548115e-03  1.24835940e-02  2.64188349e-02 -5.35532553e-03  8.76619015e-03 -1.62721984e-03]
 [-4.97324616e-02  5.74408052e-03  4.82835956e-02 -2.09214091e-02  3.47967036e-02  2.40856595e-03  2.72184871e-02 -1.36906386e-03  1.95435691e-03 -2.09379140e-02 -5.40934652e-02 -7.16427108e-03  5.67947030e-02  3.96611020e-02 -1.63787473e-02]
 [ 7.43905976e-02  6.62675453e-03  1.30376264e-01  5.67367487e-02  1.13106690e-01 -7.17402026e-02 -4.82177883e-02 -7.84098431e-02 -6.06872402e-02 -6.55765161e-02 -1.02302402e-01 -2.49705706e-02 -5.65521084e-02 -2.29704995e-02 -1.13594711e-01]
 [ 7.49800801e-02  1.96726918e-02  9.55388099e-02  9.60714817e-02  8.12564045e-02  4.81471904e-02  1.53149143e-01  5.55114523e-02  7.09442645e-02  1.91281691e-01  6.38228282e-02  1.06159076e-01  1.79217368e-01  1.83925182e-02 -1.06713250e-02]
 [ 8.11725035e-02  3.99246551e-02  4.59966175e-02  2.61447839e-02 -5.80299459e-03 -3.97504270e-02 -2.30757192e-01  3.66090238e-02 -1.49467232e-04  2.28138585e-02  6.94582164e-02  7.13571757e-02 -4.57212366e-02  4.93592061e-02  6.00053146e-02]
 [ 4.80919257e-02  2.05124001e-04  7.28418827e-02  4.93426062e-02 -6.63749427e-02  7.45034367e-02  3.78409214e-02  1.57370791e-02 -4.34525311e-02  5.47165573e-02  6.09857477e-02  6.41869232e-02  1.09699117e-02 -1.02450550e-01 -6.30572019e-03]
 [ 4.13305908e-02  8.29541907e-02  2.94073112e-02  4.31511179e-02  3.56156416e-02  6.56229779e-02  6.82837814e-02  2.95087206e-03  7.81517755e-03 -6.71395585e-02  7.14204237e-02 -8.30057077e-03 -5.33483699e-02  1.11993574e-01  2.08540149e-02]]
R:
[[0.02292071 0.02292071 0.03354397 0.02292071 0.11314665 0.02292071 0.15185037 0.05016049 0.02292071 0.5366949 ]
 [0.02628144 0.02628144 0.04143428 0.02628144 0.02628144 0.02628144 0.16979463 0.02628144 0.02628144 0.60480106]
 [0.03326908 0.03326908 0.04809318 0.03326908 0.13035627 0.03326908 0.16446072 0.06351879 0.03326908 0.42722556]
 [0.03317903 0.03317903 0.04627219 0.03317903 0.11314309 0.03317903 0.16920054 0.0558418  0.03317903 0.44964725]
 [0.03594766 0.03594766 0.04836636 0.03594766 0.12383406 0.03594766 0.18152773 0.05895672 0.03594766 0.4075768 ]
 [0.03498045 0.03498045 0.04228875 0.03498045 0.12073684 0.03498045 0.17431562 0.05668677 0.03498045 0.43106976]
 [0.04724382 0.04724382 0.05304008 0.04724382 0.1107922  0.04724382 0.23187487 0.05988045 0.04724382 0.30819336]
 [0.036169   0.036169   0.04424898 0.036169   0.11735582 0.036169   0.18668558 0.05583638 0.036169   0.41502827]
 [0.04189131 0.04189131 0.05206421 0.04189131 0.12895635 0.04189131 0.19437613 0.05940461 0.04189131 0.3557421 ]
 [0.05317504 0.05317504 0.05397835 0.05317504 0.11280132 0.05317504 0.26050216 0.05935344 0.05317504 0.2474895 ]
 [0.04442911 0.04442911 0.04442911 0.04442911 0.1058199  0.04442911 0.47744173 0.05203494 0.04442911 0.0981288 ]
 [0.05556507 0.05556507 0.05556507 0.05556507 0.10729609 0.05556507 0.3120101  0.05556507 0.05556507 0.19173838]
 [0.05021842 0.05021842 0.05021842 0.05021842 0.0967923  0.05021842 0.45110902 0.05807672 0.05021842 0.0927114 ]
 [0.08474785 0.08474785 0.08474785 0.08474785 0.17447776 0.08474785 0.08474785 0.09197415 0.08474785 0.14031318]
 [0.04786856 0.04786856 0.04786856 0.04786856 0.10188442 0.04786856 0.45386702 0.05081975 0.04786856 0.10621737]]
distance_matrix:
[[0.6973775  0.7537985  0.7353072  0.72712266 0.7557348  0.7383271  0.90285796 0.75471914 0.80909336 1.0315689  2.0580277  1.2357174  1.9438822  1.2232474  1.9249026 ]
 [0.8105646  0.85735965 0.86827016 0.85662544 0.89238656 0.87099415 1.056778   0.8900151  0.95554864 1.1960856  2.237369   1.4085673  2.125959   1.418772   2.104855  ]
 [0.66186863 0.721601   0.6910093  0.6839081  0.70766866 0.6931444  0.84058124 0.7064159  0.7561102  0.960904   1.9360758  1.1523772  1.8270509  1.1812061  1.8085136 ]
 [0.5707782  0.65514123 0.52894616 0.5313376  0.5249469  0.52703625 0.5729738  0.5249349  0.53560174 0.6431056  1.4389192  0.7781619  1.3361056  0.8716208  1.3248    ]
 [0.45883447 0.55306363 0.4127059  0.4179747  0.41202796 0.41388768 0.46761113 0.4141413  0.42241383 0.5415344  1.3896527  0.6872903  1.2791628  0.7108767  1.2690991 ]
 [0.4205485  0.50851893 0.38507676 0.3886329  0.38771367 0.38711935 0.45653254 0.38977504 0.404042   0.5386723  1.4191905  0.69389296 1.3064917  0.7027298  1.2957677 ]
 [0.43953472 0.5555557  0.32596588 0.34062088 0.3069948  0.32494134 0.28431803 0.3109641  0.28291762 0.31277382 0.99833953 0.4072758  0.8917593  0.48532578 0.8899125 ]
 [0.3377015  0.44346356 0.25530052 0.26650536 0.24797022 0.257883   0.26925617 0.25246418 0.24184477 0.3239993  1.1279018  0.45179987 1.0125014  0.45698103 1.0087245 ]
 [0.32719082 0.43803835 0.24854791 0.25983214 0.24133813 0.25049776 0.26534313 0.24540031 0.23620427 0.32047606 1.115587   0.44762278 1.0041445  0.46714118 0.99828935]
 [0.6835821  0.7904284  0.50091004 0.5160694  0.44584143 0.4846099  0.29857033 0.44445837 0.37757456 0.25547826 0.5619575  0.24806476 0.487931   0.6298361  0.48914015]
 [1.9642918  2.0694394  1.6642174  1.6809213  1.5402771  1.618547   1.1612232  1.5273855  1.3937016  0.982159   0.47635853 0.7684163  0.4862206  1.8525007  0.48678315]
 [1.1474121  1.2604371  0.9115759  0.92899823 0.8281245  0.8837716  0.5842361  0.8227674  0.7252884  0.48365498 0.4650135  0.39213347 0.42398226 1.0410763  0.42490363]
 [1.8881049  2.0011897  1.5746773  1.5949858  1.4512787  1.5318928  1.0664542  1.4404337  1.3004936  0.8846489  0.39527714 0.6721772  0.39829922 1.712177   0.40277183]
 [1.6474075  1.7712259  1.360458   1.3818983  1.2525618  1.3244221  0.92054945 1.2444313  1.1190174  0.7682065  0.44782388 0.6001462  0.43617654 1.4940054  0.43910134]
 [1.3888302  1.4960201  1.1230017  1.1401161  1.0221565  1.087172   0.7172107  1.0132382  0.899843   0.5822172  0.36169064 0.43913877 0.33881068 1.2628399  0.342018  ]]
