hid1:
[[0.         0.         0.31863317 0.3129714  0.         0.2440279  0.23931548 0.         0.         0.19058603 0.         0.10777383 0.18511076 0.         0.        ]
 [0.         0.         0.32424426 0.         0.         0.23346834 0.17596136 0.         0.         0.252399   0.         0.02296532 0.0163055  0.         0.        ]
 [0.         0.         0.22935812 0.21381284 0.         0.17808118 0.14852965 0.         0.         0.21482237 0.         0.18196592 0.14841264 0.         0.        ]
 [0.         0.         0.2619045  0.13259245 0.         0.10121107 0.         0.         0.         0.05466002 0.         0.16856627 0.         0.         0.        ]
 [0.         0.         0.21829657 0.21444099 0.         0.15393992 0.08631051 0.         0.         0.1362963  0.         0.0670293  0.         0.         0.        ]
 [0.         0.         0.17983069 0.20621902 0.         0.17103697 0.00239043 0.         0.         0.16681758 0.         0.0883681  0.04815913 0.         0.        ]
 [0.         0.         0.05180919 0.         0.         0.         0.01092749 0.         0.04443671 0.         0.         0.         0.         0.         0.        ]
 [0.         0.         0.15105258 0.15335706 0.         0.1017718  0.         0.         0.         0.09263734 0.         0.00943203 0.02222271 0.         0.        ]
 [0.         0.         0.15573528 0.04693969 0.         0.01273421 0.07893851 0.         0.         0.05965022 0.         0.08377646 0.07447701 0.00677848 0.        ]
 [0.         0.         0.09898064 0.         0.         0.         0.         0.         0.         0.         0.06442803 0.         0.         0.         0.        ]
 [0.         0.         0.         0.         0.         0.         0.         0.         0.         0.00440441 0.         0.         0.         0.01558907 0.        ]
 [0.         0.         0.07349945 0.0653127  0.10376474 0.03973854 0.04596163 0.         0.         0.13132204 0.         0.         0.         0.         0.        ]
 [0.         0.         0.         0.         0.0745549  0.         0.         0.         0.14824893 0.         0.         0.         0.         0.         0.        ]
 [0.         0.         0.         0.         0.11957493 0.         0.         0.04391122 0.09794354 0.         0.         0.         0.         0.01744679 0.        ]
 [0.         0.         0.         0.         0.19321562 0.         0.         0.         0.13762332 0.         0.         0.         0.         0.07047407 0.        ]]
hid2:
[[-0.02514063 -0.07513122  0.16774383  0.09058961  0.04196865  0.10202409  0.00478387  0.01095917  0.06507166  0.0819172   0.02795675  0.00935439 -0.03063455  0.05976779 -0.00570471]
 [-0.10553742  0.01506624 -0.16981131  0.00592102  0.18965574  0.00685104 -0.06093692  0.03173977  0.06280939  0.06354727 -0.07890716 -0.03944048  0.31241676 -0.01113544 -0.2083695 ]
 [-0.02608639 -0.0731819   0.16211124  0.08889178  0.04334257  0.10022337  0.0041566   0.01082906  0.06457546  0.08127693  0.02700861  0.0110548  -0.02595061  0.05967877 -0.00840378]
 [-0.02770835 -0.07174835  0.1579088   0.08824357  0.04495232  0.09866647  0.00310267  0.00993076  0.0643892   0.08031082  0.02661288  0.01202775 -0.02121263  0.05984377 -0.01132718]
 [-0.03291549 -0.06368326  0.13503283  0.08235274  0.05160495  0.09060862 -0.00155693  0.00842859  0.06424268  0.0777291   0.02337021  0.01705675  0.00299519  0.05750451 -0.02503879]
 [-0.02978451 -0.06759484  0.14751263  0.08495049  0.04754709  0.09569877  0.00175107  0.01049149  0.0630106   0.07923274  0.0235782   0.01500309 -0.01145733  0.05890304 -0.0161826 ]
 [-0.03128484 -0.06481938  0.13899668  0.08270182  0.04955656  0.09243156  0.00045161  0.00925865  0.06299037  0.07808265  0.02349833  0.01795118 -0.00387052  0.05907816 -0.02098691]
 [-0.03259078 -0.06326118  0.13427126  0.08141871  0.05183275  0.0913009  -0.00080743  0.01021315  0.06300372  0.07811814  0.02108099  0.01651344  0.00222108  0.05702969 -0.0240224 ]
 [-0.03355142 -0.0607928   0.12772924  0.07961009  0.05217572  0.08902363 -0.00204423  0.01089399  0.06231804  0.07708547  0.02003772  0.0209755   0.0074426   0.05660928 -0.02606444]
 [-0.03690952 -0.05823665  0.11509179  0.07440194  0.06716636  0.08745129 -0.0025633   0.00971268  0.06468508  0.08096021  0.01194616 -0.00322315  0.02731979  0.04973329 -0.04215077]
 [-0.03643842 -0.05078899  0.10316686  0.07103699  0.05647479  0.08050246 -0.00483041  0.00980524  0.06112502  0.07518485  0.01717284  0.03048753  0.03031279  0.05508259 -0.0384649 ]
 [-0.03379785 -0.06431989  0.13345051  0.0834839   0.05045593  0.09002178 -0.00319583  0.01081173  0.0635474   0.07616543  0.02260166  0.02143873  0.00167249  0.05743112 -0.02277106]
 [-0.03241536 -0.05691979  0.12038054  0.07616878  0.05032121  0.08632009 -0.00525334  0.01597919  0.06390288  0.07863218  0.01704159  0.02586079  0.01792522  0.04942343 -0.02766657]
 [-0.04324337 -0.03597597  0.06629138  0.059443    0.06438072  0.06897982 -0.00969757  0.01015786  0.05703163  0.07098461  0.00913876  0.04391674  0.06449657  0.05290493 -0.05589778]
 [-0.04090023 -0.05284845  0.0948938   0.0692128   0.07534212  0.08057705 -0.0067356   0.00888911  0.06636724  0.08017629  0.00862936 -0.0053155   0.04887424  0.04570898 -0.05573764]]
topics:
[[-0.40909758 -0.24101964  0.26698604  0.62736017 -0.30470404  0.20967713 -1.6689122   0.15011303  0.27830565 -0.43797934  0.537637   -0.08134449  1.1010033  -0.8978168  -0.11616784]
 [ 0.4734953   0.14940567 -0.47859073 -0.51038295  0.03258805 -0.12498292  0.23360802  0.07073949  0.2811566   0.4558621   0.10806867 -0.12026026  0.26477274 -0.209349   -0.3005154 ]
 [ 0.2763471  -0.27604055  0.26745513 -0.23399988  0.3187722   0.23395306  0.29204926 -0.7612347   0.677238   -0.17543419  0.02144331 -0.4377246   0.06459296  0.09929142 -1.423372  ]
 [-0.03338891  0.15874232 -0.24848089 -0.04142581 -0.19133936 -0.09109195 -0.03392841  0.01713449 -0.07460581 -0.08134261  0.10954127  0.89020187  0.09316545  0.2243401   0.05377514]
 [-0.02428595 -0.07698309  0.17260504  0.09207015  0.04087575  0.10349888  0.0057982   0.01027688  0.06529772  0.08221078  0.02944075  0.00813814 -0.03570869  0.06095882 -0.00341892]
 [-0.2503118   0.01702794 -0.23386398  0.06021832  0.29769903 -0.04346528  0.07361891 -0.37183708 -0.09376842 -0.14423908  0.14800833  0.13856886  0.0902686   0.5155369  -0.32319424]
 [-1.2819259  -0.12296814 -0.47846702  0.6869536   1.1270175   0.19841179  0.51423126  0.14082624  0.0908612   0.04906959  0.08449206  0.48782775  1.0927515  -0.06160854  0.3161474 ]
 [-0.09743349  0.3223776   0.40922529 -0.14109953  0.25588718  0.27754733  0.27974197 -0.4074833  -0.08996279  0.23994273 -0.12444263 -0.52075064  0.58552444  0.12566137 -0.44138253]
 [-0.23813294 -0.32198834  0.2253068   0.94671834 -0.31523517 -1.1815557  -1.5491297   0.16009466  0.7813614   0.13842332  0.30601892 -0.14841866  0.7666215  -0.1395273  -0.32204387]
 [-0.2959898   0.0600728  -0.3022554  -0.03156591  0.38006458  0.2783615   0.0058036   0.6018702  -0.4094299   0.00202309 -0.9144199  -0.24298608  0.12810215 -0.10504802  0.12816954]]
R:
[[7.85453944e-04 2.80127185e-03 7.85453944e-04 3.36777954e-03 9.85980868e-01 7.85453944e-04 7.85453944e-04 1.24319957e-03 7.85453944e-04 2.67962902e-03]
 [5.81742525e-02 2.17212334e-01 5.81742525e-02 5.81742525e-02 5.81742525e-02 1.74090043e-01 5.81742525e-02 5.81742525e-02 5.81742525e-02 2.01477855e-01]
 [1.44396862e-03 5.73425600e-03 1.44396862e-03 6.64437516e-03 9.71031368e-01 3.68166505e-03 1.44396862e-03 2.12570326e-03 1.44396862e-03 5.00686141e-03]
 [2.22936715e-03 7.48728402e-03 2.22936715e-03 8.92772339e-03 9.57819045e-01 6.84264535e-03 2.22936715e-03 3.35017801e-03 2.22936715e-03 6.65556313e-03]
 [6.07706700e-03 2.02221479e-02 6.07706700e-03 2.19547022e-02 8.90572488e-01 1.77260097e-02 6.07706700e-03 9.14551597e-03 6.07706700e-03 1.60708055e-02]
 [3.56529304e-03 1.27000790e-02 3.56529304e-03 1.60007142e-02 9.28278625e-01 1.05935587e-02 3.56529304e-03 6.05276972e-03 3.56529304e-03 1.21131623e-02]
 [4.73884260e-03 1.73021741e-02 4.73884260e-03 2.09681652e-02 9.05128121e-01 1.58230457e-02 4.73884260e-03 7.33894156e-03 4.73884260e-03 1.44842099e-02]
 [5.75936213e-03 2.05834564e-02 5.75936213e-03 2.19449103e-02 8.90478909e-01 1.68164093e-02 5.75936213e-03 8.98083765e-03 5.75936213e-03 1.81580540e-02]
 [6.53915200e-03 2.33611520e-02 6.53915200e-03 2.85943560e-02 8.73229980e-01 1.81427225e-02 6.53915200e-03 9.72317904e-03 6.53915200e-03 2.07918845e-02]
 [9.65485256e-03 3.91140506e-02 9.65485256e-03 9.65485256e-03 8.32829833e-01 3.09590045e-02 9.65485256e-03 1.65025685e-02 9.65485256e-03 3.23202871e-02]
 [9.65083856e-03 3.74288000e-02 9.65083856e-03 4.69864532e-02 8.04295540e-01 2.73326840e-02 9.65083856e-03 1.59040969e-02 9.65083856e-03 2.94489749e-02]
 [6.19554939e-03 1.87749378e-02 6.19554939e-03 2.55384184e-02 8.90494347e-01 1.66906193e-02 6.19554939e-03 6.19554939e-03 6.19554939e-03 1.75239518e-02]
 [8.34152754e-03 2.99598053e-02 8.34152754e-03 4.00195345e-02 8.50318313e-01 8.34152754e-03 8.34152754e-03 1.26249995e-02 8.34152754e-03 2.53696237e-02]
 [1.43547617e-02 5.58358729e-02 1.43547617e-02 7.42447451e-02 6.99798644e-01 4.13691849e-02 1.43547617e-02 2.51183584e-02 1.43547617e-02 4.62141708e-02]
 [1.33467885e-02 5.32189421e-02 1.33467885e-02 1.33467885e-02 7.76470006e-01 4.20541503e-02 1.33467885e-02 2.01467741e-02 1.33467885e-02 4.13760245e-02]]
distance_matrix:
[[1.6889648  8.076897   1.697362   1.7074457  1.7857554  1.7320429  1.7641407  1.7839668  1.8100455  1.9305148  1.9585073  1.7857528  1.8406831  2.2939613  2.101554  ]
 [1.8484352  8.102178   1.8566675  1.8673462  1.9453456  1.8921946  1.9244753  1.942197   1.9709423  2.062361   2.1202755  1.9504132  2.004401   2.45891    2.2253401 ]
 [1.4292243  7.046873   1.4264922  1.4267173  1.4610219  1.4332901  1.4477408  1.4586955  1.4770803  1.5420246  1.5846988  1.4636145  1.5182201  1.8574318  1.6669608 ]
 [1.1377153  6.4690323  1.1295171  1.1229855  1.1299868  1.1189479  1.1236188  1.1304181  1.1428834  1.1976969  1.2244029  1.1346138  1.1822848  1.4576039  1.3033779 ]
 [0.9132636  6.43199    0.9095347  0.9076508  0.93359834 0.91118896 0.92382145 0.9323077  0.94946724 1.0077128  1.0511819  0.93731993 0.98682666 1.3136327  1.126581  ]
 [0.77061564 6.021758   0.7624371  0.7566924  0.76332754 0.7518809  0.75751746 0.76216614 0.7730157  0.82930493 0.8558675  0.76234835 0.8024744  1.088344   0.9324477 ]
 [0.7372793  5.347614   0.7168567  0.7014853  0.65540373 0.67428434 0.65980244 0.6555421  0.65097475 0.69188845 0.674696   0.6529259  0.6589047  0.8239913  0.7522445 ]
 [0.59419674 5.822413   0.5860965  0.58061206 0.58742297 0.57702166 0.5821464  0.58694047 0.5993121  0.645022   0.68232274 0.58961785 0.63148826 0.9185186  0.74476635]
 [0.5363204  5.458025   0.5216327  0.5104717  0.48747528 0.4925092  0.48771214 0.48688    0.48991293 0.53297836 0.53834844 0.48990488 0.50598085 0.72261983 0.6138813 ]
 [0.7950232  5.324202   0.7739128  0.7573311  0.7072785  0.72858936 0.71307975 0.7074264  0.70387256 0.72894835 0.72487146 0.70910895 0.7160754  0.8697071  0.7845216 ]
 [0.8439296  5.3299184  0.8215728  0.8042915  0.7501009  0.7736563  0.7560966  0.75025225 0.74487484 0.77270496 0.7604073  0.7506155  0.7556965  0.8977357  0.8252815 ]
 [0.58117914 5.266497   0.5625045  0.54896736 0.51134914 0.52430725 0.5135274  0.50986135 0.5077037  0.54675984 0.54008734 0.50973016 0.51779646 0.7003466  0.6137264 ]
 [0.92413616 4.426404   0.8854891  0.85508376 0.7291398  0.7912049  0.7494917  0.7273487  0.7010205  0.6967449  0.64007354 0.7256787  0.6770625  0.66045606 0.69121754]
 [1.2386825  4.0884795  1.1906958  1.1512777  0.9798128  1.0683305  1.0119016  0.97868663 0.94183403 0.90331084 0.8371613  0.9772469  0.9003987  0.7908712  0.8578904 ]
 [1.9180446  4.0286927  1.8557471  1.8035598  1.5711877  1.6930764  1.6141851  1.5705203  1.5163703  1.4600779  1.3462223  1.5668259  1.4603226  1.2001998  1.3695444 ]]
