hid1:
[[0.         0.17574835 0.         0.         0.23128918 0.02800464 0.02443634 0.10401147 0.         0.20775695 0.0431874  0.         0.48821545 0.         0.        ]
 [0.         0.18123558 0.         0.         0.24394844 0.04576827 0.02258785 0.11668355 0.         0.16683316 0.02580865 0.         0.44296643 0.         0.        ]
 [0.         0.09742794 0.         0.00616154 0.26088485 0.09469315 0.08071071 0.08134796 0.         0.17864753 0.04433521 0.         0.44018793 0.         0.        ]
 [0.         0.         0.01420458 0.03729178 0.12049577 0.09941818 0.07282058 0.12724116 0.01384741 0.13588679 0.11396449 0.03036252 0.16662946 0.         0.        ]
 [0.         0.0776158  0.         0.04047474 0.20753184 0.1373371  0.         0.0800109  0.         0.11481866 0.04894362 0.0039254  0.26883197 0.         0.        ]
 [0.         0.03618332 0.         0.06973603 0.1753889  0.14181355 0.09293218 0.07723009 0.0137617  0.13376781 0.11192465 0.         0.21166931 0.         0.        ]
 [0.         0.         0.09610632 0.07967071 0.13249004 0.10527364 0.         0.09245431 0.03378648 0.1202369  0.11101719 0.04305661 0.10771219 0.05168275 0.        ]
 [0.         0.         0.06536861 0.06506255 0.1303683  0.12179298 0.01064373 0.09934193 0.0395951  0.10928287 0.08251209 0.02693012 0.12236741 0.0035784  0.        ]
 [0.         0.         0.07754996 0.07405949 0.1324369  0.10700577 0.         0.04923351 0.02333389 0.11409374 0.10772857 0.07055902 0.15512304 0.02019859 0.        ]
 [0.         0.         0.1355655  0.07636475 0.08123131 0.08703382 0.         0.09064516 0.11882495 0.12642345 0.10531343 0.0775491  0.06206089 0.11389986 0.        ]
 [0.         0.         0.12694754 0.05642601 0.08034942 0.09800506 0.         0.06179132 0.09054887 0.11340197 0.0705113  0.10233191 0.03310966 0.12765232 0.        ]
 [0.         0.         0.12130277 0.09614195 0.12251797 0.09829229 0.         0.04885596 0.09058534 0.14195803 0.14570804 0.08039881 0.         0.04370991 0.        ]
 [0.         0.         0.15741564 0.12288702 0.02532235 0.03996949 0.         0.03571482 0.17738058 0.11636005 0.07971945 0.12684658 0.         0.11202484 0.        ]
 [0.         0.         0.18204217 0.06524171 0.04757291 0.08132736 0.         0.         0.13068172 0.13547172 0.11140712 0.17838684 0.         0.16760972 0.        ]
 [0.00778267 0.         0.14972953 0.0898062  0.04863855 0.02348882 0.         0.         0.12172013 0.11276087 0.03762177 0.13169463 0.         0.15284872 0.        ]]
hid2:
[[ 0.01820886  0.01059909 -0.00498169  0.03350464  0.10802577  0.07756589  0.00529802  0.09115946  0.12462801  0.17212819  0.03533964  0.03051152  0.19504881  0.01693182 -0.11016878]
 [ 0.06040945  0.12334242 -0.2335985  -0.02907512  0.19403803  0.040429    0.00265435  0.09528764  0.12304106  0.22341886 -0.0242184  -0.02711026  0.41991636 -0.03700101 -0.2671116 ]
 [-0.00716683  0.00303709 -0.0006944   0.05076718  0.12347712  0.07335296  0.00907772  0.0615955   0.11114337  0.14852045  0.05613164  0.06336521  0.17166921  0.05784463 -0.11014374]
 [-0.00456215  0.02127336 -0.03475436  0.03967163  0.13579011  0.06691216  0.00453139  0.0575653   0.10982725  0.15317062  0.04417961  0.05041693  0.21337852  0.04831965 -0.13885157]
 [-0.02487494 -0.05832459  0.11713408  0.08555616  0.08866029  0.09059691  0.01015915  0.05014557  0.1102689   0.1216316   0.09582435  0.08839504  0.03839047  0.10046525 -0.03850835]
 [-0.02564333 -0.05029839  0.10139617  0.08084568  0.09315301  0.08857729  0.00958096  0.05104216  0.1074083   0.12252069  0.08807874  0.08633678  0.05581474  0.0961044  -0.0466667 ]
 [-0.02351548 -0.08940615  0.1798394   0.10034964  0.0693502   0.1025376   0.01916281  0.05280198  0.11173273  0.11676622  0.11571468  0.09850327 -0.0398034   0.1201555   0.00493161]
 [-0.0223297  -0.06212411  0.12664752  0.08604794  0.08597808  0.09393746  0.01610152  0.05312721  0.10873006  0.1231161   0.09687656  0.09002645  0.02256202  0.10431234 -0.02859517]
 [-0.00813144 -0.01167438  0.02969047  0.05613312  0.11214232  0.0782608   0.01081686  0.06000059  0.10887281  0.14287113  0.06358983  0.06775457  0.13318107  0.06928684 -0.09074211]
 [-0.01582712 -0.05349444  0.1105402   0.07966635  0.09349503  0.09196743  0.01387428  0.05514418  0.11178072  0.13093174  0.09025446  0.07496852  0.04398611  0.09455594 -0.04450148]
 [-0.01850721 -0.0458848   0.09670171  0.07620356  0.09297435  0.088118    0.0122039   0.05300255  0.10971389  0.1283774   0.08691178  0.08204734  0.06060087  0.09247948 -0.05071402]
 [-0.02788206 -0.07143491  0.13974987  0.09362911  0.082055    0.09485658  0.0118706   0.05187929  0.10981815  0.11719925  0.10330514  0.09562345  0.00890352  0.10838607 -0.02032292]
 [-0.02006002 -0.06294377  0.12813197  0.08522187  0.08057673  0.09456514  0.01141983  0.06036003  0.11359466  0.12601787  0.09349965  0.08473533  0.02981608  0.09275442 -0.02686058]
 [-0.02324884 -0.09125508  0.18358415  0.10113619  0.06807888  0.10320706  0.01956216  0.05297872  0.11190413  0.11654568  0.1169015   0.09890372 -0.0444769   0.12122509  0.00738457]
 [-0.02335446 -0.09078316  0.1825778   0.10095435  0.06853405  0.10304523  0.01937018  0.05293685  0.11190391  0.11663505  0.11653205  0.09856077 -0.0430739   0.12083856  0.00660965]]
topics:
[[-0.4391602  -0.2062469   0.09715746  0.590486   -0.30096364  0.380138   -2.0126874   0.20216359  0.11717171 -0.4379093   0.6914473   0.10279545  1.3790754  -1.0689152  -0.10784125]
 [ 0.6213767   0.35450977 -0.43548235 -0.3305153   0.06585227  0.04246897  0.25091368  0.34112763  0.27359033  0.64340013 -0.06425904 -0.19548528  0.4533456  -0.24836613 -0.32912508]
 [ 0.37593114 -0.3712058   0.16946855 -0.39566612  0.30497336  0.38178194  0.3781341  -0.8488979   0.84360015 -0.16732536  0.25315633 -0.52526945  0.02946378  0.06492466 -1.5789068 ]
 [-0.09898279  0.15953511 -0.33479425 -0.03195371 -0.22406814 -0.10955394 -0.01910938 -0.02426322 -0.0878765  -0.1376914   0.10838167  0.8796263   0.15026848  0.27665013  0.02627373]
 [-0.02325433 -0.09140421  0.18387203  0.10122017  0.06800102  0.10325987  0.01959819  0.05298658  0.11191936  0.11651915  0.11700711  0.09895947 -0.04482751  0.12131679  0.00758124]
 [-0.27430373  0.08171033 -0.26137707  0.14858612  0.4412954  -0.04201885  0.05315812 -0.3805484  -0.105047   -0.10789571  0.22694571  0.3790957   0.16133693  0.56479394 -0.37648824]
 [-1.3413906  -0.06476655 -0.06168293  0.89053327  1.3215574   0.44806954  0.66531473  0.17290269  0.05781388  0.00900138 -0.04195945  0.5891103   1.3455169  -0.03510625  0.4312859 ]
 [-0.11524944  0.25921732  0.53962684 -0.3519322   0.22158636  0.264263    0.40383315 -0.5315944  -0.06680143  0.221357   -0.2675073  -0.6572451   0.56215864  0.17141053 -0.40448463]
 [-0.5466936  -0.41691545  0.06652446  0.9769069  -0.4524776  -1.5024612  -1.8327665   0.05027609  0.945267    0.05770009  0.4734792  -0.16166449  0.7566564  -0.04943662 -0.52121127]
 [-0.30455354  0.01348998 -0.39482075 -0.06452014  0.3821244   0.26611105 -0.02113798  0.58326054 -0.46949634  0.01645794 -0.85670364 -0.28630558  0.17034811 -0.11242159  0.19530058]]
R:
[[2.46268194e-02 1.91122532e-01 2.46268194e-02 4.63154130e-02 5.41750014e-01 2.46268194e-02 2.95034610e-02 3.29975188e-02 2.46268194e-02 5.98038100e-02]
 [4.45892699e-02 3.96705002e-01 4.45892699e-02 4.45892699e-02 4.45892699e-02 1.72815412e-01 4.94575016e-02 4.45892699e-02 4.45892699e-02 1.13486461e-01]
 [2.10250635e-02 1.58901602e-01 2.10250635e-02 4.33120988e-02 5.57414055e-01 7.41926506e-02 2.79697962e-02 2.59938668e-02 2.10250635e-02 4.91406508e-02]
 [2.57045422e-02 1.87538639e-01 2.57045422e-02 4.67320643e-02 4.67391491e-01 9.60042104e-02 3.08600478e-02 3.45759429e-02 2.57045422e-02 5.97839169e-02]
 [9.19193868e-03 5.12057506e-02 9.19193868e-03 1.98779181e-02 8.28948021e-01 3.04178484e-02 1.06671071e-02 1.23870429e-02 9.19193868e-03 1.89206004e-02]
 [1.07018286e-02 6.18249737e-02 1.07018286e-02 2.60070860e-02 7.90188491e-01 3.59677523e-02 1.27850585e-02 1.56169729e-02 1.07018286e-02 2.55041607e-02]
 [5.22976334e-04 2.98898411e-03 5.22976334e-04 1.28440093e-03 9.89699066e-01 1.86382746e-03 7.23374193e-04 7.37923954e-04 5.22976334e-04 1.13356521e-03]
 [6.48360234e-03 4.50586006e-02 6.48360234e-03 1.62359495e-02 8.58880877e-01 2.50438601e-02 8.71015806e-03 9.86084715e-03 6.48360234e-03 1.67589076e-02]
 [1.72073171e-02 1.31642818e-01 1.72073171e-02 3.76302674e-02 6.29692793e-01 6.17892221e-02 2.10783072e-02 2.33562086e-02 1.72073171e-02 4.31884527e-02]
 [9.10448097e-03 6.55162558e-02 9.10448097e-03 9.10448097e-03 8.18918884e-01 3.40617411e-02 1.00040128e-02 1.27143208e-02 9.10448097e-03 2.23668385e-02]
 [1.06979087e-02 7.19414055e-02 1.06979087e-02 2.48562768e-02 7.81642616e-01 3.59098949e-02 1.25482148e-02 1.64987948e-02 1.06979087e-02 2.45091561e-02]
 [6.15260750e-03 3.02528962e-02 6.15260750e-03 1.47131654e-02 8.89205217e-01 1.97990276e-02 7.84146972e-03 6.15260750e-03 6.15260750e-03 1.35777742e-02]
 [8.32087453e-03 4.89297323e-02 8.32087453e-03 2.00657006e-02 8.57220829e-01 8.32087453e-03 1.05710905e-02 1.11407796e-02 8.32087453e-03 1.87884513e-02]
 [3.76521239e-05 2.23309311e-04 3.76521239e-05 9.33491247e-05 9.99259412e-01 1.20740995e-04 3.76521239e-05 6.24729801e-05 3.76521239e-05 9.01410021e-05]
 [2.04768847e-04 1.02349475e-03 2.04768847e-04 2.04768847e-04 9.96548593e-01 6.47652778e-04 2.43322822e-04 2.72004894e-04 2.04768847e-04 4.45931684e-04]]
distance_matrix:
[[2.646295   2.5252633  2.6842752  2.3478556  4.5004296  4.2214227  5.9624443  4.730919   3.0541058  4.306689   4.095747   5.0377426  4.7248173  6.059016   6.0304546 ]
 [2.344439   2.468452   2.3671966  2.071835   4.0598946  3.7965927  5.4553447  4.2794175  2.7045488  3.8795393  3.6771095  4.5706997  4.2734776  5.5479956  5.5206704 ]
 [1.9642606  2.442597   1.9621043  1.7271023  3.4696255  3.2267413  4.7616596  3.6679385  2.2479293  3.3020375  3.1188812  3.9383075  3.6662946  4.8483267  4.822773  ]
 [0.7498472  3.5738976  0.6114197  0.7629843  0.9185798  0.8214649  1.5574678  1.0004699  0.5786128  0.84996915 0.77963364 1.1281253  1.0066936  1.6059783  1.5917265 ]
 [0.94550157 2.8250186  0.8500719  0.8367946  1.6496238  1.4880314  2.571167   1.7850728  0.94796896 1.5510157  1.4247491  1.9685498  1.7876797  2.6362202  2.6171265 ]
 [0.86294734 3.38378    0.6803533  0.77902925 1.109195   0.9971491  1.82601    1.2082604  0.6828114  1.0312217  0.95214474 1.3495203  1.2300166  1.8791199  1.8633908 ]
 [0.6853404  4.1002445  0.48564768 0.7231083  0.48051786 0.4202268  0.96673036 0.541229   0.37333846 0.44188404 0.3989992  0.63005245 0.5537932  1.0062834  0.9945413 ]
 [0.66914725 4.1687665  0.4861493  0.7408776  0.4426955  0.3887025  0.90081775 0.49697804 0.36301827 0.40323436 0.36698186 0.58195627 0.50495744 0.9386834  0.9274279 ]
 [0.7186861  4.2801557  0.4879737  0.748271   0.40506256 0.35212064 0.8557465  0.46057725 0.35609937 0.37862396 0.3390833  0.5379665  0.47773874 0.893312   0.8821989 ]
 [1.0702555  5.5457973  0.8107575  1.2249135  0.25505447 0.2629106  0.43632758 0.2596836  0.55005944 0.25655103 0.2687366  0.28608394 0.27858627 0.4579941  0.45155048]
 [1.0869621  5.6482525  0.81692374 1.2468168  0.22013247 0.23282123 0.3795172  0.22094703 0.54584324 0.22886062 0.24162567 0.24130511 0.2405411  0.39994657 0.39395142]
 [1.135957   5.7910404  0.86099267 1.310107   0.20782387 0.23024285 0.33271194 0.20299876 0.5769861  0.21679103 0.24061656 0.21588337 0.22280526 0.35109425 0.34561288]
 [1.6398259  6.9328566  1.321397   1.8800486  0.3402475  0.40556836 0.28281927 0.30305755 0.952456   0.37726223 0.43140113 0.2769555  0.32650065 0.2905779  0.2883147 ]
 [2.1528902  7.811529   1.7932675  2.4074206  0.61893845 0.70722985 0.46533692 0.5676315  1.3760002  0.67448616 0.74629617 0.5170448  0.5956458  0.4675194  0.46682453]
 [1.775254   7.1415915  1.438343   2.001943   0.4133799  0.48194575 0.3417759  0.37603867 1.0579493  0.4553579  0.5128802  0.34446776 0.40288854 0.34868336 0.34658635]]
