hid1:
[[0.27955157 0.21676716 0.21871984 0.2576512  0.27773523 0.11794624 0.0327746  0.         0.09285846 0.         0.08830339 0.15231417 0.00489029 0.         0.017455  ]
 [0.32964292 0.19562666 0.16847825 0.28090453 0.20089494 0.0363267  0.         0.         0.13021708 0.         0.05711308 0.07525603 0.         0.03705693 0.05182219]
 [0.21596833 0.18561602 0.10117669 0.22820458 0.24649437 0.08881683 0.00577452 0.         0.0972751  0.         0.06614339 0.11032061 0.005744   0.14545996 0.        ]
 [0.264455   0.         0.         0.         0.11854406 0.         0.03032623 0.04467643 0.10818838 0.         0.09574477 0.         0.05150283 0.04908643 0.        ]
 [0.0771222  0.05295523 0.08576101 0.12204245 0.12948303 0.09698011 0.01639261 0.00265504 0.07632157 0.         0.08132898 0.09645132 0.11644115 0.21150105 0.        ]
 [0.01318769 0.02421919 0.         0.17550127 0.1597202  0.05535398 0.         0.00212983 0.00649281 0.         0.06342612 0.09660424 0.18846495 0.1726307  0.        ]
 [0.12524107 0.         0.03612736 0.07873471 0.         0.03033236 0.10595638 0.         0.         0.         0.19086117 0.         0.         0.18797374 0.        ]
 [0.0086976  0.02603363 0.01343377 0.08228507 0.08878518 0.12808912 0.01312225 0.12518948 0.054995   0.44952732 0.05664005 0.14452422 0.13828176 0.322737   0.        ]
 [0.         0.         0.         0.         0.09864058 0.         0.14118746 0.02769146 0.05113581 0.2514944  0.11547628 0.         0.         0.07389171 0.        ]
 [0.25674978 0.07889476 0.24346264 0.1287889  0.08421544 0.1510416  0.14731474 0.2182214  0.0781912  0.5618034  0.1375286  0.12634473 0.04934311 0.3300729  0.        ]
 [0.2338271  0.13197902 0.23359872 0.1941961  0.06984686 0.15413643 0.13531443 0.17930235 0.07544906 0.56744105 0.14897554 0.15693577 0.06090502 0.31376478 0.        ]
 [0.         0.00577559 0.05958279 0.         0.14102574 0.23051588 0.10201634 0.19114959 0.06406417 0.67104584 0.13989452 0.18512267 0.16015331 0.         0.        ]
 [0.05557964 0.16434038 0.190906   0.21275505 0.1308228  0.1760385  0.1722179  0.13692553 0.10985809 0.55891883 0.16548893 0.16933686 0.03005342 0.38110346 0.03500534]
 [0.         0.         0.         0.         0.         0.2129338  0.         0.2003034  0.130961   0.         0.         0.22366787 0.         0.         0.02249327]
 [0.         0.         0.06919533 0.         0.         0.22403291 0.         0.03467651 0.         0.         0.         0.09677821 0.         0.22497837 0.        ]]
hid2:
[[ 0.02233096  0.04284832  0.07955737  0.09454027  0.10320549  0.09125279  0.04501038  0.08803532  0.07565899  0.08508444  0.06815822  0.07499519  0.08363457  0.07842895 -0.02134645]
 [-0.11299103  0.05115033 -0.15459561  0.09156339  0.20407066 -0.03436239 -0.06261438  0.058191    0.05627222  0.06129445 -0.01616808 -0.0005686   0.36162135 -0.00288239 -0.18634123]
 [ 0.02957279  0.04464246  0.08976049  0.09603258  0.10120794  0.09542996  0.05387038  0.08643503  0.07501234  0.08635012  0.07712518  0.0835026   0.06024455  0.09184906 -0.0122728 ]
 [ 0.01057097  0.04591264  0.05978645  0.09283448  0.1105985   0.08039314  0.04166137  0.07530061  0.07037793  0.07992141  0.06716762  0.08107515  0.09757204  0.0861006  -0.03545116]
 [ 0.06027928  0.04531371  0.13757683  0.0979601   0.08762007  0.11645107  0.07655296  0.09550768  0.08230264  0.09703302  0.09556895  0.08806771  0.00154021  0.1070567   0.01948443]
 [ 0.06299085  0.04524902  0.1418002   0.09795013  0.08609223  0.11910524  0.07878697  0.09722873  0.08199227  0.09781893  0.09631025  0.08883762 -0.00461278  0.10846142  0.02336245]
 [-0.01838884  0.03319164  0.05655888  0.10606679  0.12940657  0.08056892  0.02687843  0.07036347  0.0572207   0.06753083  0.06018538  0.07177082  0.1132331   0.08824497 -0.04229458]
 [ 0.06329045  0.04550603  0.14143908  0.0978223   0.08613636  0.11887129  0.07890099  0.09747814  0.08211394  0.09808596  0.09627288  0.08872144 -0.00473429  0.1083646   0.02334872]
 [ 0.02971914  0.04349902  0.09477596  0.09728494  0.10180752  0.09769262  0.0550697   0.08607696  0.07412857  0.08610871  0.07838426  0.08306934  0.05561928  0.09431729 -0.00992045]
 [-0.01650823  0.03915666  0.04059823  0.10135397  0.13820817  0.06795453  0.02224379  0.0772581   0.06255091  0.07696668  0.05100408  0.05061513  0.13295768  0.07279059 -0.05434937]
 [-0.03337528  0.03752929  0.01514149  0.1005232   0.13421454  0.05974584  0.0107517   0.0645882   0.06019785  0.06396193  0.04889727  0.06956852  0.16256745  0.07070412 -0.06982219]
 [ 0.06207354  0.0449925   0.14084537  0.09842084  0.08637327  0.11862165  0.07802913  0.09689879  0.0820911   0.09730364  0.09647853  0.08924846 -0.00342674  0.10827889  0.0227093 ]
 [ 0.01838828  0.04006582  0.0800537   0.09834689  0.10588028  0.09203483  0.04200399  0.08989809  0.07459412  0.08335771  0.06782752  0.07351792  0.08428925  0.07751236 -0.02042739]
 [-0.02368676  0.03243003  0.05064818  0.10426169  0.13172935  0.07844747  0.02281307  0.06962812  0.05510711  0.06635124  0.05385063  0.06671935  0.12583365  0.08298159 -0.04784775]
 [ 0.05188883  0.04496377  0.12562579  0.09841378  0.0937823   0.10976051  0.06980784  0.09369263  0.08134411  0.09542672  0.09075621  0.08260767  0.01812476  0.10185308  0.00998648]]
topics:
[[-0.3065728  -0.12769179  0.05986083  0.51118124 -0.29967046  0.0310701  -1.7603775   0.21239144  0.25503156 -0.403453    0.5869298   0.06479196  1.1864358  -0.93250465 -0.11403359]
 [ 0.46396443  0.4796598  -0.52016467 -0.37380746  0.00799294 -0.29209405  0.21397263  0.20662886  0.27325094  0.46537066 -0.1528948  -0.14890233  0.41529548 -0.21871336 -0.31417084]
 [ 0.23163602 -0.09783244  0.14712627 -0.31107515  0.4659695  -0.13118261  0.07026523 -0.64047474  0.6194746  -0.1530872   0.6236149  -0.3870722   0.04258652  0.11047113 -1.3086785 ]
 [-0.01935736  0.1090967  -0.2727131  -0.0520323  -0.22278772  0.12660971  0.09544802 -0.04723929 -0.06802065 -0.12033325  0.04944028  0.75653195  0.08999246  0.25068027  0.01139562]
 [ 0.06717215  0.04534319  0.14806744  0.09821876  0.08417018  0.12199629  0.08180911  0.09875333  0.08291736  0.09926404  0.09865959  0.08955036 -0.01261412  0.11037368  0.02782457]
 [-0.27236128  0.11610847 -0.31279168  0.13010828  0.3315217  -0.1511026   0.04480721 -0.3119082  -0.09956644 -0.0784521   0.1969164   0.37299636  0.13080049  0.5212654  -0.28831103]
 [-0.9977451   0.10560787 -0.02842983  0.78722996  1.1510634  -0.15950786  0.43197545  0.09072012  0.07982702  0.01367706 -0.16176672  0.3736764   1.2426422  -0.06586578  0.32387823]
 [-0.01143481  0.10179298  0.5133706  -0.30711296  0.28254017  0.1223329   0.24767795 -0.45243862 -0.09994753  0.19745347 -0.20715463 -0.57906514  0.4765913   0.17789535 -0.40825757]
 [-0.29355967 -0.7422699   0.07836191  0.8634378  -0.4225726  -0.04067658 -0.41086718  0.10115629  0.7030252   0.14488956  0.24242249 -0.12982415  0.63251007 -0.09596209 -0.30597085]
 [-0.30753773 -0.04738174 -0.29893243  0.14428379  0.40806007  0.17991082 -0.11593533  0.5850237  -0.41438147  0.04166666 -0.53011346 -0.2373873   0.113088   -0.08944179  0.16995277]]
R:
[[0.01794659 0.03543813 0.01794659 0.04213067 0.76114815 0.01794659 0.01794659 0.02360039 0.01794659 0.04794953]
 [0.0674888  0.17296213 0.0674888  0.0674888  0.0674888  0.15832601 0.0674888  0.0674888  0.0674888  0.19629025]
 [0.01326041 0.02687424 0.01326041 0.03190431 0.80934626 0.026486   0.01326041 0.01616208 0.01326041 0.03618535]
 [0.01945948 0.04109592 0.01945948 0.0478217  0.70888907 0.04563545 0.01945948 0.02714274 0.01945948 0.05157718]
 [0.00262765 0.00535452 0.00262765 0.00479939 0.9647942  0.00585726 0.00262765 0.00316295 0.00262765 0.00552114]
 [0.00144369 0.00283171 0.00144369 0.00347959 0.97903514 0.00301621 0.00144369 0.00194988 0.00144369 0.00391264]
 [0.02381313 0.02381313 0.02381313 0.04317727 0.66364783 0.06345198 0.02381313 0.03602625 0.02381313 0.07463099]
 [0.00138891 0.00336388 0.00138891 0.00304505 0.979292   0.00321466 0.00138891 0.00162427 0.00138891 0.00390446]
 [0.0124844  0.02250673 0.0124844  0.02874486 0.8206455  0.02675575 0.0124844  0.01642351 0.0124844  0.03498609]
 [0.02664913 0.04848105 0.02664913 0.02664913 0.630928   0.06593232 0.02664913 0.03660544 0.02664913 0.08480751]
 [0.03271626 0.05277189 0.03271626 0.06569219 0.5440298  0.07384814 0.03271626 0.04227899 0.03271626 0.09051392]
 [0.00177052 0.00291875 0.00177052 0.00399432 0.9761997  0.00379037 0.00177052 0.00177052 0.00177052 0.00424411]
 [0.01870475 0.03212154 0.01870475 0.0394923  0.7607322  0.01870475 0.01870475 0.02227939 0.01870475 0.05185092]
 [0.02592075 0.02738777 0.02592075 0.04927099 0.6334026  0.06147707 0.02592075 0.04236747 0.02592075 0.08241113]
 [0.00574316 0.01219312 0.00574316 0.00574316 0.9254445  0.01287338 0.00574316 0.00648424 0.00574316 0.01428892]]
distance_matrix:
[[11.869286  16.130587  11.789273  11.87584   11.903263  11.9342    11.72117   11.938428  11.751108  11.88933   12.218432  11.925739  11.83119   11.802853  11.8210535]
 [14.664043  17.94063   14.690843  14.625016  15.045778  15.098274  14.424162  15.103676  14.672396  14.535224  14.724901  15.08672   14.631203  14.443037  14.904797 ]
 [11.708191  15.207173  11.689435  11.659149  11.971075  12.020233  11.528948  12.024158  11.670557  11.63385   11.859604  12.009377  11.684982  11.576538  11.846959 ]
 [ 2.1949599  5.8721094  2.203227   2.18533    2.5006905  2.544086   2.2203183  2.5464456  2.2064977  2.3181734  2.4781847  2.5349164  2.1939754  2.2628498  2.395225 ]
 [ 3.8492737  6.569981   3.91539    3.7817993  4.392617   4.455815   3.7539191  4.457872   3.9316933  3.776593   3.864353   4.4424534  3.841938   3.7653327  4.2314167]
 [ 5.251576   6.101892   5.464305   5.046937   6.384871   6.489236   4.8845816  6.4930735  5.512343   4.8448467  4.6527185  6.4667788  5.2412643  4.808048   6.115424 ]
 [ 3.8160784 10.267332   3.6310716  4.0096226  3.3138208  3.3008168  4.3570623  3.3002937  3.6046932  4.5571194  5.030882   3.3036234  3.8382804  4.527407   3.3729467]
 [ 4.642184   8.91771    4.60522    4.690037   4.750135   4.7830634  4.8860292  4.783083   4.6124206  4.966584   5.194209   4.775546   4.653445   4.972306   4.683477 ]
 [ 3.743571  10.926006   3.5425534  4.035487   3.0548477  3.0246325  4.3469214  3.0253685  3.4936466  4.562786   5.1911983  3.0327556  3.7553015  4.523014   3.147265 ]
 [16.464676  28.174995  15.916175  17.048428  14.402576  14.281402  17.668394  14.2801895 15.790737  18.107801  19.302107  14.3083935 16.490326  18.052467  14.754473 ]
 [15.534281  26.927845  15.032078  16.121668  13.609368  13.494662  16.740047  13.493669  14.918129  17.165731  18.28966   13.519479  15.556932  17.104494  13.94305  ]
 [ 9.3229885 16.187943   9.138309   9.626417   8.685145   8.66024   10.013505   8.658466   9.105858  10.153254  10.773662   8.666136   9.333916  10.198282   8.763634 ]
 [ 7.6423707 17.639038   7.2130446  8.110721   6.089022   6.0018835  8.701152   5.999631   7.128468   9.044534   9.994036   6.020686   7.6701527  9.022883   6.34929  ]
 [ 2.3090858  7.546028   2.1995695  2.4097743  2.1546626  2.1653378  2.6386085  2.1654127  2.1899529  2.799673   3.1201663  2.1620264  2.3195     2.7616549  2.1446679]
 [ 4.8496075 11.476798   4.6374316  5.0575976  4.2585726  4.2378044  5.4393997  4.235793   4.608816   5.6169157  6.1600084  4.2431455  4.8741813  5.623139   4.330996 ]]
