hid1:
[[ 5.95514402e-02 -6.90773427e-02  1.90323889e-01 -1.66718066e-02  4.59908247e-02 -3.91121507e-02  1.28829479e-03  4.49890643e-02  2.91438192e-01  2.15175360e-01  3.56502905e-02  1.12818234e-01  1.73029274e-01 -1.38541877e-01 -1.55572265e-01]
 [-4.43929881e-02  3.79623920e-02  4.59431410e-02 -3.31708848e-01  3.32428694e-01  4.08445239e-01 -2.72139814e-03 -5.82057983e-03  2.12296873e-01  1.20299309e-01 -4.88061607e-02 -4.90837097e-02  3.34842682e-01  5.76119721e-02  6.55349493e-02]
 [ 1.04017146e-02  2.54295021e-02 -2.92160809e-02  4.57906842e-01  1.00919354e+00  3.32932770e-02  2.44866647e-02  2.95564532e-04  4.47807014e-01 -3.73374224e-02  2.05126435e-01  8.59349072e-02  1.98031932e-01  1.27042800e-01 -5.23337424e-02]
 [-1.08855329e-02 -1.59540296e-01 -5.58569193e-01  1.07495725e-01  1.05007827e-01 -2.59496808e-01  3.37767974e-02 -2.19534896e-02  4.98485863e-02  1.59660280e-01 -1.12310275e-02 -2.70021185e-02 -3.08235735e-02 -1.68779865e-01  2.88700461e-01]
 [-1.29865080e-01  7.56043755e-03 -2.10713968e-02 -1.01967484e-01 -2.02155113e-03 -1.30226254e-01 -6.07095063e-02 -2.57712007e-02  6.40702993e-02  4.92881909e-02  1.23960108e-01  4.56428111e-01 -1.14838183e-02  2.09518671e-02 -9.01906937e-02]
 [-5.35537124e-01 -1.26099482e-01  2.14956105e-01 -1.69655979e-01 -1.09893605e-01 -9.44118798e-02 -1.31457448e-02 -2.01504976e-02  9.40818638e-02 -3.44375521e-03 -6.95180148e-04 -1.02769434e-02  3.27355564e-02 -6.94582462e-02  6.72270656e-02]
 [-8.15107822e-02 -9.78562236e-03  2.06264928e-02  3.39190513e-02  2.67586485e-03  1.91816464e-02  2.62597054e-02  1.53545365e-02 -3.06893140e-04 -4.53337878e-02  4.86016273e-03 -1.00171462e-01 -1.41847879e-03 -3.80969644e-02 -3.20909172e-03]
 [-1.84973359e-01  1.22309849e-02  6.13644384e-02  1.34808064e-01  4.88278940e-02  3.38965893e-01 -5.13770580e-02 -6.71809912e-03 -1.87331289e-02  5.40596545e-02  3.62416625e-01  2.69524455e-02  7.60298967e-02  1.62083983e-01 -2.30450124e-01]
 [-4.69269082e-02 -1.66309476e-02  1.61798690e-02  8.03979561e-02 -2.20292255e-01  9.13458318e-02  3.24655116e-01  1.17883086e-04  4.61841077e-02 -7.29808304e-03  1.11582547e-01 -1.46350458e-01  3.65944207e-03  3.92266423e-01 -2.89971977e-02]
 [-6.09250814e-02 -4.04831171e-02 -4.71584797e-02 -9.26217735e-02  3.92209232e-01  4.38089967e-02 -4.14211815e-03 -6.28978014e-03  2.72846967e-02 -5.37224934e-02  6.57048523e-02  2.24357516e-01 -3.78096104e-02  6.34647906e-02 -8.51855278e-02]
 [ 7.34884739e-02 -5.10144085e-02  1.36548117e-01 -1.01504922e-02  4.96836901e-02 -4.79196012e-02 -1.97185902e-03 -9.39512774e-02  1.04191259e-01 -5.97704723e-02  1.32136077e-01 -4.24669534e-02 -7.48655498e-02 -2.71753252e-01 -1.18046612e-01]
 [-8.52194279e-02 -8.36623088e-03  6.04092181e-02  1.40252620e-01  4.43938673e-02  3.73718143e-03 -4.03064042e-02  1.43038630e-02  5.53152859e-02  7.18257204e-02 -1.38288662e-02  8.71795416e-02  1.55385941e-01 -6.66769981e-01 -8.37243646e-02]
 [-2.56308436e-01 -3.89864445e-02 -1.00504979e-02  7.92805105e-03 -1.97634101e-02 -2.75482237e-02 -8.26384127e-03  1.28547058e-01  3.40510346e-03  1.28253549e-03  6.04687184e-02 -1.10956609e-01 -4.47070003e-02 -2.55085468e-01 -1.98033571e-01]
 [ 5.19391820e-02 -7.02203065e-03  5.11251837e-02  3.56186628e-02 -8.48524868e-02  2.68138256e-02  1.76550299e-02 -2.26296276e-01 -7.96262920e-03 -4.26286459e-03  7.62644410e-02  2.66952347e-03  4.35804129e-02 -3.49196047e-03 -1.49538219e-02]
 [-3.22508991e-01 -9.05122310e-02 -6.07872382e-03  9.36698318e-02  4.98718359e-02 -2.28705704e-02 -3.73465598e-01  3.32583673e-03 -3.24400291e-02  1.59558594e-01  1.78334117e-03 -2.00802416e-01 -5.94520271e-02 -1.87161535e-01  2.08395362e-01]]
hid2:
[[-0.05809149 -0.0518712   0.04387484  0.05369373  0.03957935  0.07333644 -0.02883757  0.02586314  0.0494031   0.06375079  0.02745833  0.00550948  0.0578459  -0.03313787 -0.05015076]
 [-0.07291275  0.0495116  -0.24499473 -0.06455123  0.09231678 -0.02845816  0.00269005  0.1499522   0.00604911  0.11744378 -0.16996107 -0.07818875  0.31435123  0.0391425  -0.15083787]
 [-0.06277764 -0.05240884  0.03641479  0.05510445  0.04191341  0.06917319 -0.02888027  0.02355309  0.04643171  0.06017754  0.03095876  0.01237724  0.05401403 -0.0145338  -0.05067587]
 [-0.05848958 -0.03643938  0.019308    0.04202992  0.04261995  0.0573626  -0.01900293  0.01338018  0.04505286  0.06490262  0.02667888  0.0163424   0.07335888 -0.00468043 -0.06545363]
 [-0.0707942  -0.04184624  0.01299571  0.05439192  0.04477573  0.04976392 -0.03409438  0.01145546  0.0534676   0.05713058  0.03701226  0.02678994  0.0875755   0.00420219 -0.07232581]
 [-0.06522249 -0.04221368  0.01808533  0.05024137  0.04218073  0.05954511 -0.02766971  0.02158346  0.0479415   0.05999364  0.02870417  0.02592034  0.07567821 -0.00736498 -0.06032047]
 [-0.0536289  -0.08589201  0.10139027  0.08101592  0.03369842  0.07037084 -0.03625283 -0.00338376  0.07257623  0.06761598  0.08129675 -0.01434701 -0.01018429 -0.0256663  -0.03458685]
 [-0.05871043 -0.05259086  0.0387195   0.05409153  0.04028016  0.06015556 -0.02660432  0.01473371  0.05342632  0.06580628  0.04005107  0.00666893  0.05042428 -0.00994923 -0.05501673]
 [-0.07137945 -0.06519522  0.0547847   0.0733745   0.04851902  0.0611421  -0.02829614  0.01139629  0.06378629  0.06451628  0.05446056  0.00980029  0.04841065 -0.01802177 -0.04582397]
 [-0.05962835 -0.06145821  0.04768167  0.05737148  0.04985394  0.05723112 -0.03121832  0.01960746  0.06073336  0.07565841  0.03182416 -0.03962434  0.06072026 -0.02707674 -0.06239485]
 [-0.0611244  -0.04267355  0.02369788  0.04873126  0.04127677  0.0609927  -0.02957919  0.02371608  0.05162225  0.06433371  0.02454351  0.01204022  0.0814275  -0.02294695 -0.06317598]
 [-0.06817718 -0.06249865  0.04623275  0.06876523  0.04074423  0.06091389 -0.03952336  0.01156067  0.05957981  0.05726438  0.05340967  0.01564552  0.04812119 -0.00652606 -0.05363288]
 [-0.05985037 -0.06087988  0.05595387  0.06498256  0.03663412  0.06567904 -0.03731862  0.01418643  0.0634269   0.06361058  0.0489293   0.00631878  0.05071368 -0.03059693 -0.05231446]
 [-0.05683242 -0.0755652   0.08341645  0.07518345  0.03601315  0.06665099 -0.03744728  0.00112019  0.07054307  0.06639513  0.06925002 -0.0088131   0.0182507  -0.02798215 -0.04494732]
 [-0.05578331 -0.08328056  0.09330299  0.07832466  0.03889135  0.0656401  -0.0367021  -0.00113494  0.07279281  0.07043795  0.07337748 -0.02696734  0.00506503 -0.02616042 -0.04268154]]
topics:
[[-0.52806914 -0.20562032  0.13881464  0.58314013 -0.26557934  0.03899855 -1.6258357   0.16260126  0.20991395 -0.343247    0.6155131  -0.12814073  1.1740924  -0.5802482  -0.13914867]
 [ 0.3415671   0.26451096 -0.48544014 -0.42472744 -0.17871295 -0.43277368  0.24205321  0.13622211  0.27813318  0.53459096 -0.09344161 -0.13148215  0.30198526 -0.03766433 -0.22880457]
 [ 0.3097633  -0.35468373  0.1452878  -0.24802525 -0.18838939  0.05775116  0.21135667 -0.75483936  0.6685301  -0.20035063  0.24484943 -0.42577437  0.0569758   0.1352741  -1.3221526 ]
 [-0.05352548  0.17436498 -0.24747919 -0.04363969 -0.13805827  0.09983841  0.0215836   0.01245333 -0.06742398 -0.10942333  0.08070953  0.88068044  0.10166037  0.19047295  0.01965953]
 [-0.04875612 -0.09972701  0.13048622  0.08982988  0.03000721  0.07970569 -0.03627177 -0.00835856  0.07609665  0.06876796  0.09537368 -0.02311407 -0.04423739 -0.03373598 -0.02053622]
 [-0.29433417  0.03541533 -0.31216243  0.06830916  0.25147575 -0.20112213  0.04719125 -0.32858363 -0.10495939 -0.09053908  0.19139883  0.18185233  0.10330872  0.9122411  -0.3024847 ]
 [-1.1315182  -0.12922351 -0.10449301  0.7587713   1.0463349   0.05684865  0.53104734  0.13196503  0.12593287  0.02822951 -0.06038091  0.5459662   1.1494448  -0.25260076  0.32515565]
 [ 0.10159813  0.2678201   0.50371474 -0.1430569   0.20006818  0.32048163  0.2645599  -0.4982319  -0.07887982  0.12646815 -0.19320904 -0.4772294   0.54144734 -0.6623782  -0.43089184]
 [-0.3610691  -0.3254957   0.1052475   0.89830214  0.03878745 -0.6401612  -1.4717423   0.15342253  0.7981464   0.07747401  0.39184928 -0.16922764  0.7931899  -0.15723121 -0.48528305]
 [-0.22366792 -0.01916201 -0.2899538  -0.07146979  0.2729226   0.38952047  0.02507221  0.5791839  -0.4130075  -0.04440156 -0.6753433  -0.22326984  0.21404944 -0.02915093  0.10459446]]
R:
[[0.01108104 0.05102132 0.01108104 0.06707588 0.72210604 0.01108104 0.01108104 0.02720144 0.01108104 0.07719008]
 [0.03879134 0.29208264 0.03879134 0.03879134 0.03879134 0.12283723 0.03879134 0.03879134 0.03879134 0.31354082]
 [0.01056411 0.04865514 0.01056411 0.0678153  0.7170929  0.02618197 0.01056411 0.02119879 0.01056411 0.07679944]
 [0.01106887 0.06704375 0.01106887 0.0768172  0.65829897 0.04371066 0.01106887 0.03440958 0.01106887 0.0754444 ]
 [0.0167251  0.06380437 0.0167251  0.08224101 0.63733184 0.05078208 0.0167251  0.02637744 0.0167251  0.07256287]
 [0.01332114 0.06174126 0.01332114 0.08410365 0.66119266 0.03486523 0.01464556 0.02498346 0.01332114 0.07850479]
 [0.00455319 0.01846705 0.00455319 0.0165782  0.91081965 0.0122443  0.00455319 0.00629865 0.00455319 0.01737949]
 [0.00997468 0.05518566 0.00997468 0.05776238 0.7292368  0.03297268 0.00997468 0.02107897 0.00997468 0.06386482]
 [0.01003881 0.04367039 0.01003881 0.04750538 0.77194387 0.02444495 0.02101691 0.01348888 0.01003881 0.04781321]
 [0.01273057 0.06441375 0.01273057 0.01273057 0.74277353 0.03008852 0.01273057 0.02478585 0.01273057 0.07428545]
 [0.01465758 0.06638046 0.01465758 0.07594337 0.66259134 0.02470057 0.01465758 0.03048593 0.01465758 0.08126798]
 [0.01272966 0.04101562 0.01272966 0.06040724 0.7465204  0.03249215 0.01272966 0.01272966 0.01272966 0.05591627]
 [0.01261691 0.04590493 0.01261691 0.05896335 0.7563744  0.01261691 0.01261691 0.02068856 0.01261691 0.05498424]
 [0.00857629 0.03077099 0.00857629 0.03105922 0.8437016  0.01466499 0.00857629 0.01420763 0.00857629 0.03129031]
 [0.00678731 0.02816821 0.00678731 0.00678731 0.88194644 0.0184785  0.00678731 0.01042544 0.00678731 0.0270448 ]]
distance_matrix:
[[ 7.640314  10.678166   7.632244   7.5380936  7.509489   7.5275097  8.311982   7.6655955  7.827725   7.795604   7.5258493  7.7110925  7.717365   8.020299   8.212308 ]
 [ 8.778101  10.926056   8.757864   8.631278   8.664658   8.651266   9.658823   8.824449   9.104879   8.947889   8.652501   8.94002    8.959081   9.332567   9.531264 ]
 [ 8.860081  10.550909   8.791395   8.603003   8.478459   8.571129   9.75433    8.819837   8.983304   8.989971   8.616949   8.856878   8.948696   9.369649   9.606431 ]
 [10.700235  13.148903  10.691344  10.624436  10.649323  10.636134  11.312464  10.710474  10.844428  10.694925  10.61524   10.802997  10.805337  11.055958  11.172476 ]
 [ 4.2890854  9.049513   4.281207   4.280105   4.322476   4.287358   4.427837   4.242357   4.258439   4.374928   4.3024545  4.2692842  4.2573104  4.317545   4.4092326]
 [ 4.783257   7.6944404  4.7334247  4.6544847  4.61622    4.627101   5.42674    4.7687793  4.904448   4.9461036  4.6692142  4.8054123  4.8644013  5.157416   5.341018 ]
 [ 1.4449949  6.7806177  1.4290713  1.5168306  1.5593808  1.5275853  1.322165   1.3779442  1.3298349  1.3873699  1.5307952  1.3664093  1.3696259  1.2950784  1.2985091]
 [ 3.5898638  8.361408   3.6105325  3.6273632  3.6297603  3.6119454  3.8763733  3.623642   3.630818   3.7141218  3.5976825  3.617265   3.584682   3.70784    3.8323255]
 [ 3.3539863  8.823382   3.3367248  3.437655   3.4649434  3.4281263  3.2809315  3.309455   3.248673   3.360599   3.441848   3.2798135  3.2889986  3.2414012  3.2691374]
 [ 4.403157  10.515988   4.3871775  4.483477   4.5156984  4.483097   4.2851777  4.362887   4.3044667  4.4785624  4.5074396  4.3170266  4.324956   4.258646   4.3028507]
 [ 4.3820515  9.708979   4.3510213  4.383626   4.4274316  4.422386   4.2361155  4.272158   4.2217984  4.306082   4.440479   4.2720895  4.291307   4.206117   4.2103076]
 [ 4.449631   8.814367   4.4746494  4.5441256  4.5602145  4.503666   4.7759533  4.5102553  4.523395   4.553173   4.479622   4.5152     4.477065   4.613835   4.721827 ]
 [ 2.8615031  8.779893   2.8568985  2.9910135  3.0193143  2.960163   2.7529461  2.839069   2.7650409  2.937166   2.9748676  2.7922745  2.7840369  2.7298303  2.7724903]
 [ 2.181295   8.495577   2.1894794  2.333679   2.4213967  2.341598   1.8857169  2.1329348  2.0193553  2.1665835  2.340954   2.113677   2.0795329  1.9258058  1.9099277]
 [ 4.4158525 10.070848   4.398094   4.515869   4.6005917  4.5263615  4.1895647  4.3363395  4.259941   4.37412    4.542491   4.33906    4.335852   4.2134533  4.196923 ]]
