hid1:
[[0.02669252 0.         0.10586979 0.         0.         0.1305129  0.         0.         0.03535523 0.04622036 0.03373033 0.06642511 0.         0.         0.        ]
 [0.03568666 0.         0.16666988 0.         0.         0.15414165 0.         0.         0.07104006 0.07564138 0.         0.13151537 0.         0.         0.        ]
 [0.03399616 0.         0.10919138 0.         0.         0.11377435 0.         0.00040042 0.02532836 0.04970966 0.0467304  0.09536394 0.         0.         0.        ]
 [0.02390117 0.         0.1071127  0.01230395 0.         0.07274202 0.         0.00861701 0.03874761 0.03796612 0.03827475 0.05431108 0.         0.01664813 0.00462688]
 [0.         0.         0.06061815 0.         0.         0.11715849 0.         0.0282043  0.02936238 0.01419546 0.04423367 0.05380519 0.         0.         0.        ]
 [0.0260758  0.         0.07339647 0.00210516 0.02064682 0.08670711 0.         0.         0.04287435 0.         0.05662617 0.04866556 0.         0.         0.        ]
 [0.         0.         0.05552598 0.         0.01388697 0.10371041 0.         0.04521734 0.03022896 0.05727761 0.04007985 0.02339281 0.         0.01524147 0.00784142]
 [0.00139949 0.         0.04145995 0.00020179 0.02719352 0.08922235 0.         0.00952511 0.06139887 0.02134041 0.04435935 0.03400971 0.01232442 0.         0.018816  ]
 [0.00765465 0.         0.08294664 0.03736306 0.0297228  0.09356564 0.         0.         0.03542908 0.0590005  0.04190151 0.00947534 0.03869958 0.04760184 0.        ]
 [0.         0.         0.07757781 0.         0.0204125  0.04349668 0.         0.05770509 0.0167215  0.11207724 0.0216242  0.04253825 0.0681312  0.06178005 0.        ]
 [0.         0.         0.08935907 0.02198152 0.         0.04968901 0.         0.02848761 0.03266164 0.07821265 0.01038245 0.02135167 0.04922648 0.04137789 0.        ]
 [0.00518721 0.         0.03314151 0.0189531  0.04228435 0.03452176 0.         0.04099371 0.02779465 0.         0.03939471 0.00538161 0.03448445 0.02784714 0.05397315]
 [0.         0.         0.01063418 0.02659979 0.03733646 0.04863361 0.03201364 0.00852408 0.02933452 0.         0.03963374 0.00112952 0.07906512 0.         0.0580658 ]
 [0.         0.         0.01186583 0.03392882 0.0915037  0.02678379 0.05659811 0.02802065 0.02751776 0.00509861 0.00186608 0.02701858 0.16220999 0.06265273 0.00540152]
 [0.01156659 0.         0.         0.01551851 0.07446266 0.02795542 0.0597823  0.03028287 0.         0.0107167  0.         0.03165976 0.124348   0.03235201 0.        ]]
hid2:
[[-0.00788101 -0.02275548  0.06792203  0.03802608  0.04297146  0.07090317  0.02414852  0.03179327  0.03488733  0.0366542   0.03724149  0.03357772  0.03183183  0.04160805  0.00650615]
 [ 0.03913108  0.05423066 -0.0857442   0.01368558  0.09655397 -0.03756438  0.01894092  0.02693114  0.05689486  0.02499149 -0.01510286 -0.00972139  0.19362183 -0.00523327 -0.04771543]
 [-0.0050739  -0.0150461   0.05306593  0.03644887  0.04714825  0.06114167  0.02560254  0.03053082  0.03537841  0.0342561   0.03269972  0.03477477  0.04598843  0.03965741  0.00341553]
 [-0.00670016 -0.01632281  0.05409873  0.03609203  0.0450764   0.06268153  0.02294006  0.02854363  0.03471323  0.0328387   0.03474775  0.0362825   0.04271419  0.04226229  0.00074174]
 [-0.0007864  -0.01071385  0.04473357  0.03372527  0.04584773  0.0565795   0.0240269   0.02818955  0.03610836  0.03192936  0.0318353   0.03556559  0.05059935  0.04051719 -0.00147517]
 [-0.00476279 -0.01578669  0.05488252  0.03577747  0.04484237  0.06360672  0.02567188  0.03069577  0.03413432  0.0338285   0.03359613  0.03699699  0.04094421  0.04199901  0.00436614]
 [-0.00730613 -0.01932479  0.06073007  0.03780853  0.04447962  0.0664555   0.02497135  0.02919805  0.0347533   0.03436931  0.03655507  0.03683828  0.03705437  0.04335172  0.00432789]
 [-0.00075233 -0.01314988  0.05027662  0.03451362  0.04606117  0.06009634  0.02575283  0.03057218  0.03579434  0.03402326  0.03215119  0.03425144  0.04542212  0.04030288  0.00238341]
 [ 0.00744987 -0.00032188  0.02818516  0.03126712  0.04891531  0.04554882  0.02960998  0.02851427  0.03733539  0.03041218  0.02560804  0.03783049  0.06600729  0.03749052 -0.00108252]
 [-0.0030003  -0.02169947  0.06523018  0.03799758  0.0482063   0.06716494  0.02457354  0.03197247  0.03840309  0.03892903  0.03622891  0.02561379  0.03601711  0.03890929  0.00424639]
 [-0.00237586 -0.01503428  0.05386203  0.03532638  0.0447416   0.06207469  0.0251329   0.03025757  0.03585996  0.0342659   0.03348989  0.03458321  0.04340792  0.04042798  0.00274494]
 [-0.00663477 -0.01373039  0.04944625  0.03541939  0.04568593  0.0600354   0.02353015  0.02878388  0.03408634  0.03185057  0.03282522  0.03781812  0.04714826  0.04144156  0.00063363]
 [-0.00794509 -0.02180233  0.06632233  0.03826102  0.04249748  0.06961371  0.02447808  0.03052774  0.03509893  0.03577821  0.03743253  0.03538177  0.03394759  0.04195808  0.00591511]
 [ 0.00398133 -0.00922528  0.04413452  0.03164279  0.04267409  0.05678422  0.02451024  0.0292521   0.03665023  0.03226336  0.03119181  0.03523196  0.04945032  0.03987398 -0.00104126]
 [-0.00595906 -0.01972342  0.05946026  0.03888388  0.05185455  0.06257627  0.02363068  0.03020736  0.03864788  0.0375046   0.0349901   0.0256986   0.04419715  0.0377215   0.00138726]]
topics:
[[-2.25485250e-01 -7.33407289e-02  3.80429476e-02  2.33093724e-01 -1.29558191e-01  5.95418401e-02 -7.72495925e-01  1.38343737e-01  7.49339163e-02 -2.93138713e-01  1.70646146e-01  8.19880143e-03  5.47252357e-01 -3.73667926e-01 -3.05200443e-02]
 [ 2.61231780e-01  1.43520087e-01 -1.77977830e-01 -3.77588272e-02  8.37453455e-02 -1.01726055e-01  1.03701487e-01  5.36680445e-02  1.06369734e-01  5.33197038e-02 -5.65175712e-02 -5.14294580e-02  2.25062624e-01 -2.69815419e-02 -1.72535125e-02]
 [ 1.09148599e-01 -9.65139419e-02  3.08633596e-02 -1.38192803e-01  2.67459601e-01 -5.54551817e-02 -5.46273135e-04 -2.72536665e-01  2.60064691e-01 -8.76340792e-02  1.60132259e-01 -1.44537613e-01  6.14078064e-03  5.46103679e-02 -5.03670037e-01]
 [ 5.70578035e-03  9.13112015e-02 -1.03693850e-01 -2.81631351e-02 -1.02415584e-01  3.89363691e-02  4.63204607e-02 -2.91777123e-03 -5.25706187e-02 -7.31419101e-02  1.05701005e-02  2.99095631e-01  4.55916747e-02  1.39050812e-01  1.32684382e-02]
 [-1.64869148e-02 -4.28462625e-02  1.06445521e-01  4.48896959e-02  3.55603248e-02  9.59155187e-02  2.53245216e-02  3.34292874e-02  3.27576920e-02  4.24654372e-02  5.01055829e-02  3.53785567e-02 -6.63550803e-03  5.08556440e-02  1.81215666e-02]
 [-8.54425356e-02  4.93159704e-02 -1.75575122e-01  3.52305397e-02  1.44657701e-01 -2.44853571e-02  1.69837940e-02 -8.34375247e-02 -4.25322093e-02 -7.82159269e-02  4.95291576e-02  2.03564271e-01  4.42701839e-02  2.37722352e-01 -9.36238691e-02]
 [-4.69734281e-01 -5.20725809e-02 -3.57518229e-03  3.16617638e-01  4.80319083e-01 -1.10960267e-01  1.81548759e-01 -1.68915167e-02  1.24747576e-02  3.71749587e-02 -2.06076968e-02  1.24787085e-01  5.01929820e-01 -4.55005653e-02  1.39580965e-01]
 [-2.14551333e-02  4.06904556e-02  2.24153504e-01 -1.19718201e-01  7.43895173e-02  6.67178538e-03  1.12736277e-01 -2.54456609e-01 -2.51813568e-02  2.56337196e-01 -1.56374164e-02 -2.75538146e-01  1.93829015e-01  1.86605640e-02 -2.03354776e-01]
 [-1.20698914e-01 -1.16601504e-01  5.72294220e-02  2.32396141e-01 -2.18033671e-01  1.07354242e-02  3.68055189e-03  1.17568865e-01  2.62560695e-01  2.22748563e-01  6.46202639e-02 -7.80145749e-02  2.24563047e-01 -3.06373592e-02 -1.41298443e-01]
 [-1.69659719e-01  3.32084708e-02 -1.36855260e-01 -8.68643522e-02  1.85027257e-01  7.93259442e-02 -9.00602788e-02  2.75507957e-01 -1.56581745e-01  3.46255451e-02 -1.88275620e-01 -7.60418177e-02  4.66247834e-02 -4.99581061e-02  3.49173956e-02]]
R:
[[0.01036681 0.07277935 0.01036681 0.03791793 0.8038272  0.01036681 0.01527592 0.01036681 0.01036681 0.01836558]
 [0.05325747 0.4240845  0.05325747 0.05325747 0.05325747 0.09112141 0.07161804 0.05325747 0.05325747 0.0936312 ]
 [0.01269463 0.10061226 0.01269463 0.05108373 0.7339104  0.01815136 0.02333709 0.01269463 0.01269463 0.02212667]
 [0.01408988 0.08942867 0.01408988 0.05130603 0.7354087  0.02814181 0.0183497  0.01408988 0.01408988 0.02100559]
 [0.01538032 0.11359143 0.01538032 0.05839783 0.6950875  0.03019059 0.01928287 0.01538032 0.01538032 0.02192855]
 [0.01122098 0.09358611 0.01122098 0.05372311 0.74777746 0.01965064 0.01918948 0.01122098 0.01122098 0.02118925]
 [0.01122706 0.08131923 0.01122706 0.04545569 0.7717911  0.02236642 0.01824743 0.01122706 0.01122706 0.01591196]
 [0.01238181 0.10923187 0.01238181 0.05009139 0.72841686 0.02221396 0.01863086 0.01238181 0.01238181 0.02188781]
 [0.0150266  0.15629496 0.0150266  0.0797883  0.6266578  0.02587333 0.0290195  0.0150266  0.0150266  0.02225969]
 [0.01100741 0.0938631  0.01100741 0.01100741 0.7993718  0.01884685 0.01456201 0.01100741 0.01100741 0.0183193 ]
 [0.01263587 0.10113174 0.01263587 0.05083957 0.74036    0.01873954 0.01832413 0.01263587 0.01263587 0.02006149]
 [0.0146063  0.09603492 0.0146063  0.06160843 0.7118892  0.02641555 0.02187184 0.0146063  0.0146063  0.02375489]
 [0.01101152 0.07412898 0.01101152 0.04464202 0.7933051  0.01101152 0.01706965 0.01101152 0.01101152 0.01579674]
 [0.01489184 0.12075859 0.01489184 0.06412039 0.69613606 0.02310031 0.01489184 0.01489184 0.01489184 0.02142534]
 [0.01383551 0.09922624 0.01383551 0.01383551 0.7632022  0.02629111 0.02136235 0.01383551 0.01383551 0.02074059]]
distance_matrix:
[[2.1456149  8.3090725  2.2219746  2.2305858  2.2961974  2.1961286  2.1728518  2.2180927  2.5191517  2.1475263  2.2015233  2.276922   2.1561267  2.287509   2.207304  ]
 [3.1156695  9.436981   3.210179   3.2249448  3.2946777  3.1806624  3.1523645  3.2009776  3.5245843  3.1005883  3.1849804  3.2807882  3.1315467  3.2808332  3.1772013 ]
 [2.0790265  8.1566725  2.1452081  2.1507518  2.211707   2.1197855  2.0976832  2.1397536  2.4273996  2.0797238  2.1253753  2.194908   2.087402   2.2056808  2.1333814 ]
 [1.2506559  7.0920725  1.2912309  1.2939556  1.3451749  1.2702787  1.2586248  1.2895238  1.542088   1.2684014  1.276666   1.3251147  1.2535663  1.3417441  1.30433   ]
 [1.0128384  6.843122   1.0508752  1.0538311  1.1047715  1.0298252  1.0189362  1.0494823  1.299362   1.031318   1.0373746  1.083981   1.0155389  1.1026853  1.0657731 ]
 [1.1922655  7.097907   1.2388093  1.2369204  1.2948993  1.2163253  1.2004437  1.2387414  1.505801   1.2101383  1.2250448  1.2709122  1.1964512  1.2964629  1.2452224 ]
 [0.9493005  5.8294706  0.8966286  0.9171555  0.91159403 0.8958461  0.9193013  0.8883765  0.9966371  0.9566827  0.8925065  0.9157131  0.9387672  0.90460193 0.95209706]
 [0.80814767 6.1500554  0.7996123  0.8063073  0.8330394  0.790442   0.7945583  0.7994292  0.982018   0.82751274 0.79343045 0.81941414 0.80285525 0.83402884 0.83489764]
 [0.7096858  5.934828   0.6887984  0.6975639  0.71563613 0.6807966  0.6905315  0.6860869  0.8478482  0.7288244  0.68281925 0.7062073  0.7025571  0.71434534 0.732839  ]
 [0.94020915 5.5393276  0.8616245  0.88062453 0.8611866  0.8670981  0.89898896 0.85380864 0.92414045 0.9521928  0.8603071  0.8691945  0.924319   0.85484135 0.93145025]
 [1.0856514  5.483763   0.9892404  1.0136416  0.97962487 0.99835515 1.0365691  0.9761691  1.016099   1.0861073  0.98752534 0.99824977 1.0678363  0.969926   1.0612828 ]
 [0.6222943  5.5912232  0.5718833  0.5842794  0.5875795  0.569765   0.5917138  0.57206047 0.68640864 0.65626776 0.57092595 0.5785376  0.6081637  0.58523583 0.6446974 ]
 [0.7979474  5.4267416  0.71601796 0.73573375 0.7160591  0.7205174  0.75263286 0.70959663 0.772372   0.81692123 0.71589434 0.7220919  0.7795856  0.710549   0.7950343 ]
 [1.4884269  4.748184   1.2744172  1.3229072  1.2137514  1.306098   1.3884535  1.2509663  1.0976386  1.4833834  1.2826506  1.2655821  1.4498763  1.1935655  1.4130775 ]
 [1.7510402  4.624943   1.503886   1.5611508  1.4264745  1.542978   1.6414156  1.47439    1.265018   1.7392247  1.512652   1.4919982  1.708612   1.3979896  1.6590077 ]]
