hid1:
[[ 3.73405695e-01  4.02713180e-01 -1.26650482e-01  2.81377494e-01  2.26204962e-01 -5.69198132e-01  7.28246197e-02  2.20725834e-01  2.82006025e-01 -8.41869831e-01 -7.59793818e-01  6.81938604e-02  3.99151534e-01 -1.45773876e+00 -5.71149051e-01]
 [ 5.02521694e-01 -1.45773876e+00 -2.61735708e-01  3.61252397e-01  2.23572075e-01 -5.66005409e-01  1.73893526e-01  1.04974441e-01  3.71271968e-01 -8.57427478e-01 -7.17801929e-01  1.79465264e-01 -1.45773876e+00 -2.24996656e-01 -5.82927167e-01]
 [ 1.52953923e-01 -1.45773876e+00 -1.45773876e+00  2.40304083e-01 -1.65492743e-02 -3.93357158e-01 -2.36266315e-01  6.03939071e-02  2.66629338e-01 -1.45773876e+00 -1.45773876e+00  1.64110914e-01  3.30188453e-01 -1.24107152e-02 -3.49038482e-01]
 [ 3.09773862e-01  1.67707920e-01 -9.48760509e-02  3.91290486e-01  2.09484503e-01 -4.91647840e-01 -2.51611680e-01  1.06688991e-01  1.04882360e-01 -1.45773876e+00 -1.45773876e+00  2.28270963e-01  3.21659237e-01  3.19539607e-02 -4.55526888e-01]
 [ 6.33190274e-02  2.66863316e-01 -2.88425982e-01  1.86556041e-01  1.14879295e-01 -5.60260653e-01 -9.50362086e-02  2.77684629e-03  1.93220824e-02 -4.99907315e-01 -3.32191378e-01  2.60192931e-01  1.67057738e-01  6.34888336e-02 -5.46049833e-01]
 [-9.83279645e-02 -1.45773876e+00 -4.02746558e-01  1.56637952e-01  1.64189011e-01 -5.08814216e-01 -3.09417397e-01 -1.11029387e-01  1.22722119e-01 -3.72141778e-01  1.84279412e-01  8.79172608e-02 -1.45773876e+00  1.96874246e-01 -6.03924632e-01]
 [-1.45773876e+00 -1.45773876e+00  1.46221414e-01  3.27724814e-01  3.94515812e-01  3.25579941e-01 -3.91570985e-01 -7.34867513e-01  3.52943838e-01 -5.57882905e-01 -4.91793752e-01  4.36613292e-01 -8.65937769e-03  2.75888622e-01 -5.88088632e-01]
 [-1.45773876e+00  1.93240613e-01 -1.85939044e-01  7.61292279e-02 -1.45773876e+00 -2.93007106e-01  2.62188166e-02 -3.03788185e-02  1.40696064e-01 -5.98044157e-01 -1.45773876e+00  2.27016032e-01  2.75667548e-01  3.40353698e-02 -3.20325434e-01]
 [-3.93365562e-01 -1.45773876e+00 -2.15213120e-01  1.10605359e-03  2.51921654e-01 -1.45773876e+00 -9.07877684e-02  8.57777148e-02  1.01852298e-01 -1.45773876e+00  2.22801059e-01  3.33606064e-01  2.29765445e-01  3.95222723e-01 -5.79366565e-01]
 [-2.06790268e-01 -1.45374328e-01 -6.16343081e-01 -1.24901235e-02  9.65145454e-02 -3.37286323e-01 -1.52484596e-01 -1.71805680e-01  1.63629025e-01 -3.06891024e-01 -1.38802230e-01  2.36348033e-01  3.30677569e-01  1.78611398e-01 -2.22194731e-01]
 [-7.27469623e-02 -3.99879634e-01 -5.70607781e-02 -1.01862013e-01 -2.01675981e-01  1.74933925e-01  9.77917314e-02 -3.32988888e-01  1.60563409e-01 -5.43928444e-01  1.64611861e-01 -1.45773876e+00  2.65143812e-01  1.97313726e-01 -2.57643163e-01]
 [-1.75347656e-01  6.31741136e-02 -1.56722307e-01 -1.54822469e-02 -5.65605909e-02 -1.45773876e+00 -3.59128416e-02 -1.34296566e-01  8.11365321e-02 -3.99604321e-01 -6.35571778e-02  1.81422129e-01  3.03268075e-01  1.94286749e-01 -1.45773876e+00]
 [-1.51794672e-01 -7.74009079e-02 -8.21996331e-02 -1.97863430e-01 -4.44468558e-02 -1.15659773e-01  7.76822567e-02 -2.18711853e-01  4.03380245e-02 -2.22582340e-01  2.35926732e-01  3.75924200e-01  2.39425704e-01  2.26446986e-01 -3.04138720e-01]
 [-7.19749480e-02 -1.01642573e+00  3.87922049e-01 -5.08335888e-01 -5.77780604e-03 -9.05051470e-01  4.44029003e-01 -9.29286003e-01  5.54977581e-02 -1.45773876e+00 -4.26431835e-01  5.92086971e-01  5.44054925e-01  6.68467581e-01 -2.27797300e-01]
 [-6.05559230e-01 -4.46124792e-01 -1.45773876e+00 -1.45773876e+00 -1.07061505e-01 -1.45773876e+00  1.70548722e-01 -3.82200122e-01 -1.65372908e-01 -1.05250895e-01 -1.45773876e+00  5.60097218e-01  1.90031931e-01  4.35702294e-01 -2.93462038e-01]]
hid2:
[[-0.29415557 -0.04086864 -0.3091028  -0.00462896  0.01735118 -0.17214514  0.01254996 -0.11065891  0.03051185 -0.24444287  0.01541172  0.34914467  0.30990088  0.13994253 -0.23070586]
 [-0.15552199  0.00302388 -0.3812283  -0.17162526 -0.08811928 -0.2958261   0.13160697  0.13629073  0.24659508  0.19739553 -0.29826796 -0.1511157   0.4772239  -0.2266987  -0.33295813]
 [-0.23181948 -0.00897074 -0.3201039  -0.07255198 -0.00904653 -0.17344326  0.02694592 -0.10749672  0.00899379 -0.23200947 -0.01572443  0.32970905  0.26347673  0.14884867 -0.24404457]
 [-0.29881892 -0.04134507 -0.31226534 -0.0024041   0.018324   -0.17381285  0.01217908 -0.11216942  0.03067126 -0.24808946  0.01720234  0.35365397  0.3143764   0.1407748  -0.23189393]
 [-0.23897147 -0.01123724 -0.31501615 -0.06307408 -0.00268282 -0.16572157  0.0193263  -0.12213252 -0.00380893 -0.2575765   0.002708    0.3583719   0.25314912  0.17052077 -0.23830105]
 [-0.26447675 -0.02264038 -0.31857258 -0.04039994  0.00439612 -0.17247675  0.01860633 -0.11592862  0.01264931 -0.2509906   0.00509967  0.35377     0.28312632  0.15446898 -0.23822269]
 [-0.20803921  0.01669134 -0.3034036  -0.09209565  0.0025027  -0.11759957 -0.00826178 -0.22003713 -0.12445053 -0.42391583  0.08757093  0.5393482   0.11827104  0.3353244  -0.21561395]
 [-0.19039387  0.01019288 -0.33020502 -0.11843505 -0.02961694 -0.18239     0.04227826 -0.08884674  0.01298726 -0.19504288 -0.05308247  0.28507525  0.25120056  0.12809305 -0.25775236]
 [-0.27991897 -0.02786594 -0.32545063 -0.02989784  0.00703137 -0.17957856  0.02002135 -0.11113076  0.02352319 -0.24592313  0.00357757  0.34993812  0.30460474  0.1426701  -0.24092017]
 [-0.13156155  0.0036591  -0.35387224 -0.17608482 -0.08757321 -0.27669653  0.12552255  0.132143    0.23373678  0.19751707 -0.29181153 -0.15432748  0.4381796  -0.2116414  -0.31962657]
 [-0.20812625  0.00511834 -0.32022    -0.09689355 -0.01533902 -0.16427355  0.02554771 -0.12508607 -0.01988554 -0.25971255 -0.0082615   0.3581155   0.22437154  0.18257754 -0.24317409]
 [-0.24489315 -0.01051115 -0.30489093 -0.0531105   0.00772414 -0.14520971  0.00363675 -0.16129166 -0.04462093 -0.32578707  0.0458781   0.4342194   0.21265712  0.23256874 -0.22424543]
 [-0.22080489 -0.01169178 -0.29616898 -0.06698801 -0.00388134 -0.15644951  0.0176913  -0.11524899 -0.00196503 -0.23965967 -0.00271138  0.33603007  0.23608196  0.16523911 -0.2320645 ]
 [-0.19096318  0.02257233 -0.3010085  -0.10663067 -0.00345368 -0.11654942 -0.00502575 -0.21527316 -0.1256473  -0.41272023  0.07766026  0.5251896   0.107209    0.33194935 -0.21726634]
 [-0.10885488 -0.00425989 -0.30416268 -0.16415758 -0.07892301 -0.24302411  0.11073022  0.12227578  0.21592     0.1907043  -0.26999855 -0.1502783   0.38284144 -0.18547967 -0.292442  ]]
topics:
[[-7.26814866e-01 -3.46008897e-01  3.17073256e-01  8.98882747e-01  4.11550403e-01  1.84531156e-02 -1.23174000e+00 -3.15880217e-02  5.57438731e-01 -2.25624904e-01  4.83184516e-01 -1.88922003e-01  1.66137600e+00 -7.19328701e-01 -3.85109961e-01]
 [ 1.32992804e-01  1.39895856e-01 -4.19997483e-01 -4.75495607e-01 -2.10698351e-01 -3.06289911e-01  2.03886271e-01  1.80014253e-01  1.79177895e-01  3.07318002e-01 -4.64237601e-01 -2.99096406e-01  2.84769773e-01 -2.29959369e-01 -3.92568886e-01]
 [-1.62103280e-01 -4.15524095e-01  1.54296264e-01  1.89618871e-01  2.75184095e-01 -2.24371150e-01 -1.11967586e-01 -6.04357958e-01  1.00057542e+00 -1.43507585e-01  4.25432652e-01 -1.24311306e-01  5.00234604e-01 -4.23694998e-02 -1.14225924e+00]
 [-2.06045568e-01  2.49608848e-02 -3.14621210e-01 -1.02938764e-01  2.11134495e-04 -1.17729180e-01 -8.86106864e-03 -2.34991252e-01 -1.42333940e-01 -4.51627672e-01  9.60345864e-02  5.70149243e-01  1.06639817e-01  3.58530402e-01 -2.19095349e-01]
 [-3.54190841e-02 -1.46260977e-01  1.89804286e-01  1.00918844e-01  6.65819645e-02  8.35283101e-02 -7.02649429e-02  4.70271287e-03  7.96144903e-02  7.01673478e-02  2.16478109e-02 -3.83255146e-02 -4.56354842e-02  6.62569478e-02 -7.04435864e-03]
 [-2.82988161e-01  1.61019251e-01 -2.08082512e-01  2.93980129e-02  2.54253685e-01 -4.40068059e-02  1.58776909e-01 -4.57479030e-01 -1.08394466e-01 -7.74152204e-02  1.49910465e-01  5.13496876e-01  1.91905975e-01  6.51316464e-01 -3.70222926e-01]
 [-1.07927060e+00 -4.35015738e-01 -2.61740237e-01  7.97972500e-01  3.01014900e-01 -2.65016258e-01 -9.45367739e-02 -8.42063688e-04  4.63018149e-01 -1.52395785e-01  2.29113355e-01  3.21515530e-01  1.09287524e+00 -2.18828484e-01 -1.41179681e-01]
 [-6.50231317e-02  3.83436412e-01  1.94222391e-01 -8.06195810e-02  5.23528010e-02  8.47697333e-02 -2.29365274e-01 -2.50025153e-01 -7.22909346e-02  3.80096525e-01 -5.44688404e-02 -2.34455213e-01  7.87747204e-01  9.90442336e-02 -4.70176458e-01]
 [-3.84745926e-01 -3.51078719e-01  1.33693025e-01  8.27372253e-01  5.01408517e-01 -5.64774752e-01 -1.05667174e+00 -4.94579710e-02  9.19705927e-01  9.96061340e-02  3.22385699e-01 -3.09100628e-01  1.23983049e+00 -3.72924060e-01 -7.34868467e-01]
 [-2.18694463e-01  1.94441170e-01 -4.03663963e-01 -2.10272223e-01  2.43219540e-01  1.68468148e-01 -1.72907896e-02  7.38787174e-01 -4.34886247e-01  2.17469007e-01 -7.56270647e-01 -2.15255767e-01  2.81155944e-01 -1.83500230e-01  2.43203327e-01]]
R:
[[1.19547105e-04 1.82053462e-01 1.19547105e-04 6.09997869e-01 2.98881158e-02 1.19547105e-04 1.77343264e-01 1.19547105e-04 1.19547105e-04 1.19547105e-04]
 [3.66689841e-04 7.60021210e-01 3.66689841e-04 3.66689841e-04 3.66689841e-04 3.66689841e-04 2.37045243e-01 3.66689841e-04 3.66689841e-04 3.66689841e-04]
 [1.26453844e-04 2.25253224e-01 1.26453844e-04 6.29676640e-01 2.29431670e-02 1.26453844e-04 1.21368192e-01 1.26453844e-04 1.26453844e-04 1.26453844e-04]
 [2.14057829e-04 1.80606827e-01 2.14057829e-04 6.14896536e-01 2.25830898e-02 2.14057829e-04 1.80629224e-01 2.14057829e-04 2.14057829e-04 2.14057829e-04]
 [3.60733364e-04 1.90876842e-01 3.60733364e-04 6.65039182e-01 2.53916979e-02 3.60733364e-04 1.16527878e-01 3.60733364e-04 3.60733364e-04 3.60733364e-04]
 [1.78425849e-04 1.94666624e-01 1.78425849e-04 6.41773462e-01 1.68289021e-02 1.78425849e-04 1.45660430e-01 1.78425849e-04 1.78425849e-04 1.78425849e-04]
 [5.76130333e-06 1.49541721e-02 5.76130333e-06 9.48237121e-01 2.39995643e-02 5.76130333e-06 1.27746454e-02 5.76130333e-06 5.76130333e-06 5.76130333e-06]
 [1.88908482e-04 2.86743015e-01 1.88908482e-04 5.97232878e-01 1.80814378e-02 1.88908482e-04 9.68092307e-02 1.88908482e-04 1.88908482e-04 1.88908482e-04]
 [5.20843350e-05 2.03567624e-01 5.20843350e-05 6.28195405e-01 3.61788040e-03 5.20843350e-05 1.64306477e-01 5.20843350e-05 5.20843350e-05 5.20843350e-05]
 [3.26319539e-04 7.35143185e-01 3.26319539e-04 3.26319539e-04 5.23948371e-02 3.26319539e-04 2.10140631e-01 3.26319539e-04 3.26319539e-04 3.63452418e-04]
 [8.28645934e-05 2.03568608e-01 8.28645934e-05 6.88148677e-01 2.21036226e-02 8.28645934e-05 8.56819600e-02 8.28645934e-05 8.28645934e-05 8.28645934e-05]
 [2.12411454e-04 1.07250527e-01 2.12411454e-04 7.68234491e-01 3.11686900e-02 2.12411454e-04 9.20718983e-02 2.12411454e-04 2.12411454e-04 2.12411454e-04]
 [6.74785988e-04 1.92435727e-01 6.74785988e-04 6.36868954e-01 6.31557330e-02 6.74785988e-04 1.03490867e-01 6.74785988e-04 6.74785988e-04 6.74785988e-04]
 [9.01613967e-05 2.84930337e-02 9.01613967e-05 9.38317358e-01 3.25585045e-02 9.01613967e-05 9.01613967e-05 9.01613967e-05 9.01613967e-05 9.01613967e-05]
 [1.18397220e-04 6.76947832e-01 1.18397220e-04 1.18397220e-04 1.42859876e-01 1.18397220e-04 1.79363564e-01 1.18397220e-04 1.18397220e-04 1.18397220e-04]]
distance_matrix:
[[ 65.85515   74.790054  65.81772   65.85995   66.42894   65.98328   74.51674   65.46078   65.66487   74.6002    66.78122   68.78133   66.507126  74.30396   74.17905 ]
 [ 81.758514  92.93888   81.366     81.77234   81.84876   81.627365  88.48784   80.98475   81.451515  92.58131   81.956055  83.740524  81.94072   88.23813   91.948685]
 [ 61.473946  70.32064   61.333668  61.450962  61.960865  61.502377  69.91204   60.922974  61.137875  70.34878   62.249428  64.31013   62.216583  69.7276    70.321754]
 [ 66.15454   74.94753   65.34265   66.234184  65.949875  65.900894  73.00566   64.57843   65.85333   74.25912   65.885445  68.109665  65.72481   72.57524   73.20182 ]
 [ 50.304203  63.07325   49.5043    50.31647   49.876564  49.88707   55.28299   49.023987  49.84829   62.60604   49.74659   51.412853  49.974056  54.978905  61.89195 ]
 [ 45.45488   61.605385  45.05716   45.477783  45.229733  45.228306  49.830425  45.010708  45.247475  60.865627  45.252754  46.305626  45.232132  49.603897  59.553345]
 [ 77.66023   96.97752   78.20239   77.565     78.20837   77.79642   82.8078    78.85885   77.5288    96.867424  78.67456   79.03547   78.72827   82.91398   96.34345 ]
 [ 65.09381   85.42667   65.32873   65.04857   65.2749    65.07974   69.02318   65.896805  64.98285   84.93533   65.547134  65.840256  65.59421   69.03189   83.83529 ]
 [ 66.83095   91.88254   66.53916   66.76631   66.20477   66.36283   67.228546  67.16729   66.47472   91.26211   66.09797   65.874115  66.67703   67.23124   90.045395]
 [ 46.153538  64.12262   45.357048  46.163754  45.430546  45.62138   48.682404  45.237385  45.734524  63.394516  45.190674  46.11238   45.567608  48.439377  62.189407]
 [ 56.368126  73.81239   56.5054    56.32029   56.6227    56.35238   61.420345  56.826214  56.17473   73.50606   56.898163  57.639084  56.96511   61.390347  72.76926 ]
 [ 46.418827  68.68771   45.779247  46.4159    45.600567  45.874275  47.29813   46.03513   46.073174  67.80346   45.361115  45.619728  45.79098   47.13813   66.25597 ]
 [ 51.24813   68.67762   50.835205  51.31058   50.94248   51.03181   54.994316  50.868153  51.150455  67.628265  50.91703   51.78632   50.790836  54.73628   65.775955]
 [ 86.90434  117.44592   86.27098   86.80525   85.612404  86.06131   83.85595   87.10678   86.34693  116.751785  85.21248   84.30992   86.29402   83.90741  115.45835 ]
 [ 63.305824  93.80792   62.41311   63.238644  61.75193   62.343548  59.64984   63.112434  62.732807  92.89921   61.212425  60.381218  62.29718   59.61923   91.31182 ]]
