hid1:
[[0.00000000e+00 0.00000000e+00 0.00000000e+00 0.00000000e+00 0.00000000e+00 0.00000000e+00 0.00000000e+00 0.00000000e+00 0.00000000e+00 3.76549095e-01 0.00000000e+00 0.00000000e+00 0.00000000e+00 0.00000000e+00 0.00000000e+00]
 [5.63642025e-01 0.00000000e+00 4.13341671e-01 0.00000000e+00 0.00000000e+00 0.00000000e+00 0.00000000e+00 0.00000000e+00 7.92155921e-01 1.21911466e-01 0.00000000e+00 6.26384020e-01 3.95284653e-01 8.99031878e-01 6.48714185e-01]
 [2.43473366e-01 0.00000000e+00 3.95582110e-01 7.49267191e-02 0.00000000e+00 0.00000000e+00 0.00000000e+00 0.00000000e+00 6.64960325e-01 1.78906515e-01 8.33681785e-03 5.45891702e-01 2.51274288e-01 5.93874097e-01 4.87077981e-01]
 [3.57447177e-01 0.00000000e+00 2.57726461e-01 6.84117824e-02 0.00000000e+00 0.00000000e+00 5.32024205e-02 0.00000000e+00 3.79027545e-01 9.14819092e-02 8.64604563e-02 3.95428330e-01 3.32882732e-01 5.16600251e-01 4.32680309e-01]
 [2.97500584e-02 6.06925189e-02 1.76381946e-01 3.99117619e-02 4.74184826e-02 1.74319431e-01 1.85059175e-01 8.96950960e-02 9.32133868e-02 1.84641480e-01 5.71403094e-02 2.19885126e-01 1.54184371e-01 2.70646393e-01 2.63289005e-01]
 [1.24135993e-01 0.00000000e+00 1.14112042e-01 5.50706275e-02 7.60183781e-02 1.40421525e-01 2.33540520e-01 2.08138898e-02 1.60465226e-01 1.78351000e-01 1.36749074e-01 3.86892527e-01 2.86390454e-01 3.18795174e-01 3.78471345e-01]
 [1.07896626e-01 7.15050250e-02 1.02127185e-02 3.13143954e-02 7.92071747e-04 2.51509339e-01 1.95748255e-01 2.85312217e-02 7.22682290e-03 0.00000000e+00 4.84765731e-02 2.70804107e-01 8.09900761e-02 1.31141067e-01 1.69165432e-01]
 [1.06707267e-01 7.00720325e-02 9.45352465e-02 1.25431597e-01 1.95632298e-02 2.79531330e-01 1.62764043e-01 1.70401573e-01 2.58693695e-02 1.25001788e-01 1.08347185e-01 2.39476040e-01 1.45440370e-01 8.72140303e-02 3.04573804e-01]
 [0.00000000e+00 0.00000000e+00 0.00000000e+00 0.00000000e+00 0.00000000e+00 1.78263590e-01 0.00000000e+00 0.00000000e+00 0.00000000e+00 1.06254816e-01 0.00000000e+00 0.00000000e+00 0.00000000e+00 0.00000000e+00 0.00000000e+00]
 [7.65824541e-02 2.03153372e-01 4.59941365e-02 1.12753086e-01 1.89395890e-01 3.45135808e-01 2.84182101e-01 3.88504297e-01 0.00000000e+00 4.40286435e-02 1.83323413e-01 1.85243919e-01 2.28111550e-01 0.00000000e+00 3.07293683e-01]
 [0.00000000e+00 2.14909136e-01 0.00000000e+00 8.63373280e-03 2.10732043e-01 5.25875926e-01 2.07489043e-01 3.97935510e-01 0.00000000e+00 0.00000000e+00 1.46221384e-01 7.53431246e-02 1.82113111e-01 0.00000000e+00 1.07530423e-01]
 [1.21113703e-01 5.08095562e-01 6.34277165e-02 1.66612729e-01 1.35349184e-01 6.68252826e-01 1.51051328e-01 6.23088479e-01 0.00000000e+00 6.05837554e-02 2.44599938e-01 1.57011107e-01 8.98955837e-02 5.74549995e-02 1.67466789e-01]
 [8.51838067e-02 2.84743458e-01 7.25741591e-03 1.07115053e-01 1.59977138e-01 6.37979567e-01 3.19889635e-01 4.87047136e-01 0.00000000e+00 0.00000000e+00 2.46100351e-01 1.34141624e-01 1.55674130e-01 0.00000000e+00 2.25677416e-02]
 [3.62849683e-01 5.22432327e-01 2.65160382e-01 0.00000000e+00 2.86793888e-01 6.90181732e-01 5.41858375e-01 5.74180663e-01 6.48908988e-02 0.00000000e+00 4.46603090e-01 2.89293110e-01 3.77797246e-01 0.00000000e+00 4.13735598e-01]
 [4.80476953e-02 4.35597897e-01 5.69270477e-02 1.16929255e-01 1.79820269e-01 5.42542696e-01 2.98340917e-01 6.06085777e-01 0.00000000e+00 0.00000000e+00 1.22425921e-01 1.29167527e-01 2.59362489e-01 0.00000000e+00 1.97805807e-01]]
hid2:
[[-3.45162675e-02  2.73978919e-01 -9.64107811e-02  2.24231295e-02 -4.10866924e-05  5.44478595e-01  1.10723563e-01  3.63797933e-01 -1.73307419e-01  5.55166230e-03  8.54628161e-02  4.64341193e-02  3.08339782e-02 -1.19039476e-01  1.74300335e-02]
 [-3.23323756e-02  2.69628882e-01 -9.47474390e-02  2.16590296e-02 -5.10142068e-04  5.37465096e-01  1.10762805e-01  3.57532173e-01 -1.70178846e-01  8.28340650e-03  8.44138488e-02  4.74706218e-02  3.20838951e-02 -1.16458468e-01  1.82297993e-02]
 [-3.47128361e-02  2.74610549e-01 -9.67327282e-02  2.28228867e-02 -5.74202160e-04  5.45258462e-01  1.10825926e-01  3.64092171e-01 -1.73321962e-01  6.48764055e-03  8.53413939e-02  4.65054438e-02  3.04507241e-02 -1.19158491e-01  1.64791625e-02]
 [ 4.64587100e-03  8.17056522e-02 -1.71921123e-02 -1.50103979e-02 -1.20050367e-02  2.72415429e-01  6.92543536e-02  1.38121903e-01 -4.77556922e-02  4.82403673e-02  4.14368361e-02  1.11438245e-01  6.15974963e-02 -2.07801536e-03  1.15342557e-01]
 [ 7.49205146e-03  9.81818363e-02 -2.05799975e-02 -1.44909201e-02 -4.81996685e-03  2.89290935e-01  7.67957568e-02  1.58170119e-01 -6.03834055e-02  3.64411622e-02  4.72545251e-02  1.02992311e-01  6.66070208e-02 -1.40789486e-02  1.14614077e-01]
 [ 3.78115475e-02 -3.77063975e-02  1.92326754e-02 -3.89376581e-02 -2.73707788e-02  1.14794172e-01  5.03758714e-02 -6.26131892e-04  2.97625139e-02  8.69672149e-02  1.02964044e-02  1.45073012e-01  8.36353004e-02  7.08215684e-02  1.52749136e-01]
 [ 1.67565793e-02  2.32850686e-02  3.88052315e-04 -2.38776095e-02 -2.20443811e-02  1.95753276e-01  5.76582178e-02  6.42471611e-02 -8.36799294e-03  7.76770338e-02  2.67658085e-02  1.29710972e-01  6.51270151e-02  3.37229855e-02  1.27171248e-01]
 [ 1.43989874e-03  9.07592773e-02 -2.30554789e-02 -1.19203292e-02 -1.45864822e-02  2.87731081e-01  7.05590472e-02  1.47009000e-01 -5.26492745e-02  5.24717420e-02  4.25966457e-02  1.08929336e-01  5.69852181e-02 -6.90994412e-03  1.04725547e-01]
 [ 2.35352833e-02 -1.53771639e-02  7.87918270e-03 -3.27317268e-02 -2.89161671e-02  1.52933419e-01  4.99167815e-02  2.32507437e-02  1.54890195e-02  8.95937234e-02  1.62043460e-02  1.40179127e-01  6.84472099e-02  5.67672290e-02  1.35081947e-01]
 [ 3.33447009e-02 -1.20446831e-02  1.28405485e-02 -3.53988074e-02 -2.19674017e-02  1.45357758e-01  5.68827391e-02  2.86958516e-02  1.30970851e-02  7.68183544e-02  1.75499730e-02  1.36971384e-01  8.18533972e-02  5.42697199e-02  1.47141933e-01]
 [ 5.79207689e-02 -4.20616120e-02  3.16862389e-02 -4.82475609e-02 -1.21995136e-02  8.57979432e-02  6.39908537e-02 -8.21976364e-03  3.08628045e-02  7.21610337e-02  1.37706585e-02  1.39876395e-01  1.06120430e-01  6.82625771e-02  1.73980355e-01]
 [ 5.01293018e-02 -3.92615050e-02  8.86566564e-03 -3.77597399e-02 -3.35008092e-02  1.15401268e-01  6.13230243e-02 -1.86087340e-02  3.15564498e-02  1.21223666e-01  1.06784329e-02  1.36379331e-01  8.07312205e-02  6.80671036e-02  1.16749018e-01]
 [ 1.28301140e-02 -6.49797171e-03 -1.47132389e-03 -3.23490575e-02 -2.17024144e-02  1.80772409e-01  4.60304543e-02  3.84421200e-02 -1.25341117e-04  8.06007311e-02  2.53524482e-02  1.31378531e-01  5.67519590e-02  4.47088145e-02  1.26028299e-01]
 [ 3.96433808e-02 -1.95443258e-02  1.56646371e-02 -3.36645097e-02 -2.12266948e-02  1.32237464e-01  5.64431995e-02  1.38254166e-02  1.63963139e-02  8.53376761e-02  1.79502275e-02  1.36172146e-01  8.36441740e-02  5.79263493e-02  1.44559205e-01]
 [ 4.16990668e-02 -5.92355728e-02  2.44815070e-02 -4.42437530e-02 -3.41322310e-02  8.83690417e-02  4.69969288e-02 -2.35236585e-02  4.64743711e-02  9.53037813e-02  1.73963234e-03  1.53746232e-01  8.67067352e-02  8.57417583e-02  1.58654347e-01]]
topics:
[[-3.60755883e-02  2.79951036e-01 -9.88882408e-02  2.38889568e-02 -2.84677255e-04  5.52936971e-01  1.11769058e-01  3.70532781e-01 -1.76794693e-01  5.07774670e-03  8.65278617e-02  4.48507406e-02  2.94585135e-02 -1.22342072e-01  1.40076131e-02]
 [-1.93893835e-02  4.49261069e-01 -1.00735056e+00 -2.60632366e-01 -2.25912154e-01 -4.27781492e-01 -1.09349124e-01 -3.98634046e-01 -5.14626682e-01 -2.35173553e-01  9.20926452e-01 -3.67182672e-01 -6.23627454e-02 -2.40589008e-01 -9.90656391e-03]
 [-1.32243052e-01  1.14892066e-01 -7.88679495e-02 -7.52422690e-01 -3.36428285e-01  1.65472850e-01  6.79485023e-01  3.61885160e-01  5.04702747e-01  2.21140340e-01 -3.35012764e-01  4.51383770e-01  1.25365272e-01 -3.93226631e-02  1.81223765e-01]
 [ 6.16936028e-01 -6.54962242e-01  7.33493626e-01  9.74202470e-04  1.04309773e+00  9.49443996e-01 -1.11576416e-01 -1.76083505e-01 -4.29361939e-01  2.97306329e-01 -5.96272349e-01 -1.66008309e-01 -7.58833140e-02 -6.63859904e-01  3.67411733e-01]
 [ 7.86020309e-02  3.65020372e-02  5.98675847e-01 -3.13850380e-02 -3.18501145e-01 -2.48784110e-01 -6.54356033e-02 -4.13927853e-01 -4.27266598e-01 -4.38775212e-01  1.79173529e-01 -2.51235425e-01  2.04636112e-01 -3.59743476e-01  2.59548388e-02]
 [ 4.53330368e-01  4.64516133e-01  3.58899385e-01  1.93061516e-01 -1.42396748e-01 -3.53293061e-01  4.62299973e-01  6.34581968e-02  2.06274092e-01  3.92621934e-01 -1.09701753e-01  2.86940873e-01  5.50228119e-01  5.70320226e-02  3.50307196e-01]
 [ 3.19118090e-02  1.87899709e-01 -1.00868687e-01  1.90857068e-01  1.05476522e+00  9.55473557e-02  7.00362504e-01  4.17047441e-01  1.99229509e-01  2.96882272e-01  8.53294432e-01  1.21074267e-01  2.48902068e-01  4.43167031e-01  2.03015059e-02]
 [-2.27864608e-01 -9.78606865e-02  2.74606556e-01 -5.32915741e-02  3.17713171e-02 -5.44634983e-02 -2.00675279e-01  1.83407575e-01  1.06652096e-01 -4.44308430e-01 -4.07336242e-02  3.98627639e-01  9.52510685e-02  2.05332085e-01  8.65146995e-01]
 [ 7.78566718e-01 -5.54525614e-01 -3.69932353e-01 -1.00337803e-01 -7.23499209e-02  1.95445269e-01  2.41485480e-02  2.00725272e-01 -1.08773157e-01 -5.95316529e-01 -1.90130398e-01 -2.61318713e-01  8.58158946e-01  4.28815424e-01  5.60489781e-02]
 [ 8.72014090e-03 -3.97195965e-01  7.40851164e-02 -7.07894638e-02 -1.40445396e-01 -2.37098396e-01 -8.59256536e-02 -4.40734357e-01  2.66781121e-01  3.28479707e-01 -8.50428492e-02  2.78548747e-01 -1.20150791e-02  2.95713216e-01  1.37293026e-01]]
R:
[[9.86504376e-01 8.68988980e-04 8.68988980e-04 8.68988980e-04 8.68988980e-04 8.68988980e-04 8.68988980e-04 2.37997877e-03 8.68988980e-04 5.03278896e-03]
 [9.76628423e-01 1.41488039e-03 1.41488039e-03 1.41488039e-03 1.41488039e-03 2.67366087e-03 1.41488039e-03 1.41488039e-03 1.41488039e-03 1.07936850e-02]
 [9.88652885e-01 5.42227819e-04 5.42227819e-04 5.42227819e-04 5.42227819e-04 1.03004079e-03 5.42227819e-04 1.30833325e-03 5.42227819e-04 5.75541006e-03]
 [5.86516619e-01 1.77304745e-02 1.77304745e-02 1.77304745e-02 1.77304745e-02 3.21782641e-02 1.77304745e-02 6.42214492e-02 1.77304745e-02 2.10700780e-01]
 [6.01053834e-01 2.01815311e-02 2.01815311e-02 2.01815311e-02 2.01815311e-02 3.37298773e-02 2.01815311e-02 6.58441558e-02 2.01815311e-02 1.78282902e-01]
 [3.58822405e-01 2.53081694e-02 2.99596284e-02 2.53081694e-02 2.53081694e-02 5.08544631e-02 2.53081694e-02 7.43404105e-02 3.54989767e-02 3.49291384e-01]
 [4.84607160e-01 2.00928636e-02 2.00928636e-02 2.00928636e-02 2.00928636e-02 4.00932059e-02 2.00928636e-02 6.15335628e-02 2.05015708e-02 2.92800188e-01]
 [6.14387393e-01 1.53078735e-02 1.53078735e-02 1.53078735e-02 1.53078735e-02 2.96850912e-02 1.53078735e-02 5.44769987e-02 1.53078735e-02 2.09603235e-01]
 [4.23159271e-01 2.10463423e-02 2.44673751e-02 2.10463423e-02 2.10463423e-02 3.97914089e-02 2.10463423e-02 6.26464188e-02 2.62148548e-02 3.39535296e-01]
 [3.98934126e-01 2.53173616e-02 2.97152549e-02 2.53173616e-02 2.53173616e-02 4.89828400e-02 2.53173616e-02 7.37008899e-02 3.28623354e-02 3.14535171e-01]
 [2.89713234e-01 3.67656350e-02 4.34027389e-02 3.67656350e-02 3.67656350e-02 6.72350600e-02 3.67656350e-02 8.95777494e-02 4.52637970e-02 3.17744911e-01]
 [3.71165186e-01 2.56405137e-02 3.04924715e-02 2.56405137e-02 2.56405137e-02 5.51615879e-02 2.56405137e-02 2.56405137e-02 3.45707349e-02 3.80407482e-01]
 [4.57338452e-01 2.22177412e-02 2.22845655e-02 2.22177412e-02 2.22177412e-02 2.22177412e-02 2.22177412e-02 6.10964149e-02 2.25470830e-02 3.25644732e-01]
 [3.82948309e-01 2.70514432e-02 2.70514432e-02 2.70514432e-02 2.70514432e-02 5.37158065e-02 2.70514432e-02 6.66040033e-02 3.31953838e-02 3.28279346e-01]
 [3.23088706e-01 2.45921165e-02 3.34443450e-02 2.45921165e-02 2.45921165e-02 5.33366501e-02 2.45921165e-02 7.56797343e-02 3.87117043e-02 3.77370417e-01]]
distance_matrix:
[[11.127733  10.938589  11.162911   5.747977   5.8441567  4.7894306  5.1951475  5.9939556  5.0327206  4.7999697  4.495313   5.0597467  5.189113   4.8024826  4.8102517]
 [44.639412  44.235332  44.670284  31.47285   32.438423  25.581038  28.220028  31.943655  26.539274  26.701097  25.495436  25.15377   27.349545  26.230343  24.685719 ]
 [35.582962  35.215454  35.606606  23.878115  24.796356  18.795021  20.98492   24.243574  19.505468  19.774912  18.980434  18.296364  20.154926  19.367538  18.023663 ]
 [22.097422  21.800682  22.116837  13.079992  13.7670145  9.631096  11.031235  13.329723  10.038844  10.270601   9.931206   9.25738   10.46953    9.997999   9.151927 ]
 [11.157843  10.975163  11.159577   6.518663   6.987694   5.641229   5.673646   6.499711   5.3881836  5.803737   6.550923   5.2732415  5.4162292  5.7356844  5.5807047]
 [12.466625  12.277387  12.469735   7.610431   8.07413    6.616324   6.7216473  7.6120567  6.4157352  6.7933173  7.4471145  6.26222    6.486164   6.714566   6.5398655]
 [ 5.8477373  5.72136    5.851678   3.2850833  3.5019789  3.748405   3.1769283  3.2149143  3.3188756  3.6022449  4.546233   3.5733857  3.1722276  3.6486912  3.9509144]
 [ 6.4759407  6.363283   6.4743013  4.412147   4.6537447  5.149039   4.39758    4.288515   4.6007137  4.9731364  6.154283   4.9467635  4.411978   5.039525   5.3818903]
 [ 7.6383896  7.4746456  7.672412   3.2417574  3.250267   2.8830466  2.9954853  3.4458323  3.0130665  2.7679949  2.6246006  3.1853466  3.073227   2.8111699  3.0186777]
 [ 4.6488476  4.6031027  4.645384   5.1308427  5.114643   7.459374   5.960679   4.9170685  6.6570845  6.9340644  8.457378   7.4232173  6.2822275  7.1381626  7.983219 ]
 [ 2.6916342  2.6798592  2.6902838  4.2827163  4.1321287  7.3534017  5.526078   4.046685   6.4546156  6.66032    8.304451   7.481708   5.9732685  6.9391594  8.020646 ]
 [ 8.07591    8.11817    8.053948  11.913496  11.798814  16.217175  13.603347  11.461494  14.834716  15.355785  17.878176  16.13696   14.133018  15.689802  17.061342 ]
 [ 5.3213434  5.356434   5.302293   8.945105   8.805468  13.104977  10.603275   8.521533  11.802824  12.256205  14.635937  13.038012  11.146781  12.585645  13.927335 ]
 [ 9.844029   9.873558   9.838761  13.097588  12.796637  17.228983  14.871405  12.791953  16.14642   16.311666  18.220516  17.437336  15.567099  16.651262  18.099674 ]
 [ 4.364661   4.3881874  4.3537683  7.471189   7.2712097 11.403961   9.089102   7.124647  10.259212  10.560768  12.625849  11.461559   9.670363  10.887784  12.208275 ]]
