hid1:
[[-0.45761144 -0.34597194 -0.58293164 -0.42432714 -0.45458227 -0.6150131  -0.24023312 -0.62300056 -0.73369086 -0.62179106 -0.64930695 -0.33585435 -0.19183579 -1.4577388  -0.2664333 ]
 [-0.45096964 -1.4577388  -0.5764629  -0.430337   -0.48519647 -0.6044211  -0.21840194 -0.6041834  -0.74740505 -0.6211272  -0.65681857 -0.38053727 -1.4577388  -0.8643919  -0.19876373]
 [-0.44103605 -1.4577388  -1.4577388  -0.47142595 -0.41662604 -0.5786926  -0.28261518 -0.581109   -0.72982895 -1.4577388  -1.4577388  -0.35319924 -0.27186146 -0.81552756 -0.2696716 ]
 [-0.40810484 -0.37931997 -0.63956815 -0.46855682 -0.42229384 -0.57275313 -0.25441602 -0.57629454 -0.71770465 -1.4577388  -1.4577388  -0.3575276  -0.3009679  -0.79305613 -0.29122716]
 [-0.39533877 -0.3824038  -0.6159251  -0.45613283 -0.4199745  -0.53259546 -0.2636953  -0.55810976 -0.6813791  -0.5171575  -0.5272649  -0.33927917 -0.2893529  -0.752421   -0.27591032]
 [-0.4072603  -1.4577388  -0.6078603  -0.47438073 -0.42482388 -0.54361635 -0.26467627 -0.5577514  -0.6684846  -0.5148444  -0.5302939  -0.34925985 -1.4577388  -0.743894   -0.27902094]
 [-1.4577388  -1.4577388  -0.6086856  -0.45058745 -0.3963278  -0.51214564 -0.25040087 -0.5402459  -0.6422404  -0.46325827 -0.497464   -0.28736305 -0.27911487 -0.6885326  -0.28368258]
 [-1.4577388  -0.3916263  -0.6179755  -0.4661771  -1.4577388  -0.53339344 -0.2724349  -0.52382994 -0.6623483  -0.44053406 -1.4577388  -0.30707306 -0.2646617  -0.7165062  -0.26294506]
 [-0.34811163 -1.4577388  -0.5884093  -0.45708972 -0.3921122  -1.4577388  -0.28269538 -0.5084973  -0.6030777  -1.4577388  -0.47509354 -0.31892166 -0.24966499 -0.68447185 -0.2737119 ]
 [-0.3262006  -0.34317958 -0.55718786 -0.41272748 -0.38150525 -0.45813513 -0.24762374 -0.49036193 -0.6037089  -0.41052902 -0.4513539  -0.27335334 -0.26540592 -0.6263191  -0.2652203 ]
 [-0.34088802 -0.31524858 -0.43977374 -0.39418983 -0.29060015 -0.37874103 -0.26647398 -0.4008569  -0.41003668 -0.28243926 -0.32877746 -1.4577388  -0.12881142 -0.5296342  -0.21707967]
 [-0.27344143 -0.32333186 -0.48959565 -0.38396376 -0.38810825 -1.4577388  -0.26120353 -0.42307562 -0.4607532  -0.27961126 -0.36558104 -0.29455698 -0.22944269 -0.55407166 -1.4577388 ]
 [-0.24909535 -0.31747326 -0.4465618  -0.33505157 -0.3593825  -0.41119057 -0.25409597 -0.4062081  -0.36270875 -0.25971255 -0.2691778  -0.1884897  -0.16293758 -0.54416704 -0.16029325]
 [-0.19308618 -0.2777358  -0.4340666  -0.3776967  -0.3118564  -0.2609419  -0.25203004 -0.32992837 -0.28236946 -1.4577388  -0.14573207 -0.258375   -0.08458683 -0.39799267 -0.1788176 ]
 [-0.26536924 -0.2723908  -1.4577388  -1.4577388  -0.33563894 -1.4577388  -0.25478533 -0.22882423 -0.39751792 -0.1167641  -1.4577388  -0.14560384 -0.13564736 -0.38985837 -0.06974016]]
hid2:
[[-0.39471376 -0.38993722 -0.6186204  -0.47906867 -0.41332734 -0.5066278  -0.25356644 -0.53722465 -0.6457761  -0.47475398 -0.5107148  -0.32308233 -0.27790484 -0.70672554 -0.27997026]
 [-0.39471376 -0.38993722 -0.6186204  -0.47906867 -0.41332734 -0.5066278  -0.25356644 -0.53722465 -0.6457761  -0.47475398 -0.5107148  -0.32308233 -0.27790484 -0.70672554 -0.27997026]
 [-0.39471376 -0.38993722 -0.6186204  -0.47906867 -0.41332734 -0.5066278  -0.25356644 -0.53722465 -0.6457761  -0.47475398 -0.5107148  -0.32308233 -0.27790484 -0.70672554 -0.27997026]
 [-0.39471367 -0.38993713 -0.6186203  -0.47906852 -0.4133273  -0.5066276  -0.25356647 -0.5372245  -0.64577585 -0.47475377 -0.5107146  -0.3230822  -0.27790475 -0.70672524 -0.2799702 ]
 [-0.39471185 -0.38993552 -0.61861736 -0.4790663  -0.41332623 -0.50662476 -0.25356638 -0.5372213  -0.64577234 -0.47475022 -0.5107109  -0.32308063 -0.27790308 -0.70672095 -0.2799687 ]
 [-0.394712   -0.38993564 -0.61861765 -0.47906652 -0.41332626 -0.50662506 -0.25356635 -0.5372216  -0.64577264 -0.4747506  -0.51071125 -0.32308078 -0.2779032  -0.7067214  -0.27996883]
 [-0.39470252 -0.38992766 -0.6186031  -0.47905546 -0.4133204  -0.50661093 -0.25356534 -0.53720665 -0.64575535 -0.47473347 -0.510693   -0.3230725  -0.2778948  -0.70670015 -0.27996105]
 [-0.39469776 -0.38992286 -0.6185947  -0.47904834 -0.41331816 -0.5066025  -0.2535665  -0.53719705 -0.64574456 -0.47472185 -0.51068133 -0.32306775 -0.27789026 -0.7066868  -0.27995723]
 [-0.3945994  -0.38984448 -0.6184523  -0.4789436  -0.41325256 -0.50646394 -0.25354484 -0.5370531  -0.6455772  -0.47456357 -0.510509   -0.32298622 -0.27780473 -0.70648456 -0.2798763 ]
 [-0.35456172 -0.3514767  -0.55038047 -0.42349097 -0.3921938  -0.4393515  -0.25851747 -0.46187818 -0.5606368  -0.38552594 -0.41929314 -0.2846635  -0.2404757  -0.60157675 -0.24737836]
 [-0.38431147 -0.3794201  -0.6000762  -0.46357676 -0.4083335  -0.48828188 -0.2560245  -0.5162858  -0.6222842  -0.44953915 -0.48523432 -0.31269154 -0.26799354 -0.677558   -0.27156425]
 [-0.39050356 -0.38595307 -0.61154115 -0.47333723 -0.411069   -0.49965414 -0.2539822  -0.529449   -0.636975   -0.46558255 -0.5012867  -0.3190924  -0.27399904 -0.6958696  -0.2765495 ]
 [-0.3498016  -0.34253308 -0.5354329  -0.40823644 -0.39350358 -0.42411092 -0.2684215  -0.4417005  -0.5391708  -0.35831505 -0.3942209  -0.27664053 -0.23433866 -0.5738413  -0.2438131 ]
 [-0.39301068 -0.38894266 -0.61672205 -0.47797    -0.41187668 -0.5048294  -0.25242302 -0.53566223 -0.6438168  -0.47338533 -0.5089047  -0.32195652 -0.2765641  -0.7044836  -0.27854443]
 [-0.34483638 -0.33755296 -0.5266438  -0.40092084 -0.39108518 -0.41542023 -0.26950976 -0.4318084  -0.5280612  -0.34643102 -0.38218826 -0.2717123  -0.22962327 -0.56005824 -0.23979801]]
topics:
[[-0.39471376 -0.38993722 -0.6186204  -0.47906867 -0.41332734 -0.5066278  -0.25356644 -0.53722465 -0.6457761  -0.47475398 -0.5107148  -0.32308233 -0.27790484 -0.70672554 -0.27997026]
 [-0.0174549   0.49720636 -0.25182694 -0.22550267  0.09033325 -0.4692888  -0.10168722  0.01956617 -0.53524655  0.0220316   0.95724756 -0.33507076 -0.05749819 -0.25374538  0.03942326]
 [-0.14753638  0.19038455  0.09147244 -0.7806134   0.28380927 -0.05587678  1.3184556   0.2355047   0.53995234  0.27116793 -0.3062379   0.43854278 -0.03730835  0.03125932  0.08542968]
 [ 0.5965705  -0.8227048  -0.67328465 -0.05235824  1.0686373   0.74980456 -0.04572173 -0.07449917 -0.38849327 -0.68511844 -0.5213668  -0.17945702 -0.05059449 -0.63992596  0.2104853 ]
 [ 0.09273377  0.25103137  0.6174249  -0.0248553  -0.33824885  0.10765486  0.12017851 -0.42897508 -0.40138206 -0.13719498  0.30049825 -0.27462944  0.20141186 -0.3240737   0.05204654]
 [ 0.5354952   0.42163903  0.39731765  0.18525869 -0.15829645 -0.44627425  0.51371306  0.30596367  0.15638077  0.39232105 -0.11698274  0.26734248  0.8762931   0.04220618  0.53162116]
 [-0.02642222  0.00385131  0.07145721  0.11178041 -0.25517285  0.17842089 -0.38613996  0.25908327  0.24154676  0.49928153  0.46100196  0.06175744  0.081312    0.4005916   0.01618325]
 [-0.2690319  -0.11719574 -0.17535797 -0.07019414  0.24522194  0.14149451 -0.15872459  0.25509426  0.13324507 -0.6201029   0.26328462  0.43381447  0.04443225  0.24710155  0.6795679 ]
 [ 0.7426588  -0.45943823 -0.05361725 -0.07567551 -0.28279004  0.74998087 -0.09161889 -0.22886387 -0.01819574 -0.25370497 -0.15279493 -0.26713172  0.46790805  0.47515076 -0.00667651]
 [-0.03775777 -0.5418356   0.00613987 -0.14018998 -0.09621977 -0.21319443 -0.07913549 -0.57107294  0.23726128  0.27391818 -0.14392795  0.2664617  -0.0740049   0.27120242  0.07621555]]
R:
[[1.0000000e+00 1.3178053e-13 1.5571851e-13 1.3178053e-13 1.3178053e-13 1.3178053e-13 2.0367770e-11 1.3178053e-13 1.3178053e-13 1.3178053e-13]
 [1.0000000e+00 1.3953513e-13 1.3953513e-13 1.3953513e-13 1.3953513e-13 1.3953513e-13 5.6501574e-12 1.3953513e-13 1.3953513e-13 1.3953513e-13]
 [1.0000000e+00 5.2734011e-12 5.2734011e-12 5.2734011e-12 5.2734011e-12 5.2734011e-12 2.5641039e-10 5.2734011e-12 5.2734011e-12 5.2734011e-12]
 [9.9999976e-01 9.9694475e-09 9.9694475e-09 9.9694475e-09 9.9694475e-09 9.9694475e-09 2.1977971e-07 9.9694475e-09 9.9694475e-09 9.9694475e-09]
 [9.9999547e-01 1.3653039e-07 1.3653039e-07 1.3653039e-07 1.3653039e-07 1.3653039e-07 3.4497452e-06 1.3653039e-07 1.3653039e-07 1.3653039e-07]
 [9.9999583e-01 1.3434402e-07 1.3434402e-07 1.3434402e-07 1.3434402e-07 1.3434402e-07 3.0607835e-06 1.3434402e-07 1.3434402e-07 1.3434402e-07]
 [9.9997413e-01 1.0040947e-06 1.0040947e-06 1.0040947e-06 1.0040947e-06 1.0040947e-06 1.7936431e-05 1.0040947e-06 1.0040947e-06 1.0040947e-06]
 [9.9996173e-01 1.1076125e-06 1.1076125e-06 1.1076125e-06 1.1076125e-06 1.1076125e-06 2.9549790e-05 1.1076125e-06 1.1076125e-06 1.1076125e-06]
 [9.9974567e-01 1.2107269e-05 1.2107269e-05 1.2107269e-05 1.2107269e-05 1.2107269e-05 1.5741320e-04 1.2107269e-05 1.2107269e-05 1.2107269e-05]
 [8.9948183e-01 1.8347879e-03 1.8347879e-03 1.8347879e-03 1.8347879e-03 1.8347879e-03 8.5839935e-02 1.8347879e-03 1.8347879e-03 1.8347879e-03]
 [9.7290659e-01 2.4839299e-04 2.4839299e-04 2.4839299e-04 2.4839299e-04 2.4839299e-04 2.5106249e-02 2.4839299e-04 2.4839299e-04 2.4839299e-04]
 [9.8955268e-01 2.1236272e-04 2.1236272e-04 2.1236272e-04 2.1236272e-04 2.1236272e-04 8.7485211e-03 2.1236272e-04 2.1236272e-04 2.1236272e-04]
 [8.7922680e-01 2.5331040e-04 2.5331040e-04 2.5331040e-04 2.5331040e-04 2.5331040e-04 1.1874663e-01 2.5331040e-04 2.5331040e-04 2.5331040e-04]
 [9.9694759e-01 3.3915401e-04 3.3915401e-04 3.3915401e-04 3.3915401e-04 3.3915401e-04 3.3915401e-04 3.3915401e-04 3.3915401e-04 3.3915401e-04]
 [8.6637056e-01 3.8827144e-04 3.8835104e-04 3.8827144e-04 3.8827144e-04 3.8827144e-04 1.3052326e-01 3.8827144e-04 3.8827144e-04 3.8827144e-04]]
distance_matrix:
[[29.726719 29.726719 29.726719 29.726707 29.72683  29.72683  29.72747  29.72789  29.73462  33.9577   30.715347 30.082413 35.354523 29.809238 36.10659 ]
 [37.754955 37.754955 37.754955 37.754967 37.75512  37.75511  37.755943 37.756393 37.76422  42.502842 38.88462  38.164307 44.01647  37.851376 44.835335]
 [33.472454 33.472454 33.472454 33.472435 33.472603 33.47258  33.473198 33.47354  33.47946  37.247272 34.33316  33.781303 38.5122   33.54697  39.20395 ]
 [28.806347 28.806347 28.806347 28.80635  28.806473 28.806473 28.80706  28.807396 28.813301 32.517467 29.64444  29.108978 33.72632  28.88522  34.407677]
 [29.926266 29.926266 29.926266 29.926285 29.926346 29.926353 29.926682 29.92688  29.93052  32.478207 30.443779 30.109123 33.389107 29.979198 33.91893 ]
 [24.60477  24.60477  24.60477  24.60476  24.604858 24.604866 24.60514  24.6053   24.60836  26.96156  25.076042 24.7668   27.883163 24.644573 28.390587]
 [27.812428 27.812428 27.812428 27.812424 27.812492 27.812492 27.812592 27.812675 27.814568 29.271381 28.014664 27.883598 29.798203 27.856052 30.179832]
 [42.94177  42.94177  42.94177  42.941772 42.94182  42.94181  42.94216  42.942368 42.94612  45.32638  43.396233 43.108818 46.061172 43.010303 46.562332]
 [39.732754 39.732754 39.732754 39.732735 39.732834 39.732803 39.733093 39.733208 39.73635  41.689396 40.062126 39.85624  42.260704 39.79958  42.703194]
 [24.59731  24.59731  24.59731  24.597305 24.597397 24.59742  24.597542 24.59761  24.599579 26.121357 24.82087  24.674873 26.690826 24.638622 27.082298]
 [39.467686 39.467686 39.467686 39.467667 39.46752  39.46756  39.46698  39.46649  39.461502 36.895344 38.520218 39.125366 36.109604 39.46152  35.95012 ]
 [34.186314 34.186314 34.186314 34.186302 34.18625  34.18627  34.185905 34.185616 34.182617 32.896603 33.610924 33.974915 32.578194 34.188854 32.593407]
 [34.43247  34.43247  34.43247  34.432465 34.432358 34.432365 34.4317   34.431236 34.425674 31.664211 33.43853  34.069206 30.888863 34.413166 30.706856]
 [45.08881  45.08881  45.08881  45.0888   45.088623 45.08866  45.087807 45.087112 45.079514 41.256405 43.79988  44.61566  40.202377 45.046497 39.88095 ]
 [39.45489  39.45489  39.45489  39.45488  39.454712 39.454735 39.45407  39.453484 39.447258 36.338146 38.365257 39.055573 35.47869  39.427006 35.25138 ]]
