hid1:
[[0.01317187 0.00423725 0.01030186 0.         0.09011625 0.         0.0476433  0.         0.05482649 0.03191101 0.         0.05765773 0.05099779 0.         0.07952565]
 [0.0149545  0.01751639 0.00478782 0.         0.08395089 0.         0.03973125 0.         0.05650458 0.03737392 0.         0.05162255 0.0499292  0.         0.06680354]
 [0.01022275 0.01765572 0.00113211 0.         0.08480745 0.         0.04258895 0.         0.05706074 0.02957452 0.         0.05708751 0.0458197  0.         0.06851065]
 [0.00441681 0.01643242 0.         0.         0.07899036 0.         0.0442995  0.         0.050389   0.03188756 0.         0.05434053 0.04957338 0.         0.07908543]
 [0.         0.01651167 0.         0.         0.06794947 0.         0.03526776 0.         0.0422991  0.03525479 0.         0.05931658 0.05387994 0.         0.07575696]
 [0.         0.02261116 0.         0.00115236 0.06491622 0.         0.03683729 0.         0.03828205 0.04197866 0.         0.06455667 0.04801156 0.         0.07890301]
 [0.         0.02483327 0.         0.00627903 0.05506266 0.         0.0386908  0.00635982 0.04669688 0.03717776 0.00390415 0.058555   0.04272217 0.         0.0667194 ]
 [0.         0.02677148 0.         0.0070166  0.05958242 0.00275326 0.04172926 0.         0.03367142 0.04446495 0.00221652 0.05188261 0.05573698 0.         0.06691474]
 [0.         0.01928066 0.         0.0037961  0.05239711 0.00766776 0.03802128 0.01155144 0.04334062 0.041549   0.00570945 0.06205508 0.04556718 0.         0.06630626]
 [0.         0.03300896 0.01378871 0.00180983 0.0554245  0.03827037 0.04741419 0.03891037 0.02435719 0.         0.03983702 0.06585208 0.06685776 0.         0.06832945]
 [0.         0.03100956 0.0073043  0.00043199 0.04196521 0.02479203 0.05161807 0.0144922  0.03802199 0.04266974 0.02730015 0.04641474 0.04441655 0.         0.05488921]
 [0.         0.03407773 0.01632914 0.00331278 0.04567725 0.02382598 0.04505339 0.01679624 0.03328167 0.03399201 0.03477422 0.04765343 0.04387382 0.         0.0489024 ]
 [0.         0.03387683 0.0102832  0.         0.04240848 0.04677863 0.06535514 0.04594726 0.         0.         0.02902939 0.06481046 0.1088618  0.         0.06945761]
 [0.00046916 0.02641823 0.01347083 0.         0.03954799 0.0401219  0.06615634 0.04707872 0.         0.         0.04567057 0.05548066 0.08177759 0.         0.07869741]
 [0.         0.04476537 0.00309023 0.         0.02649122 0.0528532  0.06016751 0.04854583 0.00779298 0.         0.05207467 0.06401581 0.08049122 0.02877104 0.05720927]]
hid2:
[[ 0.00655963  0.02505225  0.00380947  0.00238741  0.06909545  0.0064311   0.03916353  0.00171942  0.03767445  0.03455462  0.00424016  0.05943421  0.0550284   0.0050106   0.06840229]
 [ 0.00896191  0.02359106  0.00522858  0.0023382   0.07129256  0.003923    0.0398316  -0.00370217  0.03935883  0.04052214  0.00180171  0.05725047  0.05378404  0.00322368  0.06720821]
 [ 0.0049691   0.02723348  0.00452038  0.00378783  0.06785977  0.00968739  0.03964642  0.00489536  0.03701714  0.03436896  0.006354    0.0608715   0.0561581   0.00643335  0.06805173]
 [ 0.00860054  0.02254521  0.00275613  0.00052771  0.06981714  0.00337075  0.03875402 -0.00101252  0.03780589  0.03365628  0.00241481  0.05769885  0.05426684  0.00344881  0.06897822]
 [ 0.00858086  0.02615598  0.00367324  0.00169742  0.06369334  0.0135348   0.04140073  0.00843908  0.03309073  0.02972227  0.00956814  0.05850953  0.05971283  0.00569378  0.06855624]
 [ 0.0085386   0.0251683   0.00346224  0.00142397  0.06550265  0.01061954  0.04064388  0.00568302  0.03450032  0.03099784  0.00749472  0.05830913  0.05811781  0.00506824  0.06864264]
 [ 0.00727388  0.02889968  0.00464984  0.00326423  0.06131422  0.01869142  0.04250199  0.01314156  0.03153233  0.02910034  0.01298135  0.05986986  0.06191024  0.00739616  0.06804468]
 [ 0.00402891  0.03269129  0.00604981  0.00599439  0.06011406  0.02331568  0.04300461  0.01757924  0.03123419  0.02988608  0.01581831  0.06263249  0.0630839   0.00984492  0.0673195 ]
 [ 0.00589129  0.03211142  0.00567355  0.00495724  0.05812071  0.02513993  0.04389285  0.01916386  0.02934339  0.0277699   0.01733228  0.06139542  0.06480386  0.00942291  0.06753282]
 [ 0.01133047  0.03072947  0.00450709  0.00192172  0.05151819  0.03154805  0.04671326  0.02500327  0.02318798  0.02069136  0.02258254  0.05788167  0.07046685  0.00844024  0.06822859]
 [ 0.01040113  0.03242023  0.00511167  0.00293476  0.05022924  0.03451239  0.04730406  0.02772781  0.02238506  0.02044386  0.0245262   0.05879631  0.0716623   0.00949819  0.06791294]
 [ 0.01245693  0.03227601  0.00653815  0.00319862  0.05010752  0.03558422  0.04868933  0.02617674  0.02226916  0.02407773  0.02473682  0.05718637  0.07235217  0.00868272  0.06681302]
 [ 0.00903646  0.03511452  0.00605631  0.00449271  0.04798149  0.03945839  0.04832756  0.03227542  0.02093318  0.01986067  0.02779634  0.06018551  0.07373463  0.01118194  0.06742237]
 [ 0.01085057  0.03744833  0.00641044  0.00440431  0.04107517  0.04944286  0.05132834  0.04146952  0.01526278  0.014566    0.03505572  0.05962471  0.07981959  0.0125778   0.06730279]
 [ 0.00969538  0.03652775  0.00632536  0.00464034  0.04450406  0.04468652  0.04983416  0.03710803  0.01812632  0.01730603  0.03156196  0.06010754  0.07680534  0.01204155  0.0673152 ]]
topics:
[[-1.14605501e-02  8.91220942e-02  2.40637101e-02  3.25286649e-02 -8.19804892e-03  1.51466623e-01  7.36861378e-02  1.35101780e-01 -1.80657543e-02 -2.28311983e-03  1.03288531e-01  8.39668959e-02  1.24940969e-01  4.47382964e-02  5.81878759e-02]
 [-5.07789180e-02  1.85529485e-01 -3.09760273e-01 -8.84213299e-02 -7.51014352e-02 -1.15526333e-01 -5.61323613e-02 -9.89258662e-02 -2.43543521e-01 -1.21623330e-01  2.06315205e-01 -1.41742170e-01 -1.13102114e-02 -1.50340989e-01  3.59064788e-02]
 [-5.20520285e-02  5.84763736e-02  2.22471301e-02 -2.88380861e-01  2.32997276e-02  8.61432180e-02  5.35779536e-01  1.08266294e-01  2.13334084e-01  5.86411096e-02 -9.89818722e-02  1.97399974e-01 -9.73308273e-03  2.27262426e-04  3.05418491e-01]
 [ 3.01385880e-01 -2.23009437e-01 -1.36056796e-01  2.00744765e-03  4.72583055e-01  2.99708575e-01 -5.36970375e-03 -9.82673615e-02 -1.61525413e-01  1.75004572e-01 -1.38277769e-01 -8.17072541e-02  2.59690383e-03 -2.13852659e-01  6.67587668e-02]
 [ 1.09859779e-02  2.22759098e-02  2.79471993e-01 -3.53751630e-02 -7.89674819e-02 -7.24513605e-02  2.92926095e-02 -1.69119865e-01 -1.37351811e-01 -1.66840598e-01  1.27431378e-01 -9.51487646e-02  6.67294040e-02 -1.65384650e-01  6.00832999e-02]
 [ 1.45323962e-01  1.31005526e-01  1.81377456e-01  6.68073297e-02 -1.21165784e-02 -8.67859274e-02  1.42837539e-01  5.17727360e-02  4.71598729e-02  1.55847922e-01 -5.38053028e-02  1.28028736e-01  3.81254464e-01  7.60412542e-03  1.21556530e-02]
 [ 7.79479463e-03 -9.68619436e-02  4.75889035e-02  9.43252668e-02 -8.86486173e-02  8.46096128e-02 -1.35163784e-01  2.03217074e-01  9.29386839e-02  1.34685755e-01  2.67157227e-01  7.08629712e-02  1.01997450e-01  1.67282626e-01 -3.42533849e-02]
 [-9.92041752e-02  1.50330327e-02 -8.54333937e-02 -2.51191594e-02  8.55991319e-02 -8.23649690e-02 -4.52160239e-02  6.63839355e-02  4.90673482e-02 -1.76668122e-01 -2.49740109e-02  1.40761063e-01  6.16611401e-03  4.05084863e-02  1.35534480e-01]
 [ 2.94033587e-01 -1.89619124e-01 -1.15687534e-01 -3.97562347e-02 -9.07451510e-02  4.87856455e-02 -1.54844346e-02  3.60028818e-02  9.89832953e-02 -2.37120345e-01 -1.06507085e-01 -1.07598834e-01  1.66623101e-01  1.55876815e-01  4.66077216e-02]
 [-2.53234655e-02  6.57924777e-03  7.91393779e-03  1.45493615e-02  1.59910634e-01 -1.11662038e-01  3.14196851e-03 -1.13035023e-01  1.14774190e-01  1.20391257e-01 -8.50891769e-02  7.33259395e-02 -2.30162926e-02 -7.27919815e-03  6.44413158e-02]]
R:
[[0.29176542 0.03859058 0.03859058 0.03859058 0.03859058 0.03859058 0.03859058 0.05880473 0.03859058 0.37929574]
 [0.2787349  0.04002398 0.04002398 0.04002398 0.04002398 0.04002398 0.04002398 0.04002398 0.04002398 0.4010733 ]
 [0.3137271  0.03617766 0.03617766 0.03617766 0.03617766 0.03617766 0.03617766 0.05721708 0.03617766 0.37581214]
 [0.26714313 0.04180631 0.04180631 0.04180631 0.04180631 0.04180631 0.04180631 0.06285889 0.04180631 0.37735382]
 [0.30938077 0.04092934 0.04092934 0.04092934 0.04092934 0.04092934 0.04092934 0.06115157 0.04092934 0.34296224]
 [0.2976969  0.0410816  0.0410816  0.0410816  0.0410816  0.0410816  0.0410816  0.06124992 0.0410816  0.35348204]
 [0.33846825 0.03858908 0.03858908 0.03858908 0.03858908 0.03858908 0.03858908 0.05788338 0.03858908 0.3335248 ]
 [0.3754869  0.03371983 0.03371983 0.03371983 0.03371983 0.03371983 0.03371983 0.05378777 0.03371983 0.33468643]
 [0.37291786 0.03611727 0.03611727 0.03611727 0.03611727 0.03611727 0.03611727 0.05515978 0.03611727 0.31910148]
 [0.3691596  0.04317389 0.04317389 0.04317389 0.04317389 0.04317389 0.04317389 0.06048792 0.04317389 0.26813525]
 [0.38681155 0.04159228 0.04159228 0.04159228 0.04159228 0.04159228 0.04159228 0.05852591 0.04159228 0.26351658]
 [0.3886589  0.04261733 0.04261733 0.04261733 0.04261733 0.04261733 0.04261733 0.04261733 0.04261733 0.2704024 ]
 [0.415207   0.03921695 0.03921695 0.03921695 0.03921695 0.03921695 0.03921695 0.05551277 0.03921695 0.2547616 ]
 [0.44665682 0.04087937 0.04087937 0.04087937 0.04087937 0.04087937 0.04087937 0.05562472 0.04087937 0.21156283]
 [0.4332546  0.03968965 0.03968965 0.03968965 0.03968965 0.03968965 0.03968965 0.05531629 0.03968965 0.23360159]]
distance_matrix:
[[0.2206397  0.21195221 0.25855303 0.19468737 0.27020836 0.2421856  0.33702683 0.43882704 0.44769216 0.5541167  0.6162219  0.6070795  0.7364824  1.0210137  0.8778415 ]
 [0.27735853 0.2669754  0.31017828 0.25851965 0.33085775 0.30347586 0.3920815  0.4836092  0.4968927  0.6165161  0.6749592  0.6636648  0.78964686 1.0760126  0.93119144]
 [0.15880513 0.15184236 0.1909101  0.14001107 0.20774913 0.18176723 0.2675147  0.35870004 0.3701887  0.48382878 0.5415156  0.53157353 0.6548281  0.9356978  0.7936456 ]
 [0.12423754 0.12419128 0.1519618  0.10906982 0.16231775 0.14056587 0.21522832 0.30057383 0.30906987 0.4121585  0.46592665 0.45718908 0.57264686 0.8388734  0.70385647]
 [0.10597181 0.1254201  0.12503958 0.09652233 0.11494207 0.1035099  0.15332437 0.22877598 0.22775388 0.29828453 0.34395885 0.3403716  0.43678117 0.66548634 0.5488486 ]
 [0.10918713 0.13461113 0.11231852 0.11901617 0.1144557  0.10913467 0.13321376 0.17996454 0.18519568 0.27247    0.30591822 0.3006301  0.37943578 0.59584856 0.48345137]
 [0.12438726 0.17220259 0.11402607 0.14513397 0.09486151 0.10290956 0.0923326  0.12138271 0.11676955 0.16950607 0.19082785 0.18979073 0.24388862 0.41369915 0.32375383]
 [0.13114071 0.18133736 0.11447144 0.15933418 0.0986104  0.10948563 0.08800578 0.10598421 0.10308576 0.1600585  0.17641258 0.17427206 0.22156453 0.3846674  0.29735947]
 [0.12906718 0.18046641 0.11605191 0.15215373 0.09364057 0.10407853 0.08703327 0.1123898  0.10628271 0.15367055 0.172642   0.17201018 0.22177362 0.38346696 0.2973907 ]
 [0.31815195 0.41202402 0.27808285 0.36340094 0.21330643 0.2504859  0.16385007 0.15355062 0.12780547 0.10641575 0.10097361 0.10689688 0.10894847 0.17737532 0.13621998]
 [0.45604658 0.55559444 0.40705347 0.5110812  0.34252405 0.38484764 0.2809813  0.2559409  0.23049855 0.20828295 0.19556093 0.20062399 0.19176507 0.24562979 0.21084976]
 [0.5157027  0.6204953  0.4650278  0.57172203 0.3966112  0.44090128 0.332402   0.30547857 0.27827573 0.2499094  0.23569489 0.24302578 0.22933221 0.27615547 0.24481821]
 [0.6725879  0.810657   0.61028767 0.7322197  0.4858942  0.5515132  0.3971498  0.36255407 0.30868173 0.19248486 0.16537142 0.17748594 0.13595223 0.0989542  0.10970354]
 [0.6629989  0.80469775 0.5980542  0.725682   0.4765346  0.5429156  0.38495588 0.3455398  0.29320288 0.18117213 0.15223193 0.16655755 0.11997271 0.08220649 0.09300208]
 [0.71938324 0.86376286 0.65184355 0.78428936 0.5259776  0.59501505 0.43009877 0.38726282 0.33285928 0.21375418 0.18237877 0.196064   0.14600825 0.09882021 0.11417198]]
