hid1:
[[0.07626691 0.         0.         0.         0.         0.         0.         0.         0.11666128 0.0864663  0.         0.21491303 0.089523   0.22218862 0.34116584]
 [0.11410884 0.         0.         0.         0.0576148  0.         0.         0.         0.11429188 0.01585768 0.         0.17619404 0.13213134 0.20145947 0.3807901 ]
 [0.07511926 0.         0.         0.         0.00736086 0.         0.         0.         0.0890977  0.0900277  0.         0.2067492  0.11936287 0.2002835  0.35039145]
 [0.06510969 0.         0.         0.         0.         0.         0.         0.         0.1057011  0.03865593 0.         0.17507623 0.11540442 0.17664081 0.29270554]
 [0.03168009 0.         0.         0.         0.         0.         0.         0.         0.08413815 0.02924493 0.         0.15243776 0.13495894 0.15270004 0.21650389]
 [0.00911291 0.         0.         0.         0.         0.         0.         0.         0.09708996 0.02011907 0.         0.15460604 0.10893042 0.17427063 0.20056516]
 [0.00075812 0.         0.         0.         0.         0.         0.         0.         0.04628851 0.         0.         0.15247495 0.13931334 0.13744812 0.22771358]
 [0.         0.         0.         0.         0.         0.         0.         0.         0.04691299 0.         0.         0.15615375 0.1162513  0.13116941 0.19629407]
 [0.         0.         0.         0.         0.         0.         0.         0.         0.04498714 0.         0.         0.15514961 0.12698212 0.11887257 0.19472988]
 [0.         0.         0.         0.         0.         0.         0.06640811 0.         0.         0.         0.         0.13637413 0.11628635 0.08721618 0.17801306]
 [0.         0.01061675 0.         0.         0.         0.         0.05800495 0.         0.         0.         0.         0.15445174 0.10776121 0.09688938 0.20964625]
 [0.         0.04255858 0.         0.         0.         0.         0.05586307 0.         0.         0.         0.         0.14664072 0.08571197 0.0692754  0.17971154]
 [0.         0.06935582 0.         0.         0.         0.         0.11183277 0.         0.         0.         0.         0.1428344  0.06689838 0.0347835  0.15802914]
 [0.         0.11675544 0.         0.         0.         0.         0.09991854 0.         0.         0.         0.         0.1402321  0.14337598 0.02987163 0.22918707]
 [0.         0.07792383 0.         0.         0.         0.         0.10689721 0.         0.         0.         0.         0.14369293 0.07755169 0.03368605 0.21272247]]
hid2:
[[ 0.00691172 -0.11060797 -0.00435932 -0.03097863 -0.00147966 -0.05799653  0.00391034 -0.07566673  0.09099815  0.02653112 -0.0076048   0.16355619  0.09503243  0.16167003  0.22903898]
 [ 0.0485492  -0.09375079 -0.01578007 -0.02434631 -0.03434138 -0.06666804  0.04344175 -0.11615623  0.0873853   0.09337916 -0.0127601   0.14086     0.11001647  0.14695182  0.15235676]
 [ 0.02352353 -0.07225004  0.00636362 -0.0231539  -0.00412893 -0.05111957  0.02897127 -0.05634959  0.07917618  0.02418564 -0.00694343  0.16223535  0.11769573  0.14475927  0.23319504]
 [ 0.02784861 -0.07231236  0.00924249 -0.02432448 -0.00179715 -0.05065844  0.02982434 -0.04750259  0.07837883  0.01642594 -0.00543739  0.16189408  0.12391614  0.1449985   0.24142048]
 [ 0.01826871 -0.02553459 -0.00067461 -0.01870762 -0.00192392 -0.01631561  0.04945346 -0.04411449  0.04811779  0.00581621 -0.00460675  0.15528515  0.12057509  0.11343806  0.22748488]
 [ 0.01837057 -0.03421859 -0.00039238 -0.01833408 -0.00379564 -0.02301744  0.04469275 -0.04751852  0.05459177  0.00991197 -0.00656469  0.157208    0.11954735  0.12058699  0.22725376]
 [ 0.01394969 -0.03226494 -0.00349354 -0.01687246 -0.00608702 -0.02209685  0.04456133 -0.05545022  0.05420656  0.01651988 -0.00810692  0.15737283  0.1137595   0.11930788  0.21918976]
 [ 0.00187889 -0.00658318 -0.01043898 -0.01164647 -0.00752571 -0.00452612  0.05198262 -0.05983385  0.03982214  0.01541163 -0.01001463  0.15664065  0.10551284  0.10381909  0.20827252]
 [ 0.00835009 -0.01591529 -0.00692796 -0.01505955 -0.00533933 -0.00994201  0.05058592 -0.05535034  0.04369082  0.01319907 -0.00756107  0.15571046  0.11046384  0.10795724  0.21454223]
 [ 0.01280649  0.01407884 -0.00904726 -0.01566833 -0.00154995  0.01322637  0.06882933 -0.04249561  0.02105615 -0.000939   -0.00195062  0.14732692  0.1182375   0.08408557  0.21293232]
 [ 0.00852764  0.03647159 -0.01253498 -0.01535555  0.00057381  0.02938627  0.08058232 -0.04347291  0.00555298 -0.00226514  0.00153427  0.14267686  0.11454158  0.065456    0.20434424]
 [ 0.03136844  0.03157783 -0.03019205 -0.01386365 -0.02352375  0.02531225  0.09703131 -0.07973453  0.00496144  0.04118579 -0.00392089  0.12476563  0.11629517  0.06226045  0.1453622 ]
 [-0.00734275  0.04482418 -0.02191709 -0.01150005 -0.00123618  0.04085868  0.07615247 -0.05082597 -0.00076962 -0.00540547 -0.00281944  0.14446212  0.10213596  0.0617476   0.19683784]
 [-0.01391103  0.1140333  -0.02499478 -0.0002777  -0.00146248  0.07865247  0.10660906 -0.03734159 -0.0363565  -0.01796078 -0.0024716   0.14052096  0.10729278  0.02176565  0.18835685]
 [-0.00355191  0.06609714 -0.01740104 -0.00776035 -0.0005648   0.04779822  0.08730434 -0.0401561  -0.00891069 -0.01053777 -0.00207733  0.14455923  0.1106175   0.05152258  0.20114969]]
topics:
[[-7.58984163e-02  3.48780751e-01 -8.08003619e-02  4.78346571e-02 -2.63118278e-02  2.28862315e-01  1.95613861e-01 -5.66090457e-02 -1.65894747e-01 -2.71246452e-02 -1.99838951e-02  1.21711954e-01  7.48987272e-02 -1.16196595e-01  8.70474577e-02]
 [ 5.28831817e-02  4.63294089e-01 -1.16586769e+00 -3.23405713e-01 -7.79765621e-02 -5.07631242e-01 -1.43309161e-01 -1.94137201e-01 -5.81975639e-01 -2.64459252e-01  1.13765550e+00 -4.22324896e-01 -5.87072857e-02 -2.86637962e-01  2.29396694e-03]
 [-1.53406337e-01  1.75533667e-01 -1.03068210e-01 -8.64725113e-01  3.06394517e-01  1.00102797e-01  8.74570608e-01  1.69739783e-01  5.90753436e-01  2.85781562e-01 -2.82144397e-01  5.71764290e-01  1.45208552e-01 -2.33077183e-02  2.68774539e-01]
 [ 6.72196686e-01 -7.24233866e-01  8.15718889e-01  1.56705249e-02  1.28463483e+00  1.13657117e+00 -1.18838206e-01 -4.55583632e-01 -5.26410699e-01  3.11017811e-01 -6.73564792e-01 -1.59862757e-01 -8.22129771e-02 -7.35350907e-01  4.39702749e-01]
 [ 7.47951865e-02  5.92331327e-02  7.46018052e-01 -4.32279594e-02 -3.60555112e-01 -2.99883276e-01 -6.39415160e-02 -2.43070170e-01 -4.69349205e-01 -5.12698770e-01  2.36908197e-01 -2.71943927e-01  2.55585521e-01 -3.94307613e-01  4.66666743e-02]
 [ 4.92086649e-01  5.49709857e-01  4.59605485e-01  2.46461004e-01 -1.78717509e-01 -4.17709291e-01  5.07264137e-01  2.05173001e-01  2.28376299e-01  4.34880674e-01 -8.53996277e-02  3.10455620e-01  6.64437354e-01  8.61453265e-02  3.35015297e-01]
 [ 2.74049342e-02  1.99489608e-01 -9.51982141e-02  1.88604936e-01 -3.47382426e-01  1.37851581e-01  7.61276186e-01  4.85040009e-01  2.62403011e-01  3.44346792e-01  7.03701496e-01  1.74056754e-01  2.79875487e-01  4.94978935e-01  4.51006852e-02]
 [-2.46895924e-01 -6.37348816e-02  2.37807110e-01 -2.92601902e-02  2.82631576e-01 -4.43454124e-02 -2.15397090e-01  4.23389226e-01  1.33418754e-01 -5.38415372e-01  3.76067348e-02  4.08400059e-01  1.24828279e-01  2.50910699e-01  1.01366782e+00]
 [ 8.99523079e-01 -6.54822886e-01 -4.30376947e-01 -1.21476211e-01 -3.43334377e-01  1.84632137e-01 -5.21436217e-04  4.52488452e-01 -4.85220365e-02 -7.15907991e-01 -1.61250323e-01 -2.91960448e-01  9.32570100e-01  4.98327374e-01  1.31924003e-01]
 [ 6.44019525e-03 -4.26645279e-01 -4.78872145e-03 -5.26481345e-02 -5.12306467e-02 -2.86904842e-01 -1.32668734e-01 -2.73223072e-01  2.98133910e-01  2.48886019e-01 -3.84503901e-02  1.97307572e-01  6.03199983e-03  3.59914780e-01  1.42299876e-01]]
R:
[[0.29405007 0.01697023 0.01697023 0.01697023 0.01697023 0.01697023 0.01697023 0.11311886 0.03830488 0.4527048 ]
 [0.3151324  0.01959319 0.01959319 0.01959319 0.01959319 0.04695741 0.01959319 0.01959319 0.04214964 0.4782014 ]
 [0.30521792 0.01864589 0.01864589 0.01864589 0.01864589 0.04446675 0.01864589 0.1123791  0.04156899 0.40313777]
 [0.29486504 0.01991746 0.01991746 0.01991746 0.01991746 0.04748194 0.01991746 0.12040567 0.045181   0.39247906]
 [0.36834493 0.01958026 0.01958026 0.01958026 0.01958026 0.04082166 0.01958026 0.11054604 0.04229598 0.34009013]
 [0.36094883 0.01824699 0.01824699 0.01824699 0.01824699 0.04120135 0.01824699 0.10986704 0.04228701 0.3544608 ]
 [0.37380987 0.01691698 0.01691698 0.01691698 0.01691698 0.03819941 0.01691698 0.10219105 0.03893322 0.36228156]
 [0.42457467 0.0144342  0.0144342  0.0144342  0.0144342  0.03158131 0.0144342  0.09453727 0.03330923 0.34382647]
 [0.4006413  0.01675603 0.01675603 0.01675603 0.01675603 0.03448945 0.01675603 0.0993668  0.03646892 0.3452534 ]
 [0.4264345  0.02106961 0.02106961 0.02106961 0.02106961 0.03565286 0.02106961 0.0984871  0.03985541 0.29422203]
 [0.45553303 0.0232558  0.0232558  0.0232558  0.0232558  0.03219001 0.0232558  0.09096701 0.03592618 0.26910478]
 [0.4752985  0.02341602 0.02341602 0.02341602 0.02341602 0.03744055 0.02341602 0.02341602 0.04119159 0.30557323]
 [0.49706286 0.01865226 0.01865226 0.01865226 0.01865226 0.01865226 0.01865226 0.0884133  0.03192957 0.2706807 ]
 [0.5816072  0.01790269 0.01790269 0.01790269 0.01790269 0.02532132 0.01790269 0.08259337 0.02763071 0.19333394]
 [0.5086997  0.01925204 0.01925204 0.01925204 0.01925204 0.02861143 0.01925204 0.09183954 0.03237241 0.24221674]]
distance_matrix:
[[0.8174479  0.9628496  0.86847544 0.86953545 1.2412913  1.1632905  1.1852136  1.4619901  1.3489966  1.6819544  1.966016   1.9937882  2.1919003  3.2320771  2.408314  ]
 [0.958868   1.2346194  0.8695409  0.82511115 1.1151419  1.0733812  1.134558   1.408741   1.2746546  1.4794562  1.7195296  1.9015362  1.992688   2.8841417  2.1326318 ]
 [0.7573936  0.93794155 0.78337526 0.7775507  1.125602   1.0547667  1.0820956  1.3509934  1.2379732  1.5465126  1.8198702  1.8827481  2.0468178  3.0491672  2.247949  ]
 [0.33310914 0.52500534 0.29686165 0.2939024  0.4806149  0.43509293 0.45276022 0.6289127  0.55217457 0.7706771  0.97811484 1.0556111  1.1428375  1.9448314  1.2993596 ]
 [0.2708857  0.44951916 0.1742239  0.18141222 0.18734479 0.16717625 0.16754532 0.23340821 0.20288324 0.3316121  0.46535707 0.53753614 0.55198526 1.132618   0.663708  ]
 [0.2268045  0.35635376 0.18102121 0.20407534 0.2344315  0.2037282  0.19045734 0.25659585 0.23225403 0.39949512 0.5431006  0.55894566 0.61526585 1.2458596  0.754164  ]
 [0.32580256 0.5358119  0.20382357 0.21166992 0.12873816 0.12369967 0.11972332 0.13517833 0.12322426 0.20033598 0.29596686 0.39033413 0.3474598  0.82193327 0.43721986]
 [0.30791068 0.4863763  0.20512438 0.22155857 0.13827825 0.12944174 0.11743879 0.12550473 0.1200242  0.21034479 0.30655122 0.36837626 0.34558392 0.828979   0.4452932 ]
 [0.31833458 0.487252   0.21749282 0.23706317 0.1411438  0.13314748 0.11769843 0.11617899 0.11552548 0.20298648 0.2938466  0.34610915 0.32418656 0.7952306  0.4238863 ]
 [0.65663767 0.8109348  0.46206498 0.4779837  0.19887495 0.22656226 0.20718217 0.11212587 0.14155078 0.10345531 0.10810566 0.17434478 0.09444785 0.33201528 0.13446999]
 [0.636724   0.8421118  0.44925427 0.462425   0.19085073 0.21768308 0.20104432 0.10962248 0.13744092 0.10433459 0.11455488 0.2143333  0.0993402  0.34527707 0.14066696]
 [0.7145152  0.827245   0.5302255  0.55614305 0.25547266 0.28279567 0.25324845 0.13842583 0.17913795 0.14233851 0.13735676 0.1663444  0.10443997 0.32455468 0.14870882]
 [1.3193963  1.4108586  1.0755935  1.1104035  0.6201279  0.67807055 0.6325259  0.40754056 0.4906516  0.34802818 0.2569735  0.27669334 0.15306377 0.14662075 0.1522162 ]
 [1.7248342  1.9816747  1.3356991  1.3216968  0.76932645 0.8583021  0.85541105 0.636678   0.69745016 0.44331312 0.32536197 0.5266013  0.27010393 0.1284604  0.191046  ]
 [1.3844459  1.5412974  1.1080871  1.1303258  0.6238849  0.6891947  0.6545181  0.42930245 0.5080509  0.33970976 0.24364257 0.32330656 0.14733028 0.10647154 0.12731338]]
