hid1:
[[ 2.46809721e-01 -8.91954526e-02 -8.05069804e-02 -1.58910200e-01  1.85522139e-02  5.33971749e-02  6.60400242e-02 -2.03153968e-01 -1.45873904e-01 -5.31978607e-02  1.96228065e-02  3.94351929e-02  1.82692438e-01  5.76349273e-02  6.71374351e-02]
 [ 3.05877589e-02 -4.60087359e-02 -9.15982649e-02 -1.33943036e-01 -5.28031588e-02  6.40988126e-02  1.14776924e-01 -1.25615552e-01 -9.86106098e-02 -5.25726937e-02  2.23664492e-02  3.70189846e-02  1.99912935e-01  1.02085531e-01  8.48724097e-02]
 [ 6.97283596e-02 -5.69295734e-02 -3.32138985e-02 -1.42447919e-01 -7.52000958e-02  1.15945190e-02  8.14229101e-02 -1.40377402e-01 -1.10529363e-01 -7.18731508e-02  1.56080350e-03  2.96307821e-02  1.76110461e-01  5.98128960e-02  1.35778487e-01]
 [ 1.12218894e-01 -1.69448435e-01 -7.32059181e-02 -1.34989098e-01  2.72448844e-04  9.54833347e-03  7.37965107e-02 -1.47692114e-01 -2.74259336e-02 -7.22155944e-02  2.03812905e-02  1.13490387e-04  1.56625539e-01  4.91634272e-02  5.35628982e-02]
 [ 1.29194722e-01 -1.72682226e-01 -5.40176034e-02 -1.22224033e-01 -7.73169287e-03 -6.57256693e-04  8.95801261e-02 -1.29373431e-01 -4.31280583e-02 -6.88451827e-02  3.55225205e-02  2.29972564e-02  1.67262152e-01 -8.84803571e-03  1.43434629e-01]
 [ 2.44208798e-01 -1.70336753e-01 -7.81517774e-02 -1.18612878e-01  1.49973133e-03 -2.01279633e-02  1.18485257e-01 -1.58180043e-01 -3.55040058e-02 -6.99236393e-02 -4.63427044e-04 -1.36282453e-02  1.71818435e-01  4.82791215e-02  1.38607860e-01]
 [ 1.90453544e-01 -1.64090022e-01 -5.11460043e-02 -1.42972291e-01 -1.46799274e-02 -8.05164687e-04  7.22102523e-02 -1.23783886e-01 -2.42369622e-02 -6.33523166e-02 -1.09167472e-02  3.95181254e-02  1.94558129e-01  2.63845455e-03  1.57343075e-01]
 [ 1.26307160e-01 -9.25096944e-02 -5.17436154e-02 -1.23782501e-01  9.62328352e-03  4.63011791e-04  8.36761817e-02 -1.46964401e-01 -7.54340962e-02 -8.85632336e-02 -1.70876067e-02  2.44660042e-02  1.68235525e-01 -1.62375346e-03  1.63488314e-01]
 [ 1.16678834e-01 -1.59519404e-01 -4.16126549e-02 -1.41609117e-01  1.04324259e-02  4.76460555e-04  9.00894403e-02 -1.17426142e-01 -4.64175753e-02 -8.73892754e-02 -3.75362113e-03  4.12610248e-02  1.82651803e-01  1.43200364e-02  1.54295877e-01]
 [ 7.71516189e-02 -8.38471279e-02 -1.61077548e-02 -1.37411848e-01  8.83528125e-03  7.81984534e-04  6.84800297e-02 -1.24486759e-01 -6.71819001e-02 -1.60944462e-01 -2.02679588e-03  2.34309416e-02  1.68403804e-01 -3.34395375e-03  1.64608702e-01]
 [ 9.25039724e-02 -7.27126226e-02 -1.90806091e-02 -1.09864913e-01  3.56381148e-04  1.30876657e-02  7.31389523e-02 -1.18331313e-01 -1.13404989e-01 -1.12028077e-01 -4.11502086e-04  7.21132755e-02  2.02287376e-01  4.68324544e-03  1.69325054e-01]
 [ 4.61500660e-02 -1.38512282e-02 -1.29243303e-02 -1.19188905e-01  2.30467767e-02  2.81277150e-02  4.79409322e-02 -1.27824306e-01 -4.58322056e-02 -6.54848367e-02 -6.68535940e-04  6.52882680e-02  1.73997998e-01 -7.66937509e-02  1.72199219e-01]
 [ 7.62784854e-02 -7.57523626e-02 -5.58775943e-03 -1.49123251e-01  1.04909167e-02  1.40025169e-02  4.93706986e-02 -1.20758623e-01 -6.51755184e-02 -8.66947398e-02  9.18565877e-03  6.18332326e-02  1.85918078e-01  5.74983098e-03  1.81827664e-01]
 [ 4.31569070e-02 -3.81591246e-02 -1.76579226e-02 -1.31461874e-01  2.38124095e-02 -3.18463892e-03  2.24539712e-02 -1.06362365e-01 -7.14747086e-02 -9.36947986e-02  9.92209092e-03  8.34779888e-02  1.95653215e-01 -5.11623546e-03  1.70716941e-01]
 [ 6.54266924e-02 -4.51713800e-02 -4.00089696e-02 -1.27356514e-01  6.88461587e-02  4.57357541e-02  5.39620034e-02 -1.63668409e-01 -4.64281552e-02 -7.68003985e-02 -6.48366055e-04  6.59007058e-02  1.90516159e-01 -1.12539697e-02  1.31820202e-01]]
hid2:
[[ 8.62160176e-02 -1.42812058e-01 -4.04979363e-02 -1.41318753e-01  7.39613734e-03  9.06728581e-03  6.28287196e-02 -1.54058114e-01 -3.23976688e-02 -6.59582615e-02  1.02576334e-02  7.02717006e-02  1.70923501e-01  2.79338881e-02  1.60812244e-01]
 [ 1.11078076e-01 -1.40650094e-01 -5.20749465e-02 -1.43295258e-01 -2.97863409e-03 -3.79931927e-03  8.25261027e-02 -1.75571978e-01 -3.81270759e-02 -1.96902417e-02 -1.61751434e-02  5.22647314e-02  1.71184793e-01  1.32535920e-02  1.40187874e-01]
 [ 8.29618499e-02 -1.36078924e-01 -4.16014940e-02 -1.40510410e-01  6.99281134e-03  5.69098070e-03  6.42574281e-02 -1.55409262e-01 -3.79803777e-02 -6.68850243e-02  5.83653525e-03  6.93831146e-02  1.68498591e-01  2.10928805e-02  1.59784317e-01]
 [ 8.49306658e-02 -1.33347809e-01 -3.74536663e-02 -1.41035810e-01  1.17869899e-02  8.28080252e-03  6.68217912e-02 -1.47164524e-01 -3.51472870e-02 -6.67019710e-02  1.31078809e-02  7.03527778e-02  1.69647709e-01  2.19161212e-02  1.62749097e-01]
 [ 8.42968076e-02 -1.22120231e-01 -4.19705994e-02 -1.39109895e-01  9.40379314e-03  1.02624223e-02  6.75408021e-02 -1.44647583e-01 -4.70687710e-02 -7.59904981e-02  5.57009783e-03  6.61737621e-02  1.73343182e-01  1.21879317e-02  1.60962209e-01]
 [ 9.27257985e-02 -1.22353524e-01 -4.63154726e-02 -1.38801262e-01  5.54197095e-03  1.56998672e-02  6.85960278e-02 -1.44112438e-01 -5.06255478e-02 -7.65432492e-02  1.11790374e-03  6.05980232e-02  1.80975005e-01  1.17210932e-02  1.57505438e-01]
 [ 9.06917974e-02 -1.24492139e-01 -4.42855880e-02 -1.39349625e-01  7.23699480e-03  1.34309307e-02  6.85058460e-02 -1.44912705e-01 -4.70560044e-02 -7.36767799e-02  3.68892215e-03  6.29721135e-02  1.77864879e-01  1.36839747e-02  1.58677757e-01]
 [ 7.74278492e-02 -1.10726014e-01 -4.77943383e-02 -1.37247443e-01  7.00614415e-03  4.62332740e-03  6.79958016e-02 -1.48781896e-01 -5.89667521e-02 -8.10230300e-02 -6.32962957e-03  6.46112114e-02  1.69864714e-01  1.27002597e-04  1.58333033e-01]
 [ 8.97841081e-02 -1.18324190e-01 -4.71918434e-02 -1.38079852e-01  5.70261944e-03  1.55441128e-02  6.78688437e-02 -1.42893404e-01 -5.41876778e-02 -8.13886523e-02 -4.14169393e-04  6.08754829e-02  1.80650011e-01  8.71156529e-03  1.58110529e-01]
 [ 9.42259878e-02 -1.04755886e-01 -4.69959602e-02 -1.36985630e-01  7.30157364e-03  1.96123570e-02  7.32523501e-02 -1.33505255e-01 -6.29621968e-02 -8.56921524e-02 -1.20172091e-03  5.57708740e-02  1.85931906e-01 -9.04902816e-04  1.57708287e-01]
 [ 9.46888253e-02 -1.01050660e-01 -4.76141199e-02 -1.36777505e-01  8.33378360e-03  1.99636836e-02  7.46653825e-02 -1.30994335e-01 -6.48966506e-02 -8.65236521e-02 -1.87609904e-03  5.51345795e-02  1.86563954e-01 -3.36528197e-03  1.57773167e-01]
 [ 1.16553091e-01 -9.90549922e-02 -5.70585132e-02 -1.37164026e-01 -7.53598846e-03  1.04893893e-02  8.95413384e-02 -1.55381009e-01 -7.65047073e-02 -5.11526354e-02 -2.83613056e-02  3.49993967e-02  1.89621836e-01 -1.94242150e-02  1.37152851e-01]
 [ 9.19054970e-02 -9.69565362e-02 -5.21966293e-02 -1.35547668e-01  5.08042239e-03  1.87977068e-02  7.32091293e-02 -1.34316519e-01 -7.19894171e-02 -9.16346312e-02 -9.50495526e-03  5.34900054e-02  1.86755896e-01 -8.47399980e-03  1.55743346e-01]
 [ 9.39501524e-02 -8.61117095e-02 -5.33796996e-02 -1.33914873e-01  3.80713679e-03  2.33853385e-02  7.49896094e-02 -1.28386766e-01 -8.21138397e-02 -1.00477129e-01 -1.22736124e-02  4.86753881e-02  1.92378476e-01 -1.67817213e-02  1.55030698e-01]
 [ 9.30739865e-02 -9.87241194e-02 -5.20154461e-02 -1.35730371e-01  5.28270844e-03  2.04534568e-02  7.26424009e-02 -1.33193284e-01 -7.05464184e-02 -9.22574103e-02 -8.01739655e-03  5.36828749e-02  1.88051969e-01 -6.35102764e-03  1.56220883e-01]]
topics:
[[-1.04936607e-01  1.53988391e-01 -1.71976492e-01 -1.02120548e-01 -3.24494280e-02 -2.01247796e-01  1.08609401e-01 -2.92528510e-01 -3.07942301e-01 -9.43329707e-02 -2.96787798e-01  4.48390916e-02  2.10030526e-02 -2.98631489e-01  8.67706984e-02]
 [ 3.75694484e-02  4.09035832e-01 -9.82641757e-01 -2.58582950e-01 -2.68845111e-02 -4.16913241e-01 -1.50634274e-01 -1.00842575e-02 -5.08619189e-01 -9.46627371e-03  9.37025070e-01 -3.62842888e-01 -3.03639527e-02 -2.06419855e-01  3.13732140e-02]
 [-1.21562548e-01  1.19807124e-01 -3.26778591e-02 -7.40565360e-01  2.92288184e-01 -8.66416991e-02  1.25560176e+00  2.19035387e-01  5.32571614e-01  2.83062577e-01 -3.56170505e-01  4.54162747e-01  1.60921082e-01 -3.04522400e-04  3.63829210e-02]
 [ 5.77044845e-01 -6.77900314e-01  6.71100914e-01 -6.22965768e-02  1.09533989e+00  7.06089675e-01 -1.03601506e-02 -2.32110128e-01 -4.39000309e-01 -6.38218880e-01 -4.88927245e-01 -1.65868029e-01 -7.68310353e-02 -6.69991732e-01  1.51524514e-01]
 [ 7.01625720e-02  6.84353933e-02  6.30537987e-01 -6.03004023e-02 -3.28452647e-01  6.69607818e-02  1.09324418e-01 -3.77516180e-01 -4.17259604e-01 -1.98745936e-01  3.18504214e-01 -2.66205132e-01  2.21015736e-01 -3.61445993e-01  1.04701132e-01]
 [ 4.77703154e-01  4.18631941e-01  3.37462842e-01  1.53232068e-01 -1.77092463e-01 -4.07241464e-01  5.44358790e-01  2.15697408e-01  1.70153171e-01  4.17459130e-01 -1.25075907e-01  2.23487273e-01  5.84726334e-01  6.90169930e-02  6.08761966e-01]
 [ 2.89034061e-02  1.84150800e-01 -7.53008500e-02  1.03720814e-01 -2.51292765e-01  2.13339761e-01 -3.35985124e-01  3.12265098e-01  1.56634301e-01  4.26513672e-01  4.30197209e-01  1.31058455e-01  2.37190098e-01  3.59051466e-01  1.12057790e-01]
 [-2.42485225e-01 -1.32369399e-01  8.93124491e-02 -1.28930792e-01  2.30901718e-01  1.47296950e-01 -1.51637301e-01  2.05071226e-01  9.64856446e-02 -6.10693097e-01  3.74372959e-01  3.51885796e-01  1.31031886e-01  2.25712866e-01  4.56740677e-01]
 [ 7.49605715e-01 -5.67582548e-01 -3.52928072e-01 -1.34521186e-01 -3.02453518e-01  6.77794814e-01 -1.03209108e-01 -3.26063186e-02 -5.31696081e-02 -3.88145030e-01 -8.97332653e-02 -2.38726884e-01  9.09962595e-01  4.27061498e-01  1.49341151e-02]
 [ 8.59654229e-03 -5.64858437e-01 -9.55595225e-02 -1.82620674e-01 -8.13228190e-02 -1.91754892e-01 -4.20653112e-02 -5.52263379e-01  2.23391563e-01  2.43468165e-01 -7.68073201e-02  1.78482354e-01 -2.04575751e-02  2.72811532e-01  9.77433175e-02]]
R:
[[0.18911801 0.05732585 0.05732585 0.05732585 0.06611224 0.05732585 0.05732585 0.13083416 0.09855235 0.22875398]
 [0.19844791 0.06488127 0.06488127 0.06488127 0.06488127 0.06488127 0.06488127 0.06488127 0.10153402 0.24584918]
 [0.20271526 0.05667016 0.05667016 0.05667016 0.06614787 0.05667016 0.05667016 0.12870608 0.09636661 0.22271334]
 [0.18956698 0.05973653 0.05973653 0.05973653 0.06713413 0.05973653 0.05973653 0.13217534 0.09414379 0.21829702]
 [0.21440062 0.05794947 0.05794947 0.05794947 0.0664902  0.05794947 0.05794947 0.13137898 0.0991841  0.19879875]
 [0.218287   0.05812858 0.05812858 0.05812858 0.06601545 0.05812858 0.05812858 0.12377547 0.10838641 0.19289272]
 [0.21194576 0.05864587 0.05864587 0.05864587 0.06609995 0.05864587 0.05864587 0.12530154 0.10451216 0.19891118]
 [0.24780817 0.05494182 0.05494182 0.05494182 0.06396668 0.05494182 0.05494182 0.12868275 0.09821197 0.1866213 ]
 [0.2272945  0.05704389 0.05704389 0.05704389 0.06549345 0.05704389 0.05704389 0.12710622 0.10836899 0.18651739]
 [0.23557216 0.05948598 0.05948598 0.05948598 0.06715678 0.05948598 0.05948598 0.1237931  0.11121796 0.1648301 ]
 [0.23863222 0.06015358 0.06015358 0.06015358 0.06643749 0.06015358 0.06015358 0.12326812 0.11133138 0.15956292]
 [0.2572552  0.06362163 0.06362163 0.06362163 0.07126389 0.06362163 0.06362163 0.06362163 0.11860188 0.17114928]
 [0.25883627 0.05737432 0.05737432 0.05737432 0.06496666 0.05737432 0.05737432 0.12238927 0.11408336 0.15285282]
 [0.2735113  0.0571053  0.0571053  0.0571053  0.06687561 0.0571053  0.0571053  0.12234948 0.11926629 0.13247082]
 [0.25497445 0.05754103 0.05754103 0.05754103 0.06482305 0.05754103 0.05754103 0.12367551 0.11530109 0.15352076]]
distance_matrix:
[[0.83848166 0.9463568  0.8580122  0.84383154 0.8997345  0.92395735 0.90108275 0.98592377 0.9495013  1.0163383  1.0372572  1.1521931  1.1041961  1.2145014  1.0937407 ]
 [0.8935995  1.0307062  0.916497   0.8997748  0.9663203  1.0002406  0.9724951  1.0592802  1.0266805  1.1043074  1.1269071  1.2762201  1.1989591  1.3201137  1.1876924 ]
 [0.77172613 0.87208104 0.7763746  0.768049   0.799999   0.8243606  0.8062434  0.8542769  0.8406429  0.8923118  0.908005   1.0128486  0.95892596 1.0529761  0.95270324]
 [0.57573056 0.6874094  0.5810404  0.57413816 0.59633446 0.61155796 0.5985348  0.64863205 0.62575793 0.67029333 0.68508863 0.79226446 0.7313776  0.81507516 0.72410154]
 [0.42977905 0.50139356 0.42490983 0.42557597 0.42511964 0.42861342 0.42332745 0.4538176  0.43765116 0.46604896 0.47664952 0.540045   0.5085523  0.5749426  0.5039885 ]
 [0.58249116 0.6796799  0.5771909  0.57341146 0.5676069  0.5709591  0.56711936 0.5954752  0.5773771  0.5982628  0.6069355  0.6939292  0.63848734 0.6979959  0.63339424]
 [0.37914586 0.46415758 0.3744216  0.3712883  0.36574125 0.36645222 0.36319757 0.3946843  0.37390208 0.39445925 0.40323877 0.4788499  0.43499374 0.49454236 0.42977715]
 [0.49551463 0.59827375 0.4789586  0.48330545 0.45601606 0.4573555  0.45880628 0.45755386 0.45554566 0.46644783 0.4721527  0.55446434 0.4880867  0.5327399  0.48600006]
 [0.42590022 0.5328064  0.41355515 0.4155593  0.38966227 0.3862791  0.3888805  0.39842033 0.38588595 0.39577055 0.4014697  0.48898268 0.41992235 0.4639647  0.41613388]
 [0.42672563 0.5235405  0.3976097  0.4155221  0.35152197 0.33612585 0.3504064  0.3180833  0.32345176 0.31516838 0.315979   0.37589407 0.30700064 0.3239925  0.30740023]
 [0.44304872 0.5635457  0.4166646  0.42698288 0.36752558 0.35603952 0.36850142 0.3432026  0.3440411  0.33300495 0.33368826 0.4165516  0.3311696  0.3478868  0.3305483 ]
 [0.4591012  0.56992555 0.42936635 0.44148088 0.38258576 0.37563682 0.3864479  0.35272574 0.36310244 0.3540895  0.35475278 0.43033576 0.3509419  0.37027693 0.35181832]
 [0.56611896 0.7007036  0.530704   0.5387311  0.45028877 0.42848396 0.45007873 0.40408802 0.40711045 0.36886358 0.36185312 0.45618868 0.34647465 0.33685088 0.3469305 ]
 [0.6856611  0.82351494 0.6473026  0.6558142  0.5609536  0.537961   0.56143165 0.5096855  0.5145414  0.47039175 0.46258354 0.5535555  0.44416046 0.42766833 0.4453578 ]
 [0.584954   0.71719646 0.55065775 0.5627403  0.47712612 0.45540237 0.47647452 0.4316945  0.43499207 0.40353727 0.3984337  0.48771143 0.38218594 0.37666392 0.38255358]]
