hid1:
[[0.         0.10479462 0.         0.         0.         0.2997666  0.         0.14803119 0.         0.         0.04664494 0.         0.15626918 0.         0.20316043]
 [0.         0.089193   0.         0.         0.         0.2638722  0.         0.12161855 0.         0.         0.07056672 0.         0.143987   0.         0.20331064]
 [0.         0.         0.         0.         0.         0.2504129  0.         0.07973509 0.         0.         0.0382479  0.         0.13209699 0.         0.19489354]
 [0.         0.08585046 0.         0.         0.         0.26485792 0.         0.10108364 0.         0.         0.04437717 0.         0.14034393 0.         0.18673025]
 [0.         0.06647728 0.         0.         0.         0.23795734 0.         0.08857457 0.         0.         0.0414176  0.         0.13445157 0.         0.18231095]
 [0.         0.07887134 0.         0.         0.         0.24311812 0.         0.10658445 0.         0.         0.05576488 0.         0.13532089 0.         0.18653338]
 [0.         0.03012838 0.         0.         0.         0.20716217 0.00986371 0.07228019 0.         0.         0.05452786 0.05083018 0.13450544 0.         0.18823344]
 [0.         0.04429064 0.         0.         0.         0.20389253 0.         0.07556468 0.         0.         0.04658874 0.04272209 0.11400606 0.         0.        ]
 [0.         0.05413676 0.         0.         0.         0.20455411 0.0384433  0.07440691 0.         0.         0.04708615 0.03494412 0.11779907 0.         0.18492521]
 [0.         0.         0.         0.         0.         0.18116811 0.04615455 0.02776163 0.         0.         0.         0.03673632 0.         0.         0.19329335]
 [0.04170964 0.         0.         0.         0.         0.18277144 0.05610486 0.03980602 0.         0.         0.03912906 0.04286211 0.11050788 0.         0.        ]
 [0.04169589 0.         0.         0.         0.01923241 0.17285606 0.03471785 0.02708592 0.         0.         0.         0.05320062 0.         0.         0.19350375]
 [0.07863238 0.         0.         0.         0.01076451 0.12769964 0.05432915 0.         0.         0.         0.         0.06237667 0.12235511 0.         0.        ]
 [0.04972225 0.         0.         0.         0.01691408 0.1338771  0.05668122 0.         0.         0.         0.         0.07012757 0.12992196 0.         0.2231345 ]
 [0.07423262 0.         0.         0.         0.         0.11450247 0.05596705 0.         0.         0.         0.         0.08048598 0.13004465 0.         0.21555197]]
hid2:
[[ 0.01418633  0.05014805 -0.02365609 -0.0010399   0.00283765  0.22911295  0.04577537  0.09338589 -0.03589775 -0.01814002  0.04580257  0.03573635  0.12306433 -0.03264169  0.18733494]
 [ 0.03464903  0.05774863 -0.04100872 -0.00051591 -0.01553633  0.24582759  0.06334206  0.08772175 -0.04617301  0.01168267  0.04625905  0.01231717  0.12635049 -0.05001726  0.14380024]
 [ 0.01401106  0.0509413  -0.0235527   0.00039605  0.00101767  0.22807184  0.04790645  0.09289762 -0.0347294  -0.0146515   0.04271995  0.03648914  0.1224644  -0.03290743  0.1859782 ]
 [ 0.02351211  0.03467868 -0.01606739 -0.00495953  0.00673682  0.20456715  0.04956149  0.07241816 -0.026142   -0.0136006   0.04084449  0.04480995  0.1267732  -0.0223502   0.1947974 ]
 [ 0.01771671  0.03995819 -0.01914473 -0.00270984  0.00407544  0.21278453  0.04880238  0.07813963 -0.02827923 -0.00990517  0.04107173  0.04245083  0.1216304  -0.02665489  0.18936978]
 [ 0.01943827  0.04433107 -0.02073151 -0.00265702  0.0039134   0.21896373  0.04849115  0.08472622 -0.03218718 -0.01524228  0.04390303  0.03877573  0.12542039 -0.02893874  0.18929364]
 [ 0.02017045  0.03308975 -0.0169883  -0.00369997  0.00479239  0.20395233  0.04863629  0.06969099 -0.02385592 -0.00809197  0.03899708  0.04623868  0.12223078 -0.02161963  0.1918274 ]
 [ 0.01006238  0.04596482 -0.02291714  0.00080501  0.00050471  0.22314426  0.04663219  0.08596662 -0.0303891  -0.00828395  0.03974865  0.04032201  0.11643505 -0.03039428  0.18485454]
 [ 0.01777192  0.03459989 -0.0175014  -0.00279601  0.00446162  0.20648783  0.04742089  0.07236059 -0.02432987 -0.00938371  0.03869984  0.04621381  0.12129296 -0.02203055  0.19229375]
 [ 0.03280718  0.01174273 -0.00893467 -0.00802663  0.00862956  0.17474888  0.04882665  0.04447253 -0.01110158 -0.00780254  0.03451467  0.05741018  0.1300849  -0.00468174  0.2031419 ]
 [ 0.0299092   0.0191095  -0.01109695 -0.007017    0.00771152  0.18346685  0.04994657  0.05251423 -0.01551734 -0.00723905  0.03649741  0.05352286  0.12818196 -0.01073872  0.19927357]
 [ 0.0507328   0.02503591 -0.03025585 -0.006714   -0.01178005  0.20142673  0.06564969  0.04533004 -0.0257188   0.02346749  0.03851719  0.02898162  0.13093823 -0.02730297  0.15318188]
 [ 0.02907478 -0.00784174 -0.01063322 -0.01044969  0.00864656  0.1649586   0.03975799  0.02335152 -0.00259313 -0.00387252  0.03037697  0.06310955  0.12163778  0.00556537  0.20186374]
 [ 0.04091579 -0.00077353 -0.00343713 -0.00918697  0.00914027  0.15454766  0.05053173  0.02845178 -0.00133947 -0.00349988  0.03032727  0.06562884  0.1348096   0.00661901  0.2091454 ]
 [ 0.03341725  0.00302363 -0.00613778 -0.00713567  0.00749272  0.16245954  0.04777733  0.03374767 -0.00293307 -0.00228174  0.03016156  0.06441188  0.12896341  0.00360309  0.20598683]]
topics:
[[-6.15656413e-02  2.07075149e-01 -7.57979676e-02  3.43291648e-02 -3.18761766e-02  4.21183854e-01  6.15052618e-02  2.69175023e-01 -1.20235182e-01 -1.36579678e-03  7.05653429e-02 -4.03395221e-02  7.65940994e-02 -1.51848361e-01  1.02738336e-01]
 [ 3.68547030e-02  4.13042247e-01 -9.81753290e-01 -2.40733907e-01 -6.47795480e-03 -3.74943048e-01 -1.40927687e-01 -2.74249613e-01 -5.08387327e-01 -2.60394216e-01  8.72267842e-01 -3.36754948e-01 -2.32903548e-02 -2.21325800e-01  6.80005178e-02]
 [-1.04536518e-01  1.37538955e-01 -7.07999095e-02 -7.10246146e-01  2.71865249e-01  1.27941966e-01  1.21722257e+00  3.17205340e-01  5.31688213e-01  2.41187036e-01 -2.91642100e-01  4.66996104e-01  1.47546232e-01 -9.58885066e-04  2.09300458e-01]
 [ 6.05010569e-01 -6.36424243e-01  7.11845756e-01  1.09818000e-02  1.07272112e+00  9.59735751e-01 -1.35566015e-02 -2.72602932e-07 -4.42095459e-01  3.81218195e-01 -5.43744981e-01 -1.80375233e-01 -5.40092252e-02 -6.40984297e-01  2.89345264e-01]
 [ 6.68717101e-02  9.91694257e-02  6.15404069e-01 -1.24004576e-02 -2.93663889e-01 -2.09911749e-01  1.17698453e-01 -5.09459555e-01 -4.14499372e-01 -4.37686622e-01  1.96203694e-01 -2.28800386e-01  2.11526468e-01 -3.97141844e-01  7.99652189e-02]
 [ 4.33651090e-01  4.69988137e-01  2.91918755e-01  2.15287849e-01 -1.58916160e-01 -2.84751683e-01  6.02765501e-01  3.58323753e-01  1.55985773e-01  3.62825841e-01 -8.47082362e-02  2.41404146e-01  5.92180133e-01  4.05797735e-02  3.75512123e-01]
 [ 4.56271768e-02  2.07514092e-01 -5.90466894e-02  1.82100430e-01 -2.34303430e-01  1.89518839e-01 -3.24574083e-01  4.21374768e-01  1.90826952e-01  3.09781283e-01  8.06976736e-01  1.33195847e-01  2.40777135e-01  3.69020879e-01  9.31039527e-02]
 [-1.99683845e-01 -8.20535421e-02  2.32153326e-01 -1.07492022e-02  2.46815503e-01 -6.92520589e-02 -1.50150150e-01  1.19555674e-01  1.26094699e-01 -4.15453106e-01 -2.58145086e-03  3.68794918e-01  1.28736481e-01  2.27890879e-01  7.96281040e-01]
 [ 7.53873527e-01 -5.36425471e-01 -3.11314166e-01 -5.92015311e-02 -2.54105568e-01  1.76591039e-01 -1.09838963e-01 -4.02780205e-01 -2.05825851e-03 -5.56455851e-01 -1.77923754e-01 -1.96105897e-01  8.30329835e-01  4.09298807e-01  1.12720624e-01]
 [ 2.92868335e-02 -3.92410070e-01  1.38857616e-02 -2.98625082e-02 -3.13048698e-02 -1.98788851e-01 -3.30525860e-02 -4.65504974e-01  2.48744801e-01  2.58671820e-01 -8.62715766e-02  2.39686236e-01 -2.07838211e-02  2.44506493e-01  1.56995669e-01]]
R:
[[0.57549703 0.02424904 0.02424904 0.02424904 0.02424904 0.02424904 0.02748384 0.09354559 0.05042725 0.13180111]
 [0.60908437 0.02641876 0.02641876 0.02641876 0.02641876 0.03082995 0.02759745 0.02641876 0.05653335 0.14386109]
 [0.58054096 0.02293631 0.02293631 0.02293631 0.02293631 0.02729405 0.02414688 0.0904226  0.04908926 0.13676108]
 [0.5273677  0.02761873 0.02761873 0.02761873 0.02761873 0.0317784  0.02791416 0.09864146 0.05239674 0.15142666]
 [0.55005723 0.02538057 0.02538057 0.02538057 0.02538057 0.02923147 0.02578956 0.09251548 0.04828133 0.15260263]
 [0.5551517  0.02593204 0.02593204 0.02593204 0.02593204 0.02843414 0.02795865 0.09353489 0.05164352 0.13954887]
 [0.5341163  0.02585263 0.02585263 0.02585263 0.02585263 0.03085588 0.02585263 0.09449884 0.04907047 0.1621953 ]
 [0.58013874 0.02152738 0.02152738 0.02152738 0.02152738 0.02616088 0.02152738 0.08848761 0.0446163  0.15295957]
 [0.54103124 0.02478663 0.02478663 0.02478663 0.02478663 0.02983472 0.02478663 0.0960441  0.04842605 0.16073075]
 [0.4724427  0.02918965 0.02918965 0.02918965 0.02918965 0.03779566 0.02918965 0.10530729 0.05600175 0.18250443]
 [0.4896226  0.02881406 0.02881406 0.02881406 0.02881406 0.03653323 0.02881406 0.1009633  0.05374911 0.17506145]
 [0.52360797 0.030981   0.030981   0.030981   0.030981   0.04066232 0.030981   0.030981   0.06082469 0.18901895]
 [0.45917082 0.0277806  0.0277806  0.0277806  0.0277806  0.0277806  0.0277806  0.10549199 0.05581288 0.21284062]
 [0.43554437 0.03022284 0.03022284 0.03022284 0.03022284 0.04537652 0.03022284 0.10924668 0.05886239 0.19985583]
 [0.4576311  0.02762712 0.02762712 0.02762712 0.02762712 0.04106473 0.02762712 0.10719211 0.05484335 0.20113312]]
distance_matrix:
[[0.55349636 0.662272   0.5638938  0.60522354 0.5981226  0.5704334  0.62398577 0.5983107  0.6167481  0.72434056 0.68796325 0.7854233  0.82319117 0.82948136 0.79503214]
 [0.4476856  0.56128204 0.4535631  0.51408124 0.49278462 0.4726025  0.5210389  0.4747368  0.50975955 0.6435151  0.60272014 0.7041496  0.7249359  0.75976956 0.7092936 ]
 [0.28902435 0.40472364 0.2974851  0.3337878  0.32325006 0.30451727 0.34400678 0.3191979  0.3362441  0.43721855 0.40479994 0.50717926 0.5089221  0.53667164 0.49685323]
 [0.14263749 0.23263311 0.14502001 0.17589128 0.16143131 0.15268636 0.17699909 0.1548214  0.17048526 0.26262987 0.23253584 0.3088119  0.32184863 0.35107946 0.30939615]
 [0.24464536 0.2996571  0.24354696 0.26799142 0.2501135  0.25012827 0.26042962 0.24186969 0.25557947 0.33795607 0.31073856 0.3489449  0.37522388 0.4180689  0.37431014]
 [0.3499223  0.45194256 0.35602868 0.36929226 0.36329234 0.35391343 0.37534535 0.36891115 0.3715645  0.44381714 0.41766822 0.50634444 0.50446665 0.52387106 0.49069262]
 [0.13764524 0.21428633 0.13411069 0.14592278 0.1320827  0.13736701 0.137012   0.12777424 0.13276482 0.19834936 0.17635322 0.23889565 0.23042798 0.26639748 0.22580612]
 [0.26720977 0.3270793  0.2598381  0.2648996  0.25100517 0.2621789  0.25142932 0.24684906 0.24822569 0.30279815 0.2841835  0.32990813 0.3237748  0.36178756 0.32185328]
 [0.19685626 0.29167223 0.19618702 0.17691576 0.17459702 0.1850102  0.1700058  0.18650985 0.16975546 0.19748175 0.18502116 0.26568913 0.21573114 0.24593282 0.21611607]
 [0.24062467 0.333138   0.23260474 0.1994127  0.19656062 0.22038984 0.18210244 0.20714235 0.18262196 0.18800676 0.18356037 0.2625556  0.18163276 0.21669698 0.18610442]
 [0.1785965  0.24838924 0.17084599 0.15067136 0.14514303 0.16299462 0.13639688 0.15216637 0.13622236 0.15811908 0.14833188 0.20453143 0.16461039 0.19792438 0.16591942]
 [0.4089358  0.49813414 0.4075997  0.35585415 0.36796927 0.38203526 0.35281277 0.39809847 0.3574741  0.34025085 0.33882785 0.4153633  0.35291243 0.36289978 0.34862936]
 [0.5332805  0.63879025 0.5298184  0.42859745 0.45618212 0.48490322 0.42124665 0.50672615 0.4317156  0.3461902  0.36386907 0.45637524 0.32713234 0.32553637 0.32640004]
 [0.46394515 0.59109473 0.46142626 0.36919558 0.3947196  0.42008758 0.36437225 0.44238138 0.37318683 0.30214512 0.3154931  0.43191433 0.29817033 0.28989792 0.28835618]
 [0.44865906 0.58191645 0.4428662  0.33486056 0.3644017  0.3972255  0.32638538 0.4160999  0.3364805  0.24276853 0.26336157 0.38693798 0.22325432 0.2149316  0.21667981]]
