hid1:
[[0.2546985  0.56398594 0.5024527  0.3590956  0.49751222 0.07009305 0.35085082 0.6061795  0.12663406 0.55286825 0.16131128 0.36827618 0.5260359  0.33953035 0.30288377]
 [1.6725194  0.3862788  0.37979442 0.         1.3579972  0.         0.04000658 0.2930773  0.         0.         0.         0.         0.         0.11876756 0.7922411 ]
 [1.1793782  0.73343533 0.4874225  0.4610486  1.0584792  0.09535925 0.5581201  0.67007065 0.16346698 0.4372838  0.         0.0169134  0.06719455 0.45458484 1.0908692 ]
 [0.16609941 0.41433007 0.25347352 0.40765515 0.         0.39385507 0.42759088 0.04515418 0.3320621  0.626556   0.03646837 0.0639419  0.7964182  0.28020957 0.20531674]
 [0.34708613 0.4923565  0.         0.22499932 0.47082707 0.2609835  0.44782323 0.         0.18582828 0.38293839 0.10938121 0.         0.22490434 0.24623358 0.        ]
 [0.44578785 0.         0.70671916 0.         1.0038452  0.         0.         0.55391514 0.         0.         0.         0.05418271 0.         0.         0.        ]
 [0.         0.48186192 0.         0.12937623 0.         0.12757787 0.4500297  0.         0.15657243 0.         0.16537443 0.         0.68620497 0.15672408 0.        ]
 [0.         0.1009426  0.6889447  0.17607804 0.         0.22068197 0.26590288 0.8214827  0.29098698 0.15970802 0.05972476 0.03386743 0.3625589  0.2573967  0.        ]
 [0.         0.         0.3422638  0.         0.         0.         0.         0.7444648  0.         0.         0.         0.         0.         0.         0.        ]
 [0.11124606 0.51427484 0.62622344 0.31903073 0.22467099 0.07920296 0.31264558 0.7110631  0.24686846 0.4896504  0.13019963 0.14065905 0.47353607 0.17425501 0.5266175 ]
 [0.37590042 0.61628854 0.         0.2922166  0.43474346 0.41217786 0.36355332 0.         0.19678205 0.10608423 0.07263797 0.         0.29885426 0.30084163 0.        ]
 [0.3134373  0.33760032 0.3494631  0.18748023 0.         0.25783467 0.3017402  0.36257163 0.16810098 0.6207018  0.         0.6556874  0.67726266 0.09244098 0.04732689]
 [0.         0.         0.20836657 0.         0.         0.09990322 0.         0.6107621  0.         0.47898054 0.         0.         0.3939013  0.         0.        ]
 [0.         0.29658258 0.34047872 0.5129446  0.         0.7299574  0.24632326 0.27649787 0.51336795 0.71038026 0.14964719 0.18615746 0.4479892  0.25066033 0.        ]
 [0.         0.3089539  0.         0.20923595 0.         0.03679601 0.39469278 0.         0.10868639 1.0280162  0.03151276 0.23090342 0.4428465  0.07191478 0.        ]]
hid2:
[[ 0.24148312  0.3506213   0.13617654  0.11811318  0.24305485  0.05706026  0.21995896  0.24714637 -0.09963775  0.2283551  -0.05451399 -0.06162429  0.18460913  0.1119893  -0.04069628]
 [ 0.01232883  0.05316522  0.22085282 -0.00042352 -0.03042219 -0.02705137  0.07037511  0.28487095  0.15471159  0.09817345 -0.19097495 -0.14228526  0.31290415  0.08351701 -0.12213391]
 [ 0.2078302   0.31012496  0.13221657  0.13882513  0.20174542  0.09083124  0.20386428  0.23312491 -0.04815131  0.28220317 -0.04742154 -0.05628042  0.20947888  0.07194723 -0.01808861]
 [ 0.12059418  0.21908474  0.14940776  0.11932954  0.10228656  0.08624542  0.15401031  0.23526774  0.03751214  0.26210776 -0.08037323 -0.07171787  0.2755704   0.0536602  -0.02981726]
 [ 0.20621452  0.2977468   0.14261627  0.11839432  0.19734505  0.07061293  0.19816507  0.24279122 -0.04482086  0.25309777 -0.06179105 -0.06703734  0.203684    0.08427246 -0.03277507]
 [ 0.21421856  0.30957603  0.13831438  0.12760396  0.20462488  0.07605682  0.20286304  0.2388841  -0.05292575  0.26467922 -0.05460439 -0.064203    0.20003644  0.08092397 -0.02752089]
 [ 0.15973549  0.26180524  0.13590503  0.13988642  0.14570975  0.10620528  0.17793468  0.2279141   0.0023883   0.2941606  -0.05586467 -0.05893238  0.25147718  0.0533773  -0.01113587]
 [ 0.06406555  0.1800198   0.14694838  0.13318582  0.0482107   0.11106453  0.12835987  0.22308971  0.08480881  0.28317127 -0.08358484 -0.06832925  0.32424453  0.03224836 -0.01629987]
 [ 0.10979806  0.16045305  0.20460668 -0.00747755  0.0777711  -0.03622652  0.13625628  0.29499003  0.02604238  0.09794491 -0.16812997 -0.13809986  0.26781744  0.11430296 -0.09140057]
 [ 0.10827543  0.22234431  0.13460205  0.15041514  0.09060444  0.12386884  0.15431319  0.2188989   0.04846691  0.31090254 -0.06049483 -0.0561248   0.29919565  0.03007412 -0.00371959]
 [ 0.18500918  0.28419465  0.13817544  0.1335869   0.17732917  0.08328399  0.19115639  0.23426564 -0.02334907  0.2765322  -0.05849865 -0.0614925   0.2195376   0.06232171 -0.02581504]
 [ 0.11864168  0.2100877   0.14666843  0.12340344  0.09467971  0.11668385  0.14971486  0.22977017  0.04779016  0.286263   -0.07067094 -0.07007451  0.28717202  0.05550926 -0.00549523]
 [ 0.22297664  0.33603057  0.14172113  0.10908299  0.22859657  0.0513782   0.20890489  0.2492854  -0.08849005  0.21144816 -0.06501774 -0.06757314  0.19441433  0.11916502 -0.04564832]
 [ 0.15941437  0.26771647  0.13668345  0.13864627  0.15363774  0.10127442  0.17850941  0.22817463 -0.00400053  0.2858699  -0.05835716 -0.06024011  0.24496886  0.05964556 -0.01391044]
 [ 0.12726456  0.24978063  0.1216656   0.1733247   0.11351231  0.1462214   0.16899876  0.2091301   0.03050752  0.34505868 -0.03988237 -0.04328024  0.29141632  0.02148114  0.01447939]]
topics:
[[-0.58318853 -0.6030659   0.07545388 -0.666943    0.3791579  -0.3171203   0.40000638  0.22402571 -0.38823926 -0.7051643  -0.68148524 -0.1921371   0.12452952 -0.01476351 -0.0066856 ]
 [ 0.8065762  -0.6404266   0.10309469 -0.07004303 -0.75396574  0.12612548 -0.23121382  0.13407658  0.73783046 -0.60929227  0.09105839 -0.06156456  0.01650952  0.5650258  -1.3122007 ]
 [ 0.01409003 -0.5140526   1.584844   -0.84059876  0.5910848  -0.88298905 -0.14896746  1.7462062   1.0780554   0.1899092  -0.09092882  0.13037266  0.24083892  0.02096006 -0.051054  ]
 [-0.2949228   0.69468814  0.18399401  0.09911907  0.8735218   0.36568078 -0.02914742  0.04702706 -0.44150662 -0.25264362 -0.20812948 -0.22429624 -0.16022123  1.0539403   0.35245064]
 [ 0.5016097   0.6276605   0.04248368  0.2629932   0.5259023   0.21572731  0.37743756  0.19211374 -0.322785    0.46976012  0.11883049  0.02688805  0.03174577  0.10354346  0.10385671]
 [-0.46468034 -0.37864408  0.13208997  0.30927584 -0.5684723   0.43894252 -0.13286321  0.08393675  0.74584174  0.7536156  -0.07738099 -0.03612568  0.74305296 -0.38418517  0.18152477]
 [ 0.8531386   0.8794939   0.390948    0.65798366 -0.8147128  -0.71455157 -0.3687877  -0.07824167 -0.46872956  0.5250012  -0.01949844 -1.2152694  -0.02384476 -0.12334784 -0.17936485]
 [-0.33858794  0.66898805  0.05875944  0.5193679   0.23542091 -0.99992937  0.26950714  0.18008085 -0.17743252 -0.2685942  -0.37719485  0.09056456  0.04468869 -0.5354626  -0.9688551 ]
 [ 0.40339142 -0.16814555 -0.322955   -0.56525856  0.16889852  0.6575059   0.8135458   0.26062757  0.41998798  0.59627974 -0.7030689  -0.05928696  0.20746972 -0.13115567  0.25574985]
 [-0.39070645  0.3122552   0.03116544  0.04092461 -0.50855947  0.46551734 -0.08239829  0.22037266 -0.11107144 -0.24399741 -0.05326114  0.03266826  1.5585086   0.65656567  0.15915091]]
R:
[[0.05038302 0.05038302 0.05038302 0.05139774 0.5084677  0.05038302 0.05038302 0.06873064 0.05038302 0.06910579]
 [0.09255981 0.09255981 0.09255981 0.09255981 0.09255981 0.16696164 0.09255981 0.09255981 0.09255981 0.09255981]
 [0.04478805 0.04478805 0.04478805 0.04478805 0.4991752  0.11755239 0.04478805 0.05970671 0.04478805 0.05483738]
 [0.05163008 0.05163008 0.05163008 0.05184421 0.3786725  0.17548853 0.05163008 0.06569678 0.05163008 0.07014755]
 [0.0514906  0.0514906  0.0514906  0.0514906  0.46926776 0.10173021 0.0514906  0.06261277 0.0514906  0.05744563]
 [0.04867683 0.04867683 0.04867683 0.04867683 0.48727122 0.10257082 0.05031576 0.06132668 0.04867683 0.05513137]
 [0.04453973 0.04453973 0.04453973 0.04453973 0.45031527 0.1647372  0.04453973 0.05729135 0.04453973 0.06041783]
 [0.04697329 0.04697329 0.04697329 0.05285823 0.3378523  0.23149443 0.04697329 0.06562435 0.04697329 0.07730425]
 [0.1051098  0.07202923 0.08954145 0.06940445 0.22255257 0.06940445 0.09710255 0.07715621 0.09236659 0.10533264]
 [0.04129583 0.04129583 0.04129583 0.04129583 0.4095556  0.21465556 0.04129583 0.05915731 0.04129583 0.06885649]
 [0.04730384 0.04730384 0.04730384 0.04730384 0.46467182 0.13362153 0.04730384 0.06433776 0.04730384 0.05354594]
 [0.04898389 0.04898389 0.04898389 0.05231141 0.38924792 0.19495454 0.04898389 0.04898389 0.04898389 0.06958276]
 [0.05298273 0.05298273 0.05298273 0.05933846 0.4768988  0.05298273 0.05298273 0.07126532 0.05298273 0.07460111]
 [0.04485784 0.04485784 0.04485784 0.05014435 0.44741917 0.15822943 0.04485784 0.06013518 0.04485784 0.05978276]
 [0.03366062 0.03366062 0.03366062 0.03366062 0.46197522 0.22049312 0.03366062 0.05340341 0.03366062 0.06216452]]
distance_matrix:
[[ 28.804007   46.333725   27.730743   31.193092   29.063885   28.433336   28.65632    32.256886   40.967514   29.539186   28.578959   30.713741   29.771381   28.802345   27.62984  ]
 [ 76.19152   106.72745    79.77147    88.84395    80.33046    79.5465     84.63681    94.46854    93.099915   89.623985   82.119774   89.60683    77.79748    84.391556   87.47843  ]
 [ 62.79329    98.45063    64.14644    73.75656    65.973465   64.75578    68.34516    78.17705    85.4422     72.366165   66.698265   73.531204   64.98719    68.39876    68.82552  ]
 [ 34.093845   39.13117    30.401089   29.28899    31.727432   31.421055   28.568205   27.430317   39.86713    26.766327   30.021849   28.172407   34.31548    28.916494   25.682503 ]
 [ 11.557661   22.972645   10.968669   12.887404   11.611948   11.305706   11.466848   13.77294    19.030025   12.146683   11.419762   12.595688   11.974755   11.50835    11.206056 ]
 [ 13.5528555  13.92718    14.374961   13.852132   13.551198   13.876927   14.52853    15.008863   11.417795   15.268177   14.076964   14.441645   13.04558    14.346043   16.257439 ]
 [ 15.326593   15.843786   13.363013   11.685589   13.657695   13.719688   11.991491   10.693295   16.492796   10.903433   12.784233   11.322771   15.020509   12.074425   10.975036 ]
 [ 32.02945    25.549965   29.637665   25.963516   29.485014   29.830652   27.397966   24.283405   28.213663   25.60502    28.443747   25.733574   31.279022   27.484388   26.482265 ]
 [ 21.201101   18.990913   21.556755   20.02101    20.746153   21.142467   21.125263   20.537218   17.655779   21.233982   20.99504    20.590073   20.54419    20.999939   22.411247 ]
 [ 39.2493     51.669582   36.51625    37.935722   38.035378   37.494095   36.02073    37.49337    49.000298   35.529938   36.84102    36.8811     39.997612   36.358025   33.776253 ]
 [ 12.645502   24.598797   11.586728   13.522475   12.440388   12.066298   11.936041   14.165741   21.017754   12.418169   12.017279   13.105606   13.156117   12.019575   11.258946 ]
 [ 20.559898   32.92957    19.468132   21.537106   20.360413   19.96359    19.868742   22.27928    28.923693   20.390516   19.922747   21.159058   21.166985   20.008802   19.168518 ]
 [ 25.303293   21.353718   23.577503   20.819815   23.386923   23.673473   21.908823   19.78068    22.627712   20.688564   22.67591    20.674318   24.6898     21.9739     21.438435 ]
 [ 50.95553    53.107      45.75436    43.23892    47.41802    47.11708    42.80545    40.059288   56.15276    39.840492   45.009186   41.625496   51.07531    43.29302    38.659397 ]
 [ 26.793789   28.211037   24.651669   23.188732   25.076347   25.078411   23.303793   22.21316    28.433165   22.213636   24.125967   22.765268   26.61322    23.444817   22.111374 ]]
