hid1:
[[ 4.43112701e-02  4.52545565e-03  5.05685247e-02  7.86426887e-02  8.53075534e-02  2.99996883e-03  1.68799795e-03 -1.05445944e-02  2.04383526e-02 -9.03842784e-03 -3.07446867e-01 -1.38097182e-01  4.76269573e-02  1.96868852e-01  8.00596327e-02]
 [-3.88909355e-02  2.03746796e-01  3.41557264e-01 -1.32079422e-03 -5.18788218e-01  3.11256647e-02  7.26087391e-02  1.49642482e-01 -1.11333072e-01 -1.33339199e-05 -2.65924215e-01 -8.67631063e-02  2.20408827e-01  2.75419593e-01  1.19180933e-01]
 [ 1.02135986e-02  5.68932891e-02  1.01471096e-01  4.17073071e-01 -3.28747272e-01 -7.97109678e-02  1.82202458e-02  1.05940498e-01 -2.66486146e-02  4.82352674e-02 -2.57907510e-01 -1.49887502e-01  1.02102250e-01  3.47420454e-01  9.26512256e-02]
 [ 1.33806616e-02  8.81649554e-02  9.73224491e-02  5.32124192e-02 -1.68322399e-02 -1.80067852e-01  1.77927911e-02  3.28171134e-01 -2.53319778e-02 -5.18411398e-03 -3.00738394e-01 -2.18274400e-01  1.12905830e-01  3.31952929e-01  1.12173721e-01]
 [ 2.34040752e-01 -1.16959184e-01  1.95647046e-01 -3.20567042e-02 -1.04566380e-01  4.92253453e-02  1.20260771e-02  2.40785405e-01 -3.09797302e-02  7.50341713e-02 -3.49768102e-01 -1.62891448e-02  1.35449693e-01  2.82044590e-01 -1.53545052e-01]
 [-1.81728661e-01  1.40619632e-02  1.74433038e-01 -3.53254378e-03 -1.43961787e-01 -1.02840647e-01  7.32098594e-02  2.30281428e-01 -7.88427293e-02  4.99255434e-02 -2.85462201e-01 -4.76879030e-02  7.22043514e-02  2.89371371e-01  1.31575614e-01]
 [ 1.32770613e-01 -1.35365874e-02  2.01238841e-01 -9.38267261e-03 -3.01489830e-02 -1.19934119e-02  3.57690379e-02  2.35044539e-01 -3.85733647e-03 -1.78155601e-02 -2.96058595e-01 -3.34983915e-02  6.81684911e-02  2.88801849e-01 -4.29784879e-02]
 [ 8.66969749e-02  2.55472213e-03  1.90180957e-01 -1.93469450e-02 -1.44528355e-02  6.83166832e-02  2.98987255e-02  2.62705743e-01 -1.02064759e-02  4.94221970e-03 -4.21261072e-01 -1.66718379e-01  4.76102307e-02  2.76806802e-01 -1.76199060e-02]
 [ 9.09191221e-02 -1.50070146e-01  1.40640855e-01 -5.19991070e-02 -1.64961725e-01 -4.49614972e-03 -1.23988986e-02  4.30537879e-01 -1.48850799e-01  6.09184504e-02 -3.12347203e-01  5.69061190e-03  4.55193855e-02  4.55620885e-01 -3.74356210e-02]
 [ 5.89578599e-03  2.71668360e-02  2.30720773e-01  1.92863680e-02 -1.75233096e-01 -2.79299691e-02  8.98196101e-02  2.08230436e-01 -2.15966702e-02 -1.80966556e-01 -3.31644058e-01 -8.75202715e-02 -4.59361821e-02  2.42178261e-01 -1.11320414e-01]
 [ 6.53262064e-02  8.46459866e-02  1.50577560e-01  9.73118842e-03 -6.16827756e-02 -5.70509583e-02  1.09506659e-02  2.61168838e-01 -2.67588913e-01  1.51009262e-01 -3.21603239e-01 -1.34254858e-01  1.82642981e-01  3.15473169e-01 -7.61724114e-02]
 [ 2.74378061e-03  3.83296236e-03  2.10147932e-01  3.07192095e-04 -1.99279934e-02 -3.89079601e-02  7.48947114e-02  2.75820941e-01 -1.99440196e-02  4.27045301e-03 -3.07553530e-01 -2.07131416e-01  3.91846001e-02  3.63100708e-01 -1.19757816e-01]
 [ 2.01770470e-01 -3.08649205e-02  1.43114045e-01 -4.87685502e-02 -1.40314326e-02  9.15915705e-03  2.62942612e-02  1.11423954e-01  3.03544849e-03 -1.41142458e-02 -3.10045719e-01 -2.95553327e-01 -4.71333507e-03  4.51711237e-01 -5.64275309e-02]
 [ 2.14201778e-01 -1.36766955e-03  2.39754617e-01 -1.24953613e-02 -2.49687389e-01  4.02784422e-02  4.57430780e-02  5.37549928e-02  4.03904319e-02 -1.90495700e-03 -3.47196162e-01 -2.32236683e-01  3.54246087e-02  2.63515115e-01 -8.36388916e-02]
 [ 7.19632432e-02 -2.03520954e-02  3.52780133e-01 -3.58988438e-03 -3.38753879e-01 -6.00775927e-02 -3.60146239e-02  1.25093102e-01  3.24356928e-03  2.62126233e-03 -2.85536408e-01 -1.49690688e-01  1.44487932e-01  3.74870628e-01 -3.12696509e-02]]
hid2:
[[ 7.06469938e-02  2.39823237e-02  1.96000546e-01  1.01518072e-03 -8.20494741e-02 -6.69157952e-02  4.06320244e-02  2.35090017e-01 -5.14051393e-02  5.44090159e-02 -3.18209052e-01 -1.82009354e-01  6.66546598e-02  2.87498891e-01 -7.22108111e-02]
 [ 2.02658586e-02  5.97452298e-02  1.55960545e-01 -5.17008603e-02 -3.62087414e-02 -1.44803450e-02  1.01825826e-01  2.67904520e-01  2.01041922e-02  1.22455545e-02 -3.36369246e-01 -2.00143546e-01  7.81535730e-02  1.94754511e-01 -1.19219571e-01]
 [ 9.80461091e-02  2.69712135e-03  2.07852468e-01  8.98966193e-03 -8.81781876e-02 -7.85094351e-02  3.72995101e-02  2.28339046e-01 -5.67711517e-02  8.11812356e-02 -3.18912268e-01 -1.68501452e-01  6.45591840e-02  3.07453394e-01 -5.76371141e-02]
 [ 6.93931058e-02  1.28061324e-02  1.95468009e-01 -5.27915917e-03 -7.95398057e-02 -6.34442121e-02  4.30213809e-02  2.35279426e-01 -4.64263856e-02  5.75648546e-02 -3.21885347e-01 -1.71964854e-01  6.56708181e-02  2.88898230e-01 -6.84131384e-02]
 [ 9.52197015e-02  1.24266669e-02  2.01908067e-01  4.27630916e-03 -8.46009403e-02 -6.41823113e-02  4.82412986e-02  2.32944712e-01 -4.44430932e-02  7.61451274e-02 -3.19753468e-01 -1.67062968e-01  6.41901121e-02  3.01887006e-01 -6.12474605e-02]
 [ 9.76227298e-02  9.98115540e-03  2.09052488e-01  1.40225776e-02 -9.37816352e-02 -8.15767646e-02  3.49152796e-02  2.28132084e-01 -5.80974743e-02  8.29096362e-02 -3.13080907e-01 -1.74973562e-01  6.59106821e-02  3.05706561e-01 -6.13543540e-02]
 [ 8.18670318e-02  5.55362552e-03  2.00616345e-01  6.86571002e-05 -8.61213505e-02 -6.04380295e-02  3.33724990e-02  2.27495953e-01 -5.72046377e-02  6.32806569e-02 -3.24245542e-01 -1.61673620e-01  5.90012893e-02  3.12946945e-01 -5.04626036e-02]
 [ 7.31157213e-02  1.22038275e-02  1.96525663e-01 -9.36103985e-04 -8.11988041e-02 -5.84017411e-02  3.56548987e-02  2.30942667e-01 -5.79152778e-02  5.05099297e-02 -3.24769139e-01 -1.64227366e-01  5.98832667e-02  3.09762746e-01 -5.63271865e-02]
 [ 1.01271473e-01  7.21547753e-03  2.03943864e-01  5.05073275e-03 -8.53267163e-02 -6.25997037e-02  4.37222756e-02  2.29003638e-01 -5.02217710e-02  7.75982738e-02 -3.23397487e-01 -1.62061542e-01  6.06840290e-02  3.12524587e-01 -5.16529121e-02]
 [ 5.28454818e-02  2.66394541e-02  1.89937562e-01 -4.62767668e-03 -7.94235468e-02 -5.80678359e-02  3.96003425e-02  2.37615570e-01 -5.07541671e-02  3.81437540e-02 -3.19067389e-01 -1.77585497e-01  6.53064027e-02  2.87929833e-01 -7.41613880e-02]
 [ 8.92947018e-02  3.16068530e-03  2.01942384e-01 -1.04033574e-03 -7.94080496e-02 -7.11215287e-02  4.38572131e-02  2.31921390e-01 -4.91098389e-02  7.29310587e-02 -3.24776858e-01 -1.68967918e-01  6.51784018e-02  2.95654118e-01 -6.14043623e-02]
 [ 7.02483952e-02  1.88276246e-02  1.92598164e-01 -6.51282072e-03 -7.56960213e-02 -5.77231050e-02  4.95227538e-02  2.37982705e-01 -4.16956060e-02  5.37858605e-02 -3.23294431e-01 -1.72652617e-01  6.57521114e-02  2.86226302e-01 -7.08848834e-02]
 [ 6.21327311e-02  2.03247368e-02  1.91099092e-01 -6.15903735e-03 -7.66422227e-02 -5.54986149e-02  4.37235832e-02  2.36982703e-01 -4.79338095e-02  4.40859981e-02 -3.23216349e-01 -1.70932412e-01  6.38244525e-02  2.92459011e-01 -6.87637404e-02]
 [ 6.74384087e-02  1.20616108e-02  1.95773348e-01 -1.89688243e-03 -8.03326219e-02 -6.12998828e-02  3.46073695e-02  2.31961876e-01 -5.86511120e-02  4.74194884e-02 -3.23987812e-01 -1.66451603e-01  6.13035820e-02  3.05600286e-01 -6.00039288e-02]
 [ 6.17213175e-02  6.43974543e-03  1.91902071e-01 -1.46198031e-02 -7.99586549e-02 -4.44229171e-02  3.04543301e-02  2.27365613e-01 -5.49336225e-02  4.50620241e-02 -3.32696021e-01 -1.60426944e-01  5.52914329e-02  3.05993080e-01 -4.66467962e-02]]
topics:
[[-0.7741648  -0.69715625  0.05908129 -0.58195585  0.44659054 -0.36051872 -0.4871421   0.11375385 -0.61933637 -0.71586436 -0.8873749  -0.23052208  0.02378813 -0.0355241   0.08199845]
 [-0.52397317 -0.6285431  -0.08279464  0.04939484 -0.2202545   0.3754623  -0.28077766  0.16235738 -0.4233426  -0.6506356   0.00580217 -0.17281288 -0.12363288  0.3546541  -1.315615  ]
 [ 0.08102072 -0.0928129   0.21359272 -0.66032046  0.16324551 -0.23761597  1.0591215   1.6797445   1.1076514   0.11090512 -0.12972127  0.12260563  0.21525908 -0.10287999 -0.07837452]
 [-0.02734281  0.6575087   0.10560554  0.36576334  0.32668558  0.3653117  -0.09207509  0.02156312  0.10445121 -0.23949721 -0.25547266 -0.22587302  0.87826914  0.9288776   0.4202251 ]
 [ 0.48960465 -0.28465882  0.49186516  0.3614697  -0.39113653 -0.4627395  -0.2954639   0.03724777 -0.44925565  0.46786267 -0.17464007 -0.01219573  0.01690983  0.8847174   0.21186936]
 [-0.38122898 -0.40295997  0.17925958 -0.6111145  -0.6173248   0.3689928  -0.21461846  0.02485617  0.60137546  0.81838155 -0.22675231 -0.12405389  0.01849065 -0.3694802   0.19030434]
 [ 0.8313184   0.90077984  0.45728648  0.541887   -0.48461458 -0.5936469  -0.21230704  0.02207932 -0.34949443  0.6271837  -0.03718584 -1.484597    0.19456953 -0.27512485 -0.24734673]
 [-0.23371522  0.70071185  0.03821278  0.3728266   0.30034778 -0.9017636   0.92111456  0.19083361 -0.19093731 -0.24718925 -0.48884594  0.03311117 -0.17754835 -0.4615151  -1.0313709 ]
 [ 0.80204016 -0.13528761  0.09231186 -0.4746394   0.37748668  0.48112226  0.6793466   0.2584231   0.60334367  0.50898707 -0.86000794 -0.09545752 -0.01082154 -0.14771636  0.21067588]
 [-0.07771114  0.43526804  0.07957119  0.1314723  -0.2485717   0.4412708  -0.03007788  0.21867305 -0.13499567 -0.34518954 -0.22555438  0.01997132 -0.10512229  0.8297201   0.11719531]]
R:
[[0.09555309 0.07613984 0.07613984 0.07613984 0.19748032 0.07613984 0.08351079 0.07613984 0.09093975 0.15181682]
 [0.09977531 0.09103974 0.09103974 0.09103974 0.09103974 0.09103974 0.0910785  0.09103974 0.10963379 0.15327401]
 [0.08861674 0.07320073 0.07320073 0.07320073 0.23366073 0.07320073 0.07516506 0.07320073 0.09955742 0.13699639]
 [0.0955266  0.07609161 0.07609161 0.07609161 0.20212644 0.07878395 0.07618919 0.07609161 0.09495334 0.14805411]
 [0.08442287 0.07447805 0.07447805 0.07447805 0.21935382 0.07447805 0.07447805 0.07447805 0.10397196 0.14538313]
 [0.08621524 0.07379822 0.07379822 0.07379822 0.23181611 0.07490188 0.08002628 0.07379822 0.09419546 0.13765211]
 [0.09479281 0.07041083 0.07041083 0.07041083 0.2201766  0.07452933 0.07041083 0.07041083 0.09887555 0.15957156]
 [0.09786399 0.07194089 0.07194089 0.07194089 0.20987597 0.07194089 0.07194089 0.07194089 0.09621162 0.16440305]
 [0.08603357 0.07139022 0.07139022 0.07139022 0.22750747 0.07139022 0.07139022 0.07139022 0.10761338 0.15050429]
 [0.09982795 0.07677542 0.07677542 0.07677542 0.18582535 0.07792258 0.08018442 0.07677542 0.08594118 0.16319683]
 [0.09261457 0.07442943 0.07442943 0.07442943 0.21991386 0.07442943 0.07442943 0.07442943 0.10337263 0.13752231]
 [0.09404819 0.07681626 0.07681626 0.07681626 0.19496472 0.07681626 0.07681626 0.07681626 0.09837048 0.15171899]
 [0.09780005 0.07577109 0.07577109 0.07577109 0.19275627 0.07577109 0.07577109 0.07577109 0.09379211 0.16102508]
 [0.09996665 0.07303837 0.07303837 0.07303837 0.2071021  0.07303837 0.07303837 0.07303837 0.09294672 0.16175427]
 [0.10499268 0.06838053 0.06838053 0.06838053 0.20033453 0.07803001 0.06838053 0.06838053 0.09924456 0.1754956 ]]
distance_matrix:
[[1.6691995  2.419063   1.6659651  1.6583734  1.6316161  1.6734319  1.629044   1.6359372  1.6248693  1.7103019  1.6468272  1.6565704  1.6662364  1.6482501  1.657898  ]
 [3.2575488  4.554416   3.0717983  3.23834    3.1328235  3.0614734  3.1786065  3.24048    3.1224174  3.381784   3.1380448  3.2856197  3.3262744  3.25038    3.3696651 ]
 [2.5461555  3.8592486  2.3272324  2.5084672  2.3837953  2.330194   2.4351058  2.5028863  2.3661232  2.6715045  2.393331   2.5538607  2.5988936  2.518043   2.635723  ]
 [1.2972679  1.9549904  1.3336062  1.2899284  1.3100958  1.3377609  1.3163624  1.3001852  1.3298497  1.3220463  1.3012438  1.2909484  1.2977381  1.2934723  1.3499475 ]
 [1.4157348  2.4792123  1.3042288  1.3863015  1.319222   1.309402   1.3267922  1.366878   1.304204   1.4899707  1.330318   1.4140053  1.4346385  1.379664   1.4312019 ]
 [3.0678644  4.079973   2.9649043  3.0323267  2.98038    2.9719973  2.9915857  3.0283422  2.9741254  3.1363926  2.9830332  3.061563   3.0841713  3.0356112  3.0930905 ]
 [0.8168478  1.4799929  0.8545337  0.80768585 0.81464577 0.8493824  0.8220329  0.8156719  0.83517885 0.83649826 0.8305273  0.80832624 0.81414986 0.8147955  0.8521056 ]
 [1.4628944  2.0837603  1.4901748  1.4360247  1.4421043  1.5041933  1.4309454  1.4290838  1.4470973  1.4770536  1.4505749  1.4329457  1.4380016  1.4344263  1.4304471 ]
 [2.164546   3.115718   2.0677304  2.124857   2.0816717  2.0926704  2.0796175  2.1077566  2.0640302  2.2306585  2.0664415  2.1465049  2.1673346  2.1165733  2.1560454 ]
 [1.8179784  2.3617177  1.9049864  1.8167491  1.8692803  1.9064622  1.8548055  1.8310351  1.8923311  1.8258338  1.8540702  1.8143702  1.8133836  1.8211675  1.8419123 ]
 [1.4127636  2.4399567  1.2945333  1.3900509  1.3263702  1.2960558  1.3729095  1.4093742  1.3300328  1.5102339  1.3182268  1.4196658  1.4585333  1.4123096  1.5155101 ]
 [1.1356864  1.7391315  1.1804161  1.1229234  1.1574683  1.184773   1.1588216  1.1499543  1.1802788  1.1617646  1.1382861  1.1283388  1.1399045  1.1409144  1.1735926 ]
 [1.3993769  1.9543667  1.5400968  1.4138308  1.4820881  1.5322866  1.421711   1.3826923  1.4944549  1.3690186  1.4922342  1.4041438  1.3717308  1.3779058  1.3615851 ]
 [1.1490002  1.8524628  1.1959596  1.1515532  1.1583242  1.1859579  1.1450119  1.1426144  1.1673951  1.1713276  1.1757011  1.1534162  1.1526003  1.14606    1.1556621 ]
 [1.1963396  1.8775759  1.2828317  1.2037096  1.2450256  1.2731524  1.2000923  1.1804752  1.254312   1.1907616  1.2547407  1.2056384  1.1852465  1.1778078  1.1794276 ]]
