hid1:
[[-0.55791944 -0.5596386  -0.2936793  -0.8832904  -0.96294236 -0.9334935  -0.5013681  -0.20568961 -0.7956826  -0.7077886  -0.457056   -1.0683361  -0.31690162 -1.4577388  -0.5170735 ]
 [-0.4949394  -1.4577388  -0.2113432  -0.97697663 -0.93129396 -1.0606865  -0.5954537  -0.10431278 -0.9854127  -0.8198146  -0.45624423 -1.1616029  -1.4577388  -0.62143904 -0.66298664]
 [-0.51652646 -1.4577388  -1.4577388  -0.9262494  -0.96178067 -1.0566442  -0.4491287  -0.19695482 -0.8398564  -1.4577388  -1.4577388  -1.1347419  -0.2769774  -0.5200992  -0.53123295]
 [-0.4480592  -0.46342534 -0.12940487 -0.86007345 -0.9130758  -0.83798647 -0.48918146 -0.18793994 -0.7109765  -1.4577388  -1.4577388  -1.0376421  -0.22777024 -0.5283907  -0.46669328]
 [-0.4803272  -0.51687396 -0.16613966 -0.93057656 -1.0125169  -0.95294034 -0.5356429  -0.14669225 -0.7789937  -0.81846935 -0.60583794 -1.0561192  -0.30005306 -0.5344652  -0.5258174 ]
 [-0.48289198 -1.4577388  -0.1372731  -0.9257331  -0.9756073  -0.966262   -0.57054424 -0.16176802 -0.83901596 -0.7813779  -0.49211508 -1.0943718  -1.4577388  -0.5328104  -0.5465128 ]
 [-1.4577388  -1.4577388  -0.18006077 -0.8330686  -1.0091774  -0.8844892  -0.5020051  -0.13669333 -0.70154905 -0.770892   -0.52577907 -1.062197   -0.25276622 -0.5185131  -0.46589112]
 [-1.4577388  -0.4072494  -0.10620466 -0.75671226 -1.4577388  -0.7611807  -0.41839498 -0.14031518 -0.5776621  -0.4455403  -1.4577388  -0.9115813  -0.16114357 -0.44820982 -0.40253723]
 [-0.52684814 -1.4577388  -0.16470689 -0.9275658  -1.0055453  -1.4577388  -0.5474277  -0.10940817 -0.7777273  -1.4577388  -0.62112874 -1.0569049  -0.27418524 -0.5564359  -0.47205788]
 [-0.45661926 -0.50213504 -0.14867187 -0.8321639  -0.9505354  -0.8362207  -0.48544246 -0.18653914 -0.6989598  -0.7202107  -0.4954682  -1.0041986  -0.27860102 -0.49600214 -0.47488534]
 [-0.57301885 -0.46606976 -0.29544038 -0.9071667  -0.96255267 -0.91863096 -0.4039777  -0.16179034 -0.8619503  -0.76227224 -0.585489   -1.4577388  -0.20005864 -0.5720451  -0.50229967]
 [-0.49572915 -0.49102598 -0.15074146 -0.86779594 -0.96357834 -1.4577388  -0.5092754  -0.21043918 -0.7001055  -0.7284522  -0.50239563 -1.0512977  -0.28528494 -0.49634016 -1.4577388 ]
 [-0.48089367 -0.43933123 -0.13101885 -0.81361943 -0.8895128  -0.7682261  -0.4357943  -0.15611908 -0.5918769  -0.5998179  -0.45926297 -0.9671688  -0.22244349 -0.41901004 -0.41761965]
 [-0.52962446 -0.5257319  -0.15923676 -0.82410455 -0.97661054 -0.7857282  -0.51134866 -0.19518575 -0.6476713  -1.4577388  -0.5028586  -0.9912617  -0.27724448 -0.55469173 -0.4933061 ]
 [-0.5038563  -0.4946561  -1.4577388  -1.4577388  -0.9562689  -1.4577388  -0.46186495 -0.13573697 -0.62285423 -0.68178356 -1.4577388  -1.0095017  -0.26983857 -0.4812281  -0.46578795]]
hid2:
[[-0.48019937 -0.5155672  -0.16250308 -0.8867764  -0.9803724  -0.94717836 -0.5151379  -0.165585   -0.7512198  -0.73448783 -0.5124963  -1.0984594  -0.28725204 -0.52900445 -0.5110596 ]
 [-0.4997702  -0.5084655  -0.12014926 -0.77034694 -0.8451102  -0.6866453  -0.46237352 -0.13377878 -0.5047948  -0.42937472 -0.4700538  -0.8785593  -0.2244272  -0.49883494 -0.40705568]
 [-0.47908044 -0.51262194 -0.15788607 -0.87457085 -0.9659746  -0.9247808  -0.5083506  -0.16131204 -0.7301773  -0.7095065  -0.508795   -1.0784916  -0.28033918 -0.5236055  -0.5024713 ]
 [-0.4802148  -0.51558256 -0.16251376 -0.8868027  -0.9804044  -0.94720644 -0.51515776 -0.16559806 -0.7512455  -0.7345129  -0.51250124 -1.0984898  -0.28726828 -0.5290253  -0.51106864]
 [-0.50900626 -0.51127607 -0.11310325 -0.75008297 -0.82196933 -0.6322644  -0.45549947 -0.12996897 -0.45309696 -0.36339253 -0.46129155 -0.8346144  -0.21409374 -0.49769598 -0.38469824]
 [-0.48050493 -0.51518434 -0.16127057 -0.88342774 -0.97646445 -0.940084   -0.51351845 -0.16459404 -0.74452114 -0.7262809  -0.5113364  -1.092385   -0.2854186  -0.5279553  -0.5082562 ]
 [-0.47990808 -0.5141783  -0.15999442 -0.8800972  -0.9725156  -0.9344242  -0.5115509  -0.16334176 -0.7392197  -0.7201082  -0.5103951  -1.0872202  -0.28350222 -0.52627635 -0.5061255 ]
 [-0.48021472 -0.5155825  -0.16251366 -0.88680243 -0.9804041  -0.947206   -0.51515764 -0.16559796 -0.7512451  -0.73451257 -0.5125011  -1.0984894  -0.28726816 -0.52902514 -0.51106846]
 [-0.5052401  -0.5119415  -0.11978108 -0.76854193 -0.8433685  -0.6745981  -0.46360213 -0.13481522 -0.4931681  -0.4132313  -0.468177   -0.8701233  -0.22398575 -0.50201124 -0.4016716 ]
 [-0.48021454 -0.51558214 -0.16251329 -0.8868015  -0.98040295 -0.9472044  -0.5151571  -0.16559757 -0.7512436  -0.7345107  -0.51250094 -1.098488   -0.28726757 -0.52902466 -0.5110679 ]
 [-0.47991478 -0.5151819  -0.16209276 -0.8857193  -0.97911257 -0.94552946 -0.5144758  -0.16515937 -0.749681   -0.7327389  -0.51222    -1.0969126  -0.28663406 -0.52840453 -0.51045287]
 [-0.4802142  -0.5155818  -0.16251308 -0.88680094 -0.98040235 -0.9472039  -0.5151566  -0.16559733 -0.7512432  -0.73451036 -0.51250076 -1.0984874  -0.28726724 -0.52902424 -0.5110678 ]
 [-0.48021275 -0.5155805  -0.16251233 -0.8867992  -0.98040015 -0.9472026  -0.5151551  -0.16559632 -0.75124204 -0.7345095  -0.5125005  -1.0984858  -0.28726608 -0.5290225  -0.51106745]
 [-0.37856472 -0.3256129   0.09396272 -0.21469386 -0.18481846  0.22408913 -0.12554741  0.08154947  0.34699443  0.5526765  -0.31812897 -0.03790086  0.09752166 -0.20348734 -0.06737363]
 [-0.48021477 -0.51558256 -0.16251372 -0.88680255 -0.98040426 -0.9472063  -0.5151577  -0.16559802 -0.7512453  -0.7345128  -0.51250124 -1.0984896  -0.28726822 -0.52902526 -0.5110686 ]]
topics:
[[-4.26554531e-01 -5.58561683e-01 -1.74911335e-01  7.13332519e-02  4.86711890e-01 -3.79165739e-01 -5.33976972e-01  7.39157945e-02 -3.74513954e-01 -5.43353081e-01 -8.60244930e-01 -2.35131502e-01  6.70457855e-02 -6.82585239e-02 -7.93500617e-02]
 [ 8.50615680e-01 -7.21335351e-01 -1.38151586e-01  3.36148679e-01 -6.14382088e-01  3.43996257e-01 -3.09172153e-01  7.25222453e-02  7.64690161e-01 -6.91805780e-01 -1.16068339e-02 -4.87910248e-02  6.37046397e-02  2.65337527e-01 -8.27976286e-01]
 [ 4.37653095e-01  1.05893053e-01  1.81812000e+00 -2.58243769e-01 -3.05323511e-01 -5.00885725e-01  1.16386414e+00  1.47765481e+00  1.04885018e+00  3.40668201e-01 -1.17475793e-01 -1.52927846e-01  2.16766357e-01 -2.76712894e-01  2.03287467e-01]
 [-4.50104654e-01  7.85647452e-01  2.49075830e-01  8.02352577e-02 -2.77738214e-01  2.86116898e-01 -4.15592119e-02  4.67198528e-02 -4.18876320e-01 -3.18279743e-01 -2.24597722e-01 -2.74060935e-01 -1.02331974e-01  1.14985967e+00  2.72633433e-01]
 [ 2.72656053e-01 -1.95189074e-01  1.95034876e-01 -1.50071174e-01  7.85348415e-01 -4.93649393e-01 -4.86504763e-01  1.67771310e-01 -6.93586528e-01  7.90981233e-01 -1.34877220e-01 -1.81453407e-01  2.21722890e-02  8.73783946e-01 -9.08414841e-01]
 [-6.07980907e-01 -4.97448593e-01  5.47008626e-02 -2.85587430e-01 -2.83777267e-01  4.39523339e-01 -2.53273368e-01 -9.26444866e-03  5.61590970e-01  9.00020301e-01 -2.87037164e-01  6.30097315e-02  3.43922265e-02 -3.92073333e-01  4.54813763e-02]
 [-4.80214804e-01 -5.15582561e-01 -1.62513763e-01 -8.86802673e-01 -9.80404377e-01 -9.47206438e-01 -5.15157759e-01 -1.65598065e-01 -7.51245499e-01 -7.34512925e-01 -5.12501240e-01 -1.09848976e+00 -2.87268281e-01 -5.29025316e-01 -5.11068642e-01]
 [-5.07316947e-01  4.65382963e-01 -3.46791174e-04  2.50250190e-01  7.18461633e-01 -9.65166450e-01  9.65625226e-01  1.68983370e-01 -3.14079463e-01 -3.46394360e-01 -4.61564332e-01  1.21268794e-01 -1.44263022e-02 -5.24940014e-01 -9.63133037e-01]
 [ 5.69339931e-01 -9.90820229e-02 -4.13659215e-01 -6.16892755e-01  3.89535129e-01  6.23880148e-01  7.46443570e-01  2.62173414e-01  4.59141195e-01  6.46718383e-01 -8.72823000e-01  3.18625867e-02  3.83068115e-01 -1.25306681e-01  1.81242496e-01]
 [ 1.26895055e-01  6.48598433e-01  1.23349749e-01  4.16079402e-01 -2.26421058e-01  4.80430186e-01 -3.83526739e-03  1.34044513e-01 -1.52008250e-01  7.66639411e-02 -1.82474166e-01 -1.74868017e-01  1.57464039e+00  5.27615607e-01  1.57086030e-01]]
R:
[[3.3694525e-06 3.3694525e-06 3.3694525e-06 3.3694525e-06 3.3694525e-06 3.3694525e-06 9.9996972e-01 3.3694525e-06 3.3694525e-06 3.3694525e-06]
 [8.3087629e-04 8.3087629e-04 8.3087629e-04 8.3087629e-04 8.3087629e-04 1.8371794e-01 8.0963498e-01 8.3087629e-04 8.3087629e-04 8.3087629e-04]
 [5.9741287e-04 5.9741287e-04 5.9741287e-04 5.9741287e-04 5.9741287e-04 1.3167518e-02 9.8205316e-01 5.9741287e-04 5.9741287e-04 5.9741287e-04]
 [8.8673635e-10 8.8673635e-10 8.8673635e-10 8.8673635e-10 8.8673635e-10 4.1284389e-09 1.0000000e+00 8.8673635e-10 8.8673635e-10 8.8673635e-10]
 [4.2122701e-05 4.2122701e-05 4.2122701e-05 4.2122701e-05 4.2122701e-05 2.2689952e-01 7.7276349e-01 4.2122701e-05 4.2122701e-05 4.2122701e-05]
 [6.8338362e-05 6.8338362e-05 6.8338362e-05 6.8338362e-05 6.8338362e-05 4.7925571e-03 9.9466079e-01 6.8338362e-05 6.8338362e-05 6.8338362e-05]
 [2.7707769e-04 2.7707769e-04 2.7707769e-04 2.7707769e-04 2.7707769e-04 7.8242552e-03 9.8995906e-01 2.7707769e-04 2.7707769e-04 2.7707769e-04]
 [2.3228386e-08 2.3228386e-08 2.3228386e-08 2.3228386e-08 2.3228386e-08 1.6724391e-07 9.9999964e-01 2.3228386e-08 2.3228386e-08 2.3228386e-08]
 [1.7067343e-05 1.7067343e-05 1.7067343e-05 1.7067343e-05 1.7067343e-05 1.9649772e-01 8.0336571e-01 1.7067343e-05 1.7067343e-05 1.7067343e-05]
 [8.5833335e-08 8.5833335e-08 8.5833335e-08 8.5833335e-08 8.5833335e-08 1.0084161e-06 9.9999833e-01 8.5833335e-08 8.5833335e-08 8.5833335e-08]
 [8.4833402e-05 8.4833402e-05 8.4833402e-05 8.4833402e-05 8.4833402e-05 7.8267773e-04 9.9853861e-01 8.4833402e-05 8.4833402e-05 8.4833402e-05]
 [1.5290787e-07 1.5290787e-07 1.5290787e-07 1.5290787e-07 1.5290787e-07 1.0195895e-06 9.9999774e-01 1.5290787e-07 1.5290787e-07 1.5290787e-07]
 [4.4924514e-07 4.4924514e-07 4.4924514e-07 4.4924514e-07 4.4924514e-07 4.4924514e-07 9.9999595e-01 4.4924514e-07 4.4924514e-07 4.4924514e-07]
 [3.9117504e-02 3.9117504e-02 3.9117504e-02 3.9117504e-02 3.9117504e-02 6.4794248e-01 3.9117504e-02 3.9117504e-02 3.9117504e-02 3.9117504e-02]
 [1.2868813e-08 1.2868813e-08 1.2868813e-08 1.2868813e-08 1.2868813e-08 8.4848196e-08 9.9999988e-01 1.2868813e-08 1.2868813e-08 1.2868813e-08]]
distance_matrix:
[[ 15.1405945  27.403755   15.663452   15.140076   31.671265   15.28772    15.421188   15.140045   28.236954   15.140137   15.17746    15.140091   15.140152  195.30347    15.140045 ]
 [ 27.234161   43.309456   28.09674    27.233002   48.350296   27.485687   27.706467   27.233032   44.299164   27.233063   27.296722   27.232986   27.233109  225.35562    27.233002 ]
 [ 21.716812   36.764946   22.45781    21.715805   41.652756   21.93779    22.123993   21.715775   37.761505   21.715958   21.768051   21.715973   21.716064  212.9632     21.715805 ]
 [ 18.507782   27.185997   18.720337   18.507538   30.708725   18.556824   18.611832   18.507538   27.856659   18.507538   18.521698   18.507492   18.507614  182.42053    18.507568 ]
 [ 17.06845    29.78762    17.652924   17.067566   34.108887   17.229553   17.38118    17.067596   30.605194   17.067627   17.111359   17.067612   17.067642  200.80267    17.067596 ]
 [ 14.202316   26.69236    14.753006   14.201523   30.991913   14.356064   14.497528   14.201523   27.522537   14.201553   14.241684   14.201508   14.201599  195.94302    14.201523 ]
 [ 15.456116   24.730965   15.758179   15.455475   28.308258   15.524597   15.606369   15.455414   25.367203   15.455566   15.479218   15.455551   15.455643  184.62674    15.455444 ]
 [ 25.613205   25.716866   25.116776   25.613602   27.398163   25.431015   25.309937   25.613663   25.945206   25.613663   25.576767   25.613617   25.613556  152.87866    25.613632 ]
 [ 20.92337    34.0617     21.564209   20.922272   38.433228   21.097443   21.26558    20.922272   34.86563    20.922333   20.971924   20.922256   20.922379  207.90866    20.922272 ]
 [ 18.761383   25.579308   18.843597   18.761078   28.65953    18.762268   18.7874     18.761047   26.115723   18.761078   18.767548   18.761002   18.761032  176.30933    18.761078 ]
 [ 18.330841   29.651482   18.79892    18.329956   33.673904   18.453857   18.576736   18.329956   30.398209   18.330078   18.365326   18.330063   18.330154  196.0332     18.329956 ]
 [ 14.760956   24.900826   15.110443   14.760284   28.707977   14.850616   14.94133    14.760284   25.620651   14.7604065  14.785522   14.760391   14.76033   186.00702    14.760284 ]
 [ 14.630768   18.969398   14.448364   14.631073   21.626862   14.5598755  14.512527   14.631073   19.47519    14.6310425  14.6138     14.631088   14.631149  157.54178    14.631073 ]
 [ 15.304825   22.637794   15.449875   15.304153   25.791138   15.320969   15.364319   15.304153   23.16774    15.304245   15.316818   15.304352   15.30426   176.43652    15.304153 ]
 [ 18.953308   27.293282   19.1279     18.953156   30.762283   18.992432   19.036758   18.953247   27.963074   18.953247   18.963715   18.953262   18.953262  180.72925    18.953217 ]]
