hid1:
[[0.16483518 0.42941093 0.35156724 0.         0.29001072 0.14087212 0.42283642 0.3528618  0.         0.2846411  0.         0.         0.12771587 0.47336495 0.        ]
 [0.1135741  0.49509555 0.35923007 0.         0.44019437 0.2130971  0.5815675  0.45335642 0.         0.27093592 0.         0.         0.13243648 0.4205302  0.        ]
 [0.05499661 0.5127672  0.3536064  0.         0.41095528 0.15311168 0.47992206 0.4311649  0.         0.25159124 0.         0.         0.12956716 0.41318068 0.        ]
 [0.13292047 0.39874798 0.36245814 0.         0.1901154  0.15768379 0.34174934 0.44129258 0.         0.2784618  0.         0.         0.14781699 0.4793568  0.        ]
 [0.16318834 0.3438204  0.38463965 0.         0.3106005  0.1604943  0.40911725 0.38449472 0.         0.29428172 0.         0.         0.20500459 0.45489943 0.        ]
 [0.10967948 0.4302701  0.314884   0.         0.2911545  0.13057275 0.42837793 0.3887507  0.         0.2500725  0.         0.         0.16903731 0.42317185 0.        ]
 [0.19979952 0.26579347 0.3418807  0.         0.17112055 0.10554162 0.3564072  0.37665832 0.         0.24315758 0.         0.         0.17183001 0.39929342 0.        ]
 [0.06355327 0.35413775 0.28365698 0.         0.17976803 0.08383653 0.29820922 0.4010046  0.07422766 0.20479228 0.         0.         0.1827457  0.43112043 0.        ]
 [0.16453978 0.4199379  0.39233965 0.         0.19557498 0.1532496  0.3940443  0.45682228 0.         0.28590393 0.         0.         0.14949746 0.4553554  0.        ]
 [0.1293583  0.32277042 0.31769803 0.         0.08119881 0.09274846 0.31160137 0.36734375 0.         0.19001688 0.         0.         0.14683798 0.4600049  0.        ]
 [0.11785259 0.44619223 0.34898046 0.         0.32943943 0.17006831 0.4522716  0.42598718 0.         0.26992148 0.         0.         0.12232222 0.4513412  0.        ]
 [0.12673937 0.36622098 0.32790828 0.         0.17311482 0.08910539 0.35884154 0.4035572  0.         0.232579   0.         0.         0.16111386 0.49025965 0.        ]
 [0.1346116  0.31381217 0.32218245 0.         0.10886654 0.06815773 0.28984717 0.38158068 0.04946882 0.25902313 0.         0.         0.21504608 0.46533686 0.        ]
 [0.16567557 0.24442294 0.28004274 0.         0.12355425 0.0485892  0.31900662 0.363      0.         0.22668688 0.         0.         0.20244369 0.50091034 0.        ]
 [0.16542147 0.3457045  0.33262676 0.         0.15014979 0.07486855 0.32229644 0.35463387 0.         0.24859843 0.         0.         0.17711118 0.50941366 0.        ]]
hid2:
[[ 1.73191249e-01  4.04930025e-01  3.49598676e-01  7.98993781e-02  2.16426685e-01  1.12604693e-01  3.59988451e-01  4.04398173e-01 -7.39538297e-02  2.65578866e-01 -1.25971213e-01 -1.12341866e-01  1.58889353e-01  5.05271256e-01 -1.93181969e-02]
 [ 5.02541773e-02  1.00812279e-01  1.90042019e-01 -1.15595274e-01 -2.40352415e-02 -9.01469439e-02  1.66291639e-01  3.33010465e-01  9.47555825e-02  1.05638757e-01 -2.59103864e-01 -1.83425367e-01  3.09109211e-01  1.34658769e-01 -1.66621238e-01]
 [ 1.81935340e-01  4.15141851e-01  3.66454422e-01  7.34454915e-02  2.55893171e-01  1.45794764e-01  3.95403862e-01  4.19135481e-01 -7.76098967e-02  3.14019889e-01 -1.14741080e-01 -9.63800699e-02  1.55040532e-01  5.15016794e-01  2.26797536e-04]
 [ 1.42273560e-01  3.80199015e-01  3.34752113e-01  5.76501936e-02  1.83744803e-01  9.89315659e-02  3.38326097e-01  3.93792659e-01 -3.80586386e-02  2.61486173e-01 -1.35420367e-01 -1.14587598e-01  1.69421136e-01  4.71649826e-01 -2.23288666e-02]
 [ 1.53906077e-01  3.71156931e-01  3.36793125e-01  5.04292026e-02  1.93760484e-01  1.04219109e-01  3.44667435e-01  3.99684429e-01 -4.40723673e-02  2.69584030e-01 -1.35519028e-01 -1.14311367e-01  1.75152302e-01  4.65709150e-01 -2.27666274e-02]
 [ 1.54298991e-01  3.69690746e-01  3.34926873e-01  5.07076308e-02  1.95145071e-01  1.07114814e-01  3.40176463e-01  3.93712610e-01 -5.27098961e-02  2.66614348e-01 -1.36054605e-01 -1.15456924e-01  1.78359181e-01  4.62607980e-01 -2.68442519e-02]
 [ 1.56904683e-01  3.78207952e-01  3.42324942e-01  5.30460142e-02  2.04488426e-01  1.12551920e-01  3.54480892e-01  4.04938370e-01 -4.60908860e-02  2.78414547e-01 -1.30833119e-01 -1.09526075e-01  1.71237856e-01  4.76717353e-01 -1.63978897e-02]
 [ 1.56140119e-01  4.11950767e-01  3.54816645e-01  7.51334205e-02  2.10571110e-01  1.29816353e-01  3.60991329e-01  4.04719085e-01 -5.04598655e-02  2.87509918e-01 -1.17964230e-01 -1.04733333e-01  1.52870581e-01  5.17517388e-01  2.30255630e-03]
 [ 1.70196980e-01  4.09765005e-01  3.58930677e-01  7.42065609e-02  2.25329831e-01  1.29762113e-01  3.70046437e-01  4.09693688e-01 -6.68962672e-02  2.94916242e-01 -1.16216280e-01 -1.05297461e-01  1.56956732e-01  5.10481358e-01 -3.92125268e-03]
 [ 1.55855134e-01  3.08699310e-01  3.20308447e-01  4.06742282e-03  1.94201961e-01  5.07080145e-02  3.43562454e-01  4.00078773e-01 -5.41286431e-02  2.81633884e-01 -1.53956845e-01 -1.25904962e-01  2.17408210e-01  3.44499856e-01 -7.74427950e-02]
 [ 1.50602803e-01  3.63873065e-01  3.33769023e-01  4.62712273e-02  1.87244356e-01  9.48882625e-02  3.40835571e-01  4.01797414e-01 -3.82752679e-02  2.63217479e-01 -1.36482254e-01 -1.15203977e-01  1.78026438e-01  4.60067302e-01 -2.66117267e-02]
 [ 1.45770997e-01  3.92419934e-01  3.42582315e-01  6.48187175e-02  1.81585774e-01  1.14267841e-01  3.36483061e-01  3.95234287e-01 -3.64476293e-02  2.70143747e-01 -1.26357421e-01 -1.14033177e-01  1.62144303e-01  4.96570826e-01 -5.81957214e-03]
 [ 1.63185075e-01  4.08043772e-01  3.45298201e-01  8.48254934e-02  1.92527696e-01  9.58980024e-02  3.45413923e-01  3.98184806e-01 -6.20796345e-02  2.53950834e-01 -1.28975615e-01 -1.19676910e-01  1.55232906e-01  5.00890374e-01 -2.18185708e-02]
 [ 1.48911655e-01  3.88232201e-01  3.40748519e-01  6.14464097e-02  2.12299228e-01  1.30944997e-01  3.54578018e-01  4.01077121e-01 -4.77594957e-02  2.64282644e-01 -1.27861962e-01 -1.00240856e-01  1.64804801e-01  5.09099126e-01 -7.98544288e-03]
 [ 1.86109841e-01  3.55511397e-01  3.51423532e-01  2.93969139e-02  2.56144762e-01  9.43997949e-02  3.95651817e-01  4.21886951e-01 -8.56144130e-02  3.25639606e-01 -1.32525995e-01 -1.07773446e-01  1.94500759e-01  4.01332051e-01 -5.05030677e-02]]
topics:
[[ 0.843538   -0.7731618   0.06204025 -0.88444793  0.61665314 -0.3824175  -0.4393961   0.24773328 -0.7345721  -0.84467727 -0.89499295 -0.70597285  0.14005333 -0.13834286  0.00652806]
 [ 0.9326212  -0.7023109  -0.01729543  0.16946028 -0.6766419   0.12709041 -0.40358332  0.09852615 -0.62497246 -0.714168    0.06092762 -0.27631825  0.04494728  0.45728394 -1.4748396 ]
 [-0.10850217 -0.5212456   0.26747027 -0.6973163  -0.12572052 -1.119264    0.7875686   1.5058904   1.3185858   0.16719255 -0.11462007  0.10185165  0.33207563 -0.03484993 -0.11606897]
 [-0.21025518  0.8432204   0.2855818   0.4665043  -0.33221316  0.33020228 -0.07374069  0.15830977  0.3089123  -0.22843954 -0.07121466 -0.11749671 -0.1835557   1.4296565   0.37426713]
 [ 0.453824    0.80076915  0.6361828   0.29187205  0.76426363  0.4395432   0.8028604   0.5882355  -0.41913205  0.68973714  0.08899523  0.02618672 -0.00867127  0.9107865   0.16149136]
 [-0.6445769  -0.46496308  0.07961746 -0.86942255 -0.4015199   0.47871882 -0.2239208   0.02711214  0.7884344   0.87329894 -0.17510551 -0.04922934  0.6656516  -0.4871533   0.20279813]
 [ 0.5180886   1.0857868   0.6460955   0.7222528  -0.95541745 -0.9055328  -0.40605384  0.00737505 -0.4665264   0.62696165  0.05469481 -0.994312   -0.05359326 -0.18999916 -0.25882667]
 [-0.6236053   0.76132125 -0.00792848  0.3665223   0.7040006  -1.1209544   0.9800631   0.1867901  -0.26631904 -0.32786742 -0.60196495  0.1322294   0.01883876 -0.6016755  -1.1492555 ]
 [ 0.00855439 -0.19242865  0.02857619 -0.6089771   0.42474982  0.7504184   0.7839242   0.34199676  0.80168736  0.74336517 -0.8645895   0.05505137  0.2957785  -0.25726464  0.26276222]
 [-0.59164107  0.24075457 -0.13390538  0.03508551 -0.06269933  0.6128964  -0.15312019  0.08192519 -0.07872287 -0.24920075 -0.09441206  0.0354566   1.8366627   0.5052281   0.21305083]]
R:
[[0.05622819 0.05622819 0.06348279 0.1359022  0.3914184  0.05622819 0.06821603 0.05643573 0.05963201 0.05622819]
 [0.09389564 0.09389564 0.10977539 0.09389564 0.09389564 0.11096925 0.11051114 0.09389564 0.10537037 0.09389564]
 [0.05011036 0.05011036 0.06078712 0.11937267 0.43308362 0.06528259 0.05961586 0.05066988 0.06085715 0.05011036]
 [0.05504862 0.05504862 0.06754635 0.14208564 0.35918096 0.07428022 0.07016228 0.06049969 0.061099   0.05504862]
 [0.05670004 0.05670004 0.06864355 0.12977803 0.36800626 0.0727764  0.069849   0.05670004 0.06414662 0.05670004]
 [0.0582756  0.0582756  0.06450251 0.12732686 0.36844462 0.07494032 0.06937823 0.0582756  0.06230505 0.0582756 ]
 [0.05498642 0.05498642 0.06853358 0.12946023 0.37989008 0.07258856 0.06671779 0.05498642 0.0628641  0.05498642]
 [0.04975422 0.04975422 0.06350331 0.1473778  0.3960426  0.07117136 0.0640002  0.05198502 0.05665702 0.04975422]
 [0.05153575 0.05153575 0.0629393  0.13194901 0.40922007 0.06831744 0.06504986 0.05153575 0.05638137 0.05153575]
 [0.06456742 0.06456742 0.07644264 0.06456742 0.35330427 0.08990271 0.08346527 0.07209133 0.0665241  0.06456742]
 [0.05751796 0.05751796 0.07269587 0.1300342  0.3612468  0.07331873 0.07016367 0.05751796 0.06246884 0.05751796]
 [0.05277376 0.05277376 0.06622352 0.15160705 0.3680157  0.0749532  0.06954183 0.05277376 0.05856366 0.05277376]
 [0.05542389 0.05542389 0.06581791 0.14759965 0.37152007 0.05542389 0.07502647 0.05861336 0.05972701 0.05542389]
 [0.05487442 0.05487442 0.06370597 0.14730507 0.3837684  0.07191864 0.05487442 0.05602027 0.05778389 0.05487442]
 [0.05756212 0.05756212 0.06963926 0.05756212 0.4190663  0.07931566 0.07310537 0.06398296 0.06464203 0.05756212]]
distance_matrix:
[[1.0990562  7.2855377  0.997941   1.2795067  1.1900969  1.1875782  1.1231365  1.1097288  1.0288143  1.5392866  1.2392178  1.253727   1.2329893  1.1666727  1.238451  ]
 [2.1101246  9.851558   1.7158842  2.5015163  2.3186083  2.309269   2.1821136  2.1401968  1.933588   2.5477247  2.4082584  2.4615479  2.3983526  2.2603254  1.8407211 ]
 [1.5350914  8.223194   1.2966452  1.79463    1.6561251  1.6504936  1.5620308  1.5633554  1.4174175  1.8650312  1.7201347  1.7809467  1.7408533  1.6441965  1.4034805 ]
 [0.8369608  5.9002857  0.9544411  0.87347317 0.851593   0.8588171  0.8348093  0.84516335 0.855134   1.2952404  0.8703184  0.8638277  0.8572235  0.8537178  1.2833757 ]
 [0.96118736 6.437458   0.95374584 1.0709343  0.99893856 0.9978943  0.95923996 0.9917917  0.93523216 1.283925   1.0306721  1.0742817  1.0525484  1.0175543  1.1330185 ]
 [0.9432106  5.869071   1.0163603  0.9924221  0.9392023  0.94200706 0.9206085  0.98134327 0.95388794 1.216752   0.9569397  1.0125504  0.9964113  0.9784422  1.1875153 ]
 [0.9536724  5.2280207  1.1564837  0.9137707  0.9018183  0.90478706 0.91433716 0.9838152  1.0094833  1.2310171  0.9035225  0.9370346  0.93848515 0.9591665  1.3782921 ]
 [1.1843386  4.5617256  1.5535145  0.9815111  1.0478935  1.0561953  1.0982924  1.1603203  1.2844667  1.490901   1.0241632  1.0087614  1.0669384  1.0969105  1.8893137 ]
 [0.99713135 6.8326397  0.99358463 1.1170044  1.0676222  1.0745754  1.0192242  0.992383   0.960886   1.5119753  1.1042271  1.0865993  1.0706434  1.045497   1.3232708 ]
 [1.0798244  4.8506684  1.4177942  0.93086815 0.98559093 1.000782   1.0235748  1.0610094  1.1706238  1.4811454  0.96952057 0.9389038  0.9742937  1.0289297  1.7985935 ]
 [1.2280636  7.750759   1.048419   1.462717   1.3427706  1.341011   1.2584591  1.2495241  1.1328125  1.6430998  1.4010983  1.4376774  1.4050283  1.3182993  1.240242  ]
 [0.84775925 5.3225307  1.0558138  0.80114174 0.8110857  0.8187046  0.81781006 0.8457556  0.89639664 1.2581987  0.8143749  0.8048992  0.8196039  0.8268919  1.3906975 ]
 [1.1413345  4.3604474  1.5338202  0.93092155 0.9968519  1.0068779  1.0548477  1.1295881  1.257061   1.4324994  0.9724674  0.9630909  1.0131197  1.0647516  1.8603306 ]
 [1.5065374  3.8805256  2.0084972  1.2183895  1.2995682  1.3087025  1.3901653  1.5238571  1.6757278  1.6542664  1.2556705  1.284133   1.3335714  1.4174709  2.2577085 ]
 [1.0238638  4.842576   1.3419552  0.90049076 0.9386883  0.94826794 0.9740286  1.0268288  1.1165133  1.3903866  0.92648983 0.9169798  0.9399166  0.98513794 1.6810064 ]]
