hid1:
[[0.06094153 0.         0.09970152 0.         0.         0.03090319 0.         0.06041931 0.02796235 0.         0.         0.         0.06787903 0.09783233 0.01507805]
 [0.04974202 0.         0.09040347 0.         0.         0.02286217 0.         0.04273009 0.04195625 0.         0.         0.         0.06158921 0.10710849 0.02513672]
 [0.06643476 0.         0.09538814 0.         0.         0.01931142 0.         0.04631592 0.04337772 0.         0.         0.         0.07244886 0.13025828 0.02439541]
 [0.04783192 0.         0.08505198 0.         0.         0.02991167 0.         0.04241794 0.05115261 0.         0.         0.         0.04902548 0.09505028 0.01684816]
 [0.05962465 0.         0.09239864 0.         0.         0.04090482 0.         0.0495389  0.03980133 0.         0.         0.         0.0812686  0.08066132 0.01210859]
 [0.05552249 0.         0.10692418 0.         0.         0.02734816 0.         0.05330698 0.03976268 0.         0.         0.         0.06045762 0.08816452 0.01639906]
 [0.04770241 0.00392429 0.10816531 0.         0.         0.04687681 0.         0.0800728  0.03190676 0.         0.         0.         0.04584293 0.06369114 0.        ]
 [0.04723497 0.         0.08985311 0.         0.         0.02726901 0.01342318 0.06231303 0.05173741 0.         0.         0.         0.05622975 0.09698942 0.01492223]
 [0.07604547 0.         0.10382099 0.         0.         0.0498767  0.         0.07361116 0.03482088 0.         0.         0.         0.06068613 0.0818543  0.        ]
 [0.04695976 0.         0.09264156 0.00068537 0.         0.04161566 0.         0.06672966 0.04021233 0.         0.         0.         0.04638658 0.06596778 0.01519657]
 [0.05031853 0.         0.08374142 0.         0.         0.03484623 0.         0.04389543 0.04381691 0.         0.         0.         0.06052976 0.10168821 0.02277318]
 [0.03540874 0.         0.08198713 0.         0.         0.01759094 0.         0.02774935 0.03154351 0.         0.         0.         0.02339234 0.04492774 0.01591174]
 [0.05938447 0.         0.08267478 0.         0.         0.03511922 0.0148224  0.03304496 0.02244773 0.         0.00099926 0.         0.02296205 0.04058262 0.01326755]
 [0.04196678 0.         0.11223327 0.         0.         0.04283308 0.         0.0727656  0.019672   0.         0.         0.         0.03470112 0.07534757 0.        ]
 [0.03585732 0.         0.10888296 0.01173284 0.         0.04243052 0.         0.05293656 0.00674749 0.         0.         0.         0.04055889 0.05994869 0.        ]]
hid2:
[[ 0.04796723  0.0043476   0.09970265  0.0022748   0.00355992  0.03782704  0.01294854  0.0629046   0.03850922 -0.0019387  -0.00130973 -0.00336278  0.05130654  0.07650299  0.00936785]
 [ 0.05202416  0.00625616  0.10330809  0.00274092  0.00203236  0.04556024  0.00811865  0.06209151  0.04408508 -0.00618527 -0.0002938  -0.00056622  0.05169492  0.07822926  0.00990708]
 [ 0.05311398  0.00539163  0.10279593  0.00303093  0.00749261  0.04260787  0.01321936  0.0620808   0.04267785 -0.00336042  0.00078147  0.00196187  0.05047734  0.0797636   0.01203782]
 [ 0.04933058  0.00432465  0.10058436  0.00241356  0.00464623  0.03897462  0.01293562  0.06276732  0.03897765 -0.00194034 -0.00079161 -0.00206212  0.05109966  0.07773866  0.01032944]
 [ 0.05034319  0.00445944  0.10139403  0.0025006   0.00483294  0.04036005  0.01225308  0.06264167  0.03964594 -0.00236804 -0.00049061 -0.00128106  0.05108514  0.07853533  0.0108286 ]
 [ 0.04575266  0.00317439  0.0985285   0.00179913  0.00195552  0.03549845  0.01260347  0.06345528  0.03517852 -0.00042845 -0.00229954 -0.00592738  0.05169906  0.07600133  0.00883089]
 [ 0.05461329  0.00537252  0.10410366  0.0030988   0.0075983   0.04473329  0.01190341  0.06195976  0.04320245 -0.00380034  0.00116628  0.00295628  0.05051471  0.08123771  0.01293331]
 [ 0.05215543  0.00513347  0.10235188  0.00284691  0.00638874  0.0419936   0.01269458  0.0622625   0.04176496 -0.00316656  0.00031936  0.00079342  0.05072731  0.07927845  0.01153976]
 [ 0.05197268  0.00476767  0.10234027  0.00274497  0.0062024   0.04176906  0.01247751  0.06238337  0.04091877 -0.00274234  0.00018946  0.00044531  0.05079407  0.07958169  0.01171032]
 [ 0.04042776  0.00251586  0.09507285  0.00127458 -0.00143482  0.03077227  0.01312391  0.06397871  0.031796    0.00086426 -0.00404519 -0.01035999  0.05286689  0.07252076  0.00635238]
 [ 0.04872836  0.00388636  0.10042307  0.00222596  0.00380062  0.038632    0.01229646  0.06296169  0.03781735 -0.00154929 -0.00114793 -0.00297525  0.05131556  0.07779854  0.01022314]
 [ 0.04817868  0.00340616  0.10012775  0.00208001  0.00356901  0.03786943  0.01232331  0.06314543  0.03658989 -0.00088304 -0.00139257 -0.00362532  0.0513873   0.07789307  0.0102703 ]
 [ 0.04645265  0.0035491   0.09900957  0.00192222  0.00210704  0.03651696  0.01228831  0.06329048  0.03623836 -0.00105112 -0.00204681 -0.00525831  0.05166134  0.07619517  0.00894617]
 [ 0.05052855  0.00475463  0.10145709  0.00257942  0.00491943  0.04064775  0.0123155   0.06254288  0.04034284 -0.00274838 -0.00038736 -0.00100162  0.05104839  0.07833479  0.01070361]
 [ 0.05314734  0.00542475  0.10294677  0.00302735  0.00711132  0.04313894  0.01270486  0.0620203   0.04288001 -0.00353734  0.00078747  0.0019906   0.05063519  0.0798291   0.01207556]]
topics:
[[-1.32250190e-01 -1.73027784e-01  4.67934497e-02 -1.05658278e-01  1.66051060e-01 -1.42976955e-01  5.63222207e-02  6.40066341e-02 -2.05394238e-01 -1.93694070e-01 -2.72902280e-01 -2.01471612e-01  3.23589817e-02 -3.49779949e-02 -1.54502848e-02]
 [ 1.25246525e-01 -1.80939808e-01  3.51042077e-02 -2.65985671e-02 -2.37757072e-01  1.05844133e-01 -9.65674818e-02  5.17783202e-02  8.28733016e-03 -1.87131211e-01 -3.71232978e-04 -6.45097047e-02  2.73829587e-02  8.69749188e-02 -3.81259233e-01]
 [ 2.32672505e-02 -1.12179928e-01  1.61840528e-01 -2.32703105e-01 -1.23726822e-01 -4.78964895e-02  7.60792419e-02  3.97260159e-01  2.92223245e-01  1.51065886e-01  1.31075233e-02  6.33438006e-02  7.81858861e-02 -5.09690158e-02  1.47680193e-02]
 [-8.17142949e-02  1.69740707e-01  9.31113288e-02  9.77941230e-02  8.70615318e-02  7.31355473e-02 -6.64315075e-02  8.01258348e-03 -1.83883116e-01  7.17814080e-03 -4.11795713e-02 -6.43087775e-02 -2.05994248e-02  3.06332618e-01  1.63110495e-01]
 [ 5.89770712e-02 -9.58475918e-02  6.77276179e-02 -1.97498989e-03  2.19255626e-01 -1.44552678e-01  2.14640871e-01  8.32473785e-02 -1.69385731e-01  1.99228391e-01  2.36927364e-02  4.78156880e-02  7.10262358e-03  1.88993752e-01  1.29728645e-01]
 [-1.45461231e-01 -1.22243389e-01  4.29166621e-03 -3.57266031e-02 -1.20053381e-01  1.35663182e-01 -5.52391596e-02 -1.25001809e-02  1.64497018e-01  2.32360318e-01  6.94412645e-03  2.10419903e-03  5.70311695e-02 -1.00092985e-01  8.32193643e-02]
 [ 2.22414315e-01  2.46837512e-01  1.77527353e-01  1.72027260e-01 -2.15622410e-01 -1.37351826e-01 -1.42171249e-01 -1.47307888e-02 -1.25640437e-01  1.32372081e-01  4.11442295e-02 -3.90566081e-01 -2.20541656e-02 -6.03752173e-02 -8.76979828e-02]
 [-4.20973264e-02  9.34392586e-02 -2.61733569e-02  2.36183926e-02  7.71748051e-02 -1.28583416e-01  2.28329927e-01  4.37086076e-02  1.93998337e-01 -4.88034338e-02  1.97566254e-03  6.62252214e-03  2.26362329e-02 -1.31765589e-01 -1.05693012e-01]
 [ 1.03142232e-01  1.94203183e-02  1.36058405e-01  1.01640401e-02  3.23122069e-02  1.00771405e-01  1.57817127e-03  5.33970855e-02  9.13938507e-02 -2.71138344e-02  1.93827730e-02  4.99748215e-02  4.53782566e-02  1.08087674e-01  3.28470878e-02]
 [-1.04019485e-01  9.04705152e-02  2.11133156e-02  5.49141169e-02 -1.56245276e-01  1.09358653e-01 -7.23096356e-02  3.05426270e-02 -8.12636763e-02 -1.25580505e-01  1.56018017e-02  5.81581704e-02  3.50414306e-01  1.82273790e-01  4.43746448e-02]]
R:
[[0.05344162 0.05344162 0.05344162 0.05344162 0.0681973  0.05344162 0.05344162 0.05944788 0.49826357 0.05344162]
 [0.05091859 0.05091859 0.05091859 0.05091859 0.05091859 0.05091859 0.05091859 0.05091859 0.5417326  0.05091859]
 [0.04803202 0.04803202 0.04803202 0.04803202 0.06641159 0.04803202 0.04803202 0.0548919  0.54247236 0.04803202]
 [0.05218595 0.05218595 0.05218595 0.05218595 0.06908435 0.05218595 0.05218595 0.05683314 0.50878096 0.05218595]
 [0.05148236 0.05148236 0.05148236 0.05148236 0.06758974 0.05148236 0.05148236 0.05426133 0.5177724  0.05148236]
 [0.0562085  0.0562085  0.0562085  0.0562085  0.07220443 0.0562085  0.0562085  0.05796019 0.4763759  0.0562085 ]
 [0.04722824 0.04722824 0.04722824 0.04722824 0.06469362 0.04722824 0.04722824 0.04959897 0.55510974 0.04722824]
 [0.04928055 0.04928055 0.04928055 0.04928055 0.06610028 0.04928055 0.04928055 0.05458453 0.5343513  0.04928055]
 [0.04971827 0.04971827 0.04971827 0.04971827 0.06742225 0.04971827 0.04971827 0.0529861  0.53156376 0.04971827]
 [0.06051663 0.06051663 0.06051663 0.06051663 0.07427176 0.06161627 0.06051663 0.06514529 0.43389916 0.06248435]
 [0.05323689 0.05323689 0.05323689 0.05323689 0.06966931 0.05323689 0.05323689 0.05490785 0.5027646  0.05323689]
 [0.05396161 0.05396161 0.05396161 0.05396161 0.07186145 0.05396161 0.05396161 0.05396161 0.49644566 0.05396161]
 [0.05552113 0.05552113 0.05552113 0.05552113 0.07005044 0.05552113 0.05552113 0.0576504  0.48365125 0.05552113]
 [0.05114403 0.05114403 0.05114403 0.05114403 0.06631452 0.05114403 0.05114403 0.05527024 0.520407   0.05114403]
 [0.04802952 0.04802952 0.04802952 0.04802952 0.06520052 0.04843421 0.04802952 0.05395053 0.5439562  0.04831092]]
distance_matrix:
[[0.54087543 0.555985   0.53336334 0.52900696 0.52555084 0.58378124 0.55295134 0.52729034 0.5260968  0.73959684 0.5361533  0.5446601  0.5676236  0.5249901  0.5354433 ]
 [1.2382679  1.1482453  1.1198997  1.1991329  1.1730042  1.3339062  1.1069903  1.1340542  1.1388841  1.5971599  1.2204843  1.2437243  1.3002458  1.166606   1.118432  ]
 [1.1615887  1.083756   1.0518055  1.1248655  1.1012487  1.25389    1.0429854  1.0648947  1.0696969  1.5071406  1.1459279  1.1682401  1.2217517  1.0950651  1.0509529 ]
 [0.3570733  0.4445877  0.42456198 0.36281538 0.37426424 0.36227655 0.4648056  0.40447474 0.39824867 0.4462738  0.3592949  0.35686398 0.35846996 0.37836504 0.42892885]
 [0.36703825 0.39543152 0.38029718 0.35963774 0.35910368 0.39847708 0.40314865 0.36955118 0.36633396 0.5357895  0.3625946  0.36781406 0.3854103  0.3601594  0.38223314]
 [0.56451225 0.5629325  0.53898716 0.547492   0.5398798  0.61423016 0.55196714 0.5358572  0.5347991  0.7886176  0.55596495 0.5660424  0.59561586 0.53898335 0.54030704]
 [0.42802572 0.43303108 0.41442347 0.4145913  0.40925646 0.47364473 0.4310341  0.40905333 0.4080181  0.63501453 0.42200089 0.4313717  0.45621872 0.40841913 0.41568613]
 [0.38157272 0.47248697 0.45654583 0.38902473 0.40141582 0.38288116 0.4978242  0.4347086  0.42784357 0.46036005 0.38400316 0.38054228 0.3800292  0.4060049  0.46077728]
 [0.72926426 0.7048211  0.684432   0.70891476 0.6977711  0.7916069  0.6934333  0.6851778  0.68674326 0.98234606 0.7214227  0.73579836 0.7688832  0.6946392  0.68498325]
 [0.4392128  0.53251314 0.51437664 0.44683647 0.45965004 0.44074345 0.5564923  0.4927578  0.48607588 0.5173526  0.4421792  0.43876696 0.43803453 0.46415424 0.5187855 ]
 [0.5633688  0.5303321  0.5021076  0.53838825 0.5243931  0.6321182  0.5068393  0.50613785 0.5080514  0.8390975  0.5528455  0.5685315  0.6076398  0.5209217  0.50272655]
 [0.397542   0.46005392 0.43862438 0.3970747  0.40333462 0.41600418 0.47169447 0.42350674 0.41905355 0.52441645 0.39734602 0.39874315 0.40788984 0.40580368 0.44211578]
 [0.4007349  0.50220346 0.4858179  0.41063213 0.42518997 0.39714146 0.53021383 0.4621973  0.4547534  0.46384478 0.40435266 0.39947367 0.3959813  0.43035316 0.49029446]
 [0.47173977 0.56268835 0.54547215 0.47921944 0.4917555  0.47445297 0.5873332  0.52413654 0.51775694 0.5528989  0.47494173 0.47198153 0.4713378  0.4960041  0.54997444]
 [0.5509453  0.6100211  0.5865555  0.5492439  0.55469894 0.57228565 0.61866903 0.5726452  0.56865644 0.68552065 0.55054045 0.5527358  0.56339025 0.5567913  0.5900326 ]]
