hid1:
[[0.09860669 0.23767671 0.23481424 0.         0.         0.         0.         0.36165917 0.         0.1604535  0.         0.         0.3778731  0.3321096  0.        ]
 [0.27865177 0.395274   0.23465842 0.         0.         0.         0.         0.4023924  0.         0.11423453 0.         0.         0.508253   0.42533076 0.        ]
 [0.07703596 0.         0.26428974 0.         0.01879661 0.         0.         0.31365526 0.         0.1960285  0.         0.         0.4260703  0.3022153  0.        ]
 [0.00130549 0.14680588 0.20884418 0.01815007 0.         0.         0.         0.27488506 0.         0.07335827 0.         0.         0.33420375 0.2355971  0.        ]
 [0.08327851 0.18409765 0.1321975  0.         0.         0.06946123 0.         0.2883976  0.         0.12007693 0.         0.         0.27608848 0.26400945 0.        ]
 [0.06093606 0.21490104 0.14680167 0.         0.         0.         0.         0.25941277 0.         0.13421562 0.         0.         0.3711466  0.         0.        ]
 [0.02801449 0.11104795 0.12847878 0.         0.         0.         0.         0.2580024  0.         0.01192521 0.         0.         0.2564498  0.         0.        ]
 [0.02780488 0.18690968 0.1959578  0.         0.08079821 0.         0.         0.29643857 0.         0.08814474 0.         0.         0.29125747 0.22135326 0.        ]
 [0.03397232 0.13906527 0.13466035 0.         0.         0.16259181 0.         0.3614329  0.         0.08286937 0.         0.         0.36930746 0.30795202 0.        ]
 [0.         0.0951295  0.1858664  0.         0.         0.         0.         0.29256654 0.00338905 0.01842092 0.         0.         0.         0.         0.        ]
 [0.11519172 0.24305381 0.         0.         0.         0.         0.         0.32695425 0.         0.18670724 0.         0.         0.3958978  0.32845715 0.        ]
 [0.         0.13009153 0.19319394 0.         0.         0.         0.         0.30226052 0.         0.08285464 0.         0.         0.         0.20825349 0.        ]
 [0.0033728  0.11541389 0.         0.         0.1007147  0.         0.09998402 0.2847898  0.         0.05109249 0.         0.         0.24220766 0.19503047 0.        ]
 [0.         0.06766183 0.16802141 0.         0.         0.         0.         0.32248896 0.         0.         0.         0.         0.36805516 0.2287087  0.        ]
 [0.00524418 0.13835736 0.17623948 0.         0.07367654 0.         0.         0.29064038 0.         0.05629793 0.         0.         0.33387676 0.26240772 0.        ]]
hid2:
[[ 5.93097918e-02  1.88483432e-01  1.95754811e-01 -1.54711306e-04  1.10253528e-01  3.20689082e-02  3.01529896e-02  3.26741874e-01 -6.28576651e-02  8.96175206e-02 -1.59961179e-01 -1.04606085e-01  3.43418360e-01  2.95403570e-01 -6.26774728e-02]
 [-4.42119427e-02  3.38294283e-02  1.48653224e-01 -1.24337882e-01  1.71262957e-03  6.84121251e-03  6.18861318e-02  2.69529313e-01  2.95385867e-02  4.79084849e-02 -2.06304222e-01 -1.19880512e-01  3.50574493e-01  1.40159577e-01 -7.85944387e-02]
 [ 5.82055040e-02  1.58520699e-01  2.04764739e-01 -4.88041304e-02  1.59923077e-01  6.97447807e-02  8.38046428e-03  3.38499904e-01 -3.57381664e-02  1.59369886e-01 -1.81057930e-01 -8.69314298e-02  2.85092890e-01  2.56136298e-01 -2.82503311e-02]
 [ 4.21176292e-02  1.62238538e-01  1.86360613e-01 -1.72988810e-02  5.69482371e-02  1.92774683e-02  4.26718183e-02  3.07660997e-01 -2.84090564e-02  9.30419862e-02 -1.59127429e-01 -1.22390695e-01  3.36826473e-01  2.58240879e-01 -7.59901851e-02]
 [ 3.46351005e-02  1.48174927e-01  1.90613672e-01 -4.00930569e-02  9.51694772e-02  3.82819809e-02  2.58325804e-02  3.16754401e-01 -2.99429223e-02  1.11754864e-01 -1.70654580e-01 -1.04843080e-01  3.20471108e-01  2.50042975e-01 -5.62556013e-02]
 [ 3.48552763e-02  1.54533267e-01  1.82904854e-01 -2.34286636e-02  5.16517647e-02  2.18999982e-02  4.42131497e-02  3.04894805e-01 -2.29885355e-02  8.90555456e-02 -1.59971401e-01 -1.19445883e-01  3.44129652e-01  2.54984856e-01 -7.57041126e-02]
 [ 3.60026173e-02  1.57475084e-01  1.85749382e-01 -2.15363950e-02  5.61528392e-02  2.10905746e-02  3.64175476e-02  3.06394905e-01 -3.11362389e-02  8.91048685e-02 -1.59482583e-01 -1.21144995e-01  3.43488723e-01  2.58000016e-01 -7.21856654e-02]
 [ 5.96077777e-02  1.88607618e-01  1.92918971e-01 -4.22272831e-04  7.90651515e-02  4.77603227e-02  2.88624521e-02  3.18610728e-01 -3.98807004e-02  1.07169263e-01 -1.47815838e-01 -1.09536469e-01  3.60868633e-01  2.97951758e-01 -5.81235103e-02]
 [ 3.56651545e-02  1.61333621e-01  1.87629104e-01 -1.98761560e-02  6.08641952e-02  2.33441368e-02  2.83274613e-02  3.07233959e-01 -3.83759961e-02  8.98500085e-02 -1.58401251e-01 -1.20823614e-01  3.48950088e-01  2.62043267e-01 -6.74197972e-02]
 [ 4.20846976e-02  1.61917418e-01  1.88234925e-01 -1.85922608e-02  5.80386259e-02  2.01532096e-02  3.71386819e-02  3.08009595e-01 -2.99635008e-02  9.71585065e-02 -1.58821419e-01 -1.23867355e-01  3.33609760e-01  2.57227421e-01 -7.29348809e-02]
 [ 4.05581519e-02  1.58257768e-01  1.87034622e-01 -2.58854944e-02  7.58030862e-02  3.18427458e-02  3.76545787e-02  3.12360048e-01 -2.86557321e-02  9.99879241e-02 -1.63934737e-01 -1.11576334e-01  3.37005854e-01  2.59080350e-01 -6.62778169e-02]
 [ 4.50191200e-02  1.65563419e-01  1.85535982e-01 -1.40984021e-02  5.81684299e-02  2.37869844e-02  4.56366390e-02  3.09003532e-01 -2.76760645e-02  9.14922878e-02 -1.57423049e-01 -1.19038612e-01  3.43646228e-01  2.65756607e-01 -7.55907446e-02]
 [ 5.41427247e-02  1.77320719e-01  1.87620535e-01 -1.80153921e-03  5.48737310e-02  1.45436153e-02  4.31911089e-02  3.08410496e-01 -4.25919108e-02  8.22835863e-02 -1.55978248e-01 -1.29379004e-01  3.51400226e-01  2.71593034e-01 -7.73371309e-02]
 [ 2.56348848e-02  1.42413318e-01  1.78687513e-01 -3.04545872e-02  4.45026159e-02  9.87058878e-03  5.12385517e-02  3.00663143e-01 -2.14055069e-02  7.52934068e-02 -1.65775061e-01 -1.22103781e-01  3.40579391e-01  2.41443917e-01 -8.34691525e-02]
 [ 4.50022519e-02  1.73126578e-01  1.87755197e-01 -1.00895353e-02  6.68010116e-02  3.05598676e-02  3.56038846e-02  3.11288655e-01 -3.69401872e-02  9.25788134e-02 -1.54401109e-01 -1.14983559e-01  3.55200797e-01  2.76592076e-01 -6.85454458e-02]]
topics:
[[-7.43951201e-01 -5.42064488e-01  2.02506155e-01 -5.70975423e-01  5.35536885e-01 -3.31677645e-01 -5.15794516e-01  3.37468296e-01 -6.44220352e-01 -6.46123230e-01 -4.68753934e-01  7.52727166e-02  1.43105701e-01 -4.21555266e-02  6.00067936e-02]
 [-5.54281294e-01 -6.82535052e-01 -4.10267040e-02  5.04493117e-02 -6.42563462e-01  1.07133836e-01 -2.76963383e-01  9.26271304e-02 -5.25354564e-01 -6.04618788e-01  9.69661772e-02 -2.48691123e-02  7.94940367e-02  2.73990870e-01 -1.36317360e+00]
 [ 1.51478514e-01 -4.65273142e-01  2.51652896e-01 -6.67854607e-01 -1.09049335e-01 -8.06430995e-01  1.15740824e+00  7.78324306e-01  1.09227002e+00  1.92718998e-01 -1.20084994e-01  7.74461031e-02  3.62516195e-01 -1.27396062e-01 -4.59483974e-02]
 [ 9.85015277e-03  7.24981606e-01  1.32940337e-01  4.11179721e-01 -1.98256835e-01  3.65826964e-01 -2.02644039e-02  3.42512903e-05  1.46558136e-01 -2.49886721e-01 -1.60436779e-01 -2.25856751e-01 -6.08256049e-02  9.63469505e-01  4.35559630e-01]
 [ 4.78110611e-01  6.81978643e-01  4.47469682e-01  3.18136245e-01  6.70845211e-01  3.28018188e-01 -2.81542033e-01  6.07901931e-01 -3.41273487e-01  5.43198407e-01  7.94804131e-04  3.41792358e-03  1.07132614e-01  8.56552005e-01  1.91763908e-01]
 [-4.00916994e-01 -3.66618067e-01  1.31706253e-01 -6.28369629e-01 -3.22366446e-01  3.81066650e-01 -2.06484377e-01  1.08353078e-01  6.64243996e-01  7.94462264e-01 -1.46143317e-01 -8.15169886e-02  1.49287164e-01 -3.44832718e-01  1.59763679e-01]
 [ 7.60114014e-01  7.93679059e-01  4.30979162e-01  5.58756292e-01 -7.72626340e-01 -7.26347744e-01 -2.19947830e-01  5.77529110e-02 -4.22498018e-01  4.65940237e-01 -4.34289686e-02 -1.35487211e+00 -3.08670159e-02 -2.11460665e-01 -2.01898083e-01]
 [-2.89560825e-01  6.41370893e-01 -8.53207614e-03  3.18672866e-01  6.15204275e-01 -9.69387949e-01  9.38708067e-01  2.04938829e-01 -2.32030898e-01 -2.81879157e-01 -4.61716741e-01  1.68872904e-02  2.52158046e-02 -4.51971918e-01 -1.00726211e+00]
 [ 7.83095241e-01 -1.69793710e-01  3.05894297e-02 -4.61692542e-01  2.89023221e-01  6.15989566e-01  6.97646499e-01  4.06131536e-01  6.40547216e-01  5.42802811e-01 -6.45736933e-01 -9.29624215e-02  2.36228541e-01 -1.75760075e-01  2.04211876e-01]
 [-4.26995344e-02  3.31353903e-01  4.11290638e-02  1.16536565e-01 -1.94985867e-01  4.14830118e-01 -4.41807471e-02  1.93384483e-01 -8.01154077e-02 -1.71681359e-01  1.73662584e-02  2.25828048e-02  1.54866624e+00  7.08234429e-01  1.20456152e-01]]
R:
[[0.10797419 0.06906649 0.06906649 0.06906649 0.23011756 0.06906649 0.06906649 0.07788205 0.07833757 0.16035615]
 [0.14634016 0.07533868 0.07533868 0.07533868 0.07533868 0.13472904 0.07533868 0.07533868 0.10680992 0.16008879]
 [0.11971788 0.05364396 0.05364396 0.05364396 0.26004687 0.1176466  0.05364396 0.07444956 0.0981913  0.11537194]
 [0.09876955 0.07616883 0.07616883 0.07616883 0.19158824 0.09240752 0.07934028 0.07705259 0.07616883 0.15616651]
 [0.11417635 0.0668406  0.0668406  0.0668406  0.20975597 0.10695068 0.0668406  0.07556158 0.08375597 0.14243704]
 [0.09967125 0.07658729 0.07658729 0.07658729 0.18399237 0.09559312 0.07699544 0.07658729 0.07658729 0.16081136]
 [0.10378503 0.07485253 0.07485253 0.07485253 0.1885992  0.09381154 0.0789131  0.07485253 0.07485253 0.16062848]
 [0.09002203 0.07092442 0.07092442 0.07092442 0.22270727 0.08647105 0.07092442 0.07179109 0.07264591 0.17266493]
 [0.10688704 0.07203406 0.07203406 0.07203406 0.19285098 0.09371687 0.07943171 0.07374777 0.07261708 0.16464639]
 [0.10046812 0.07501147 0.07501147 0.07501147 0.19417527 0.09519978 0.08052432 0.07546947 0.07515548 0.15397315]
 [0.10389394 0.07164388 0.07164388 0.07164388 0.2002103  0.09656299 0.07164388 0.07676642 0.08094218 0.15504868]
 [0.09561595 0.07684231 0.07684231 0.07684231 0.19359444 0.08899926 0.07684231 0.07684231 0.07684231 0.16073644]
 [0.09810632 0.07607418 0.07607418 0.07607418 0.1924795  0.07607418 0.08563878 0.07607418 0.07607418 0.16733034]
 [0.10600521 0.07893499 0.07893499 0.07893499 0.1688265  0.09328898 0.07893499 0.07893499 0.07893499 0.15826932]
 [0.09762269 0.07317621 0.07317621 0.07317621 0.2020786  0.08814478 0.07487579 0.0756236  0.07317621 0.16894968]]
distance_matrix:
[[1.9277105 2.8821912 2.2796164 1.9104953 1.9562473 1.9249563 1.9130592 1.9060555 1.9075308 1.9092312 1.9073014 1.9058747 1.9152536 1.9719009 1.8941069]
 [2.6088123 4.160556  3.110487  2.7227845 2.8155022 2.7475939 2.729968  2.5372095 2.702694  2.7285194 2.7128549 2.6845593 2.660921  2.861637  2.6200695]
 [1.6272469 2.778531  2.012988  1.6625352 1.7123919 1.6763706 1.6633177 1.5757627 1.6460161 1.6638947 1.6470065 1.6433148 1.6448736 1.7534895 1.6048336]
 [1.7872486 2.325385  2.2340112 1.6415334 1.7585015 1.6340809 1.6423354 1.7173305 1.652935  1.6504183 1.6686416 1.6389704 1.6501284 1.6453829 1.6539283]
 [1.9150758 2.726204  2.2103958 1.866281  1.8974347 1.8777132 1.8676157 1.8883862 1.8646894 1.8626504 1.8596139 1.8675599 1.8817368 1.9169931 1.864356 ]
 [1.5796971 2.3379726 1.9782329 1.4955273 1.5763483 1.4991107 1.4957023 1.5263715 1.4930649 1.497911  1.5074854 1.4940381 1.5029497 1.5323238 1.4884038]
 [1.5839787 2.0049584 1.9779348 1.4218516 1.5196772 1.4129944 1.4209051 1.5223436 1.4330387 1.4284172 1.4434352 1.4250064 1.4378405 1.4154313 1.4471579]
 [1.4374571 2.2967396 1.6928692 1.4017301 1.4129324 1.4171543 1.4056082 1.4235859 1.402605  1.396142  1.3889632 1.4054809 1.4279099 1.4592967 1.4020443]
 [1.8894815 2.659379  2.3001108 1.8247352 1.8988819 1.8241358 1.8164673 1.8265123 1.8060589 1.8260298 1.8289342 1.8189416 1.8217154 1.8647108 1.8003826]
 [2.1267502 2.5331929 2.3991582 1.9890454 2.0196307 1.9895589 1.9839957 2.1219523 1.9923632 1.9845631 1.9950106 2.0079257 2.0288436 1.9828842 2.0337822]
 [2.097352  3.1808872 2.4810915 2.0666623 2.1541119 2.0822706 2.0861459 2.0237293 2.0897331 2.0739174 2.0712466 2.048307  2.0659442 2.1507978 2.0394793]
 [1.4502745 2.0183606 1.8337574 1.3231206 1.4085684 1.3248186 1.323493  1.4125471 1.3314905 1.3249435 1.3444552 1.3292413 1.3369341 1.3339367 1.3467569]
 [1.7969012 2.3804622 2.092493  1.6521134 1.7217717 1.6628599 1.6679344 1.7696633 1.6900406 1.6528759 1.6734672 1.663055  1.6898446 1.6706357 1.7027144]
 [1.8498707 2.0867076 2.221881  1.6710668 1.743845  1.6493425 1.6522322 1.7784967 1.6551313 1.6732979 1.6820321 1.6786246 1.6942701 1.6443529 1.6906605]
 [1.6980233 2.4031663 1.9464421 1.6094365 1.6334109 1.6171751 1.6135545 1.6564422 1.6161585 1.6053419 1.6028876 1.615315  1.6466575 1.6520133 1.6211457]]
