hid1:
[[0.         0.02014272 0.08409471 0.         0.00242503 0.04910754 0.06791164 0.         0.05215956 0.         0.         0.         0.01629171 0.         0.01070513]
 [0.07754609 0.02771929 0.05482819 0.         0.09196536 0.07098953 0.         0.02300213 0.00505194 0.10495403 0.         0.11195821 0.07307409 0.01198852 0.06965267]
 [0.04387723 0.01790824 0.10771979 0.         0.11318287 0.03186445 0.0570121  0.         0.         0.         0.         0.         0.07346191 0.07195814 0.02986372]
 [0.00432183 0.         0.03195792 0.         0.         0.0745279  0.         0.07677903 0.         0.00797596 0.         0.         0.08635295 0.         0.00763515]
 [0.04504279 0.02303349 0.10325405 0.00394963 0.03601766 0.08921335 0.         0.05740572 0.         0.11201695 0.         0.07150093 0.14194824 0.01517078 0.00987769]
 [0.         0.         0.11755817 0.         0.         0.03913028 0.         0.11739735 0.10271232 0.         0.08703619 0.         0.13352013 0.         0.02142461]
 [0.         0.         0.02880168 0.05802549 0.35026443 0.16929694 0.         0.         0.13293567 0.09995807 0.04230201 0.1484147  0.11117828 0.         0.07856315]
 [0.11750933 0.         0.         0.05755036 0.23528077 0.17080742 0.         0.01301111 0.02654054 0.2200589  0.         0.1539578  0.13429609 0.00579578 0.01336565]
 [0.03954281 0.02084189 0.         0.03754998 0.17002116 0.0971429  0.         0.         0.         0.         0.         0.04121827 0.07411599 0.04728315 0.08074574]
 [0.         0.00506172 0.00257499 0.06600577 0.         0.01388144 0.         0.02019867 0.         0.05839606 0.         0.         0.         0.         0.00953078]
 [0.01407874 0.03207376 0.05941177 0.02125584 0.         0.         0.02182523 0.09149713 0.07527319 0.01966598 0.0221981  0.         0.         0.         0.04578109]
 [0.07745914 0.16121398 0.09166459 0.02693699 0.03245397 0.08437419 0.11674836 0.         0.05355671 0.         0.0123798  0.         0.05700307 0.         0.        ]
 [0.         0.05838088 0.01470614 0.         0.         0.04023608 0.         0.04667052 0.         0.         0.05954428 0.         0.09715688 0.         0.06955814]
 [0.         0.         0.05478527 0.         0.         0.15559292 0.02604872 0.02216748 0.         0.         0.00953628 0.         0.12137073 0.         0.02467751]
 [0.09167177 0.02897384 0.07462183 0.         0.         0.02627397 0.         0.         0.         0.08003421 0.         0.00206946 0.05283643 0.00529754 0.00179296]]
hid2:
[[ 0.01611564  0.00912129  0.0535453   0.01947346  0.00336176  0.00383121  0.01335479  0.02809865  0.02556064  0.00785594  0.03423212  0.02348196  0.03207556 -0.00244199  0.03731418]
 [ 0.03382023  0.031767    0.04917041  0.03904562  0.0380475   0.03798585  0.03499933  0.04537992  0.03980137  0.02457483  0.03614081  0.03046509  0.06599998  0.01885484  0.05817245]
 [ 0.03142343  0.03575051  0.02516147  0.02545753  0.03184732  0.06655663  0.03944175  0.03437411  0.03525953  0.02946963  0.01996575  0.03451763  0.04433797  0.04029006  0.04127368]
 [ 0.02366309  0.02084102  0.0399362   0.02046308  0.01861328  0.03477653  0.02323011  0.03247583  0.02890781  0.01774422  0.02760579  0.02907904  0.03697947  0.01971718  0.03839254]
 [ 0.03067957  0.02695808  0.04353919  0.02977365  0.0302396   0.03719446  0.02921201  0.04073111  0.0332971   0.02073031  0.03204434  0.02986045  0.05047258  0.0209655   0.04674587]
 [ 0.02715032  0.02115043  0.04695339  0.02594052  0.02367833  0.02790144  0.02352472  0.03777958  0.03048006  0.01608821  0.03346123  0.02868782  0.04558809  0.01484537  0.04393348]
 [ 0.02990552  0.029265    0.03724255  0.02760284  0.03092806  0.0474184   0.03163327  0.03811124  0.03317492  0.0238615   0.02769468  0.03161816  0.04794406  0.02762486  0.04442642]
 [ 0.03217371  0.03610088  0.02809821  0.02801263  0.03325808  0.06364384  0.04007429  0.03594317  0.03655421  0.0293374   0.02202589  0.03382405  0.04842817  0.03779535  0.04369982]
 [ 0.03213093  0.03578769  0.02793815  0.02773499  0.03555936  0.06463677  0.03852957  0.03738473  0.03528257  0.02980023  0.02191873  0.03438457  0.04809931  0.03895286  0.04423271]
 [ 0.02541852  0.03421271  0.02529996  0.02619721  0.02992676  0.06686462  0.04199881  0.02713384  0.03430448  0.0295804   0.01789355  0.03530497  0.04812176  0.03552687  0.04183611]
 [ 0.02367868  0.02553492  0.03036564  0.01860126  0.01782182  0.04897061  0.02953271  0.02809986  0.03039807  0.02209894  0.02112476  0.03095135  0.03360821  0.0285995   0.03508636]
 [ 0.030659    0.0305392   0.03057294  0.02481339  0.02708961  0.05324483  0.03428279  0.03557597  0.03283079  0.02370757  0.02258962  0.03309192  0.04031139  0.03179158  0.04342231]
 [ 0.02423257  0.01010661  0.06853453  0.03165817  0.01958697 -0.00919691  0.01162708  0.04349425  0.02721719  0.00585055  0.04686519  0.02266953  0.05109584 -0.01047641  0.05001496]
 [ 0.02678657  0.02224291  0.04453241  0.02563284  0.02352473  0.03093068  0.0249156   0.03683114  0.03053826  0.01732451  0.03158148  0.02869325  0.04448441  0.01669477  0.04288136]
 [ 0.03366951  0.02327076  0.06352714  0.0409087   0.03994569  0.01486605  0.02451206  0.05144042  0.03455831  0.01587415  0.04645129  0.02753507  0.06989781  0.00452569  0.05926067]]
topics:
[[ 3.8804654e-02  1.5636621e-02  9.7317621e-02  5.6264326e-02  4.8909295e-02 -2.9722605e-02  1.0459638e-02  7.1758054e-02  3.6506422e-02  8.2651246e-03  7.1798354e-02  1.9683888e-02  9.1422081e-02 -2.2436263e-02  7.3707633e-02]
 [ 1.1959119e-01  1.4024258e-01  2.6416352e-03 -4.4019315e-03  1.2939692e-02  8.1783652e-02 -2.1893300e-02  1.2604034e-01 -1.4476961e-01  1.8719289e-02  1.1924134e-01 -2.9296570e-02  6.2907696e-02 -1.2432327e-01  6.1415605e-02]
 [ 4.2931631e-04 -2.4581035e-03  4.1272249e-02 -1.3401069e-02  4.3172431e-03  7.6475576e-02 -9.4690062e-03 -4.9960688e-03  2.1390619e-02  2.2587193e-02  3.6956523e-02  8.4114186e-02  1.9837819e-02  4.4718068e-02  5.8864292e-02]
 [ 1.9740904e-02 -1.0554781e-02  3.0935830e-02 -2.9452818e-02 -3.8207162e-02 -1.2309805e-02 -3.3270326e-02  3.7671857e-02  4.1102925e-03 -6.8098130e-03  2.1851031e-02  1.1590915e-02 -6.5422177e-02  2.1803858e-02 -1.1296318e-02]
 [ 4.3999944e-02 -2.5912674e-02  4.9128201e-02  2.0002017e-02 -6.1526098e-03 -8.6718574e-02  3.1001838e-02  1.9875698e-02 -4.6913452e-02 -9.4269127e-02  3.2731559e-02  2.4397437e-02 -1.4975900e-02 -7.5313911e-02 -2.1164527e-03]
 [ 5.2328624e-02  8.3155386e-02 -3.9258506e-02  2.5801716e-02  7.0476703e-02  1.9194956e-01  8.8897906e-02  3.3131488e-02  5.1845364e-02  6.9628298e-02 -1.7928923e-02  5.4444727e-02  5.1858891e-02  1.2415014e-01  3.9283056e-02]
 [ 1.1147829e-01  4.3266806e-01 -7.1636923e-02  5.0007379e-01 -6.0077739e-01  5.0362181e-02  9.9157244e-01 -4.2799506e-01  8.9270616e-01  2.8485253e-01 -8.8100269e-02 -5.4742802e-02  2.3900403e-01  6.3704610e-02  1.9739497e-02]
 [-3.6763463e-02 -4.0669730e-03  4.8340887e-02 -2.1101402e-02 -2.1744480e-02  4.1186012e-02 -1.3308700e-02 -2.9528679e-02  2.4224840e-02  3.8411975e-02  3.7729602e-02  1.9705335e-02  3.5259590e-02  2.3000147e-02 -4.4139616e-02]
 [ 7.9720341e-02 -5.9802737e-02  1.0087890e-02 -1.6098329e-01 -4.8877243e-02  6.1616801e-02 -5.1551852e-02  6.7549735e-02  4.3655071e-02 -1.3874073e-01 -4.5597967e-02  2.3830754e-03 -4.7672775e-02  5.9984151e-02  8.2013726e-02]
 [-6.9542833e-02 -6.7750253e-03 -1.1040621e-03  1.1185559e-02  3.1367890e-03  3.5236660e-02  1.2312215e-02 -2.4841601e-02 -3.2654554e-02  3.5258487e-02 -4.5383524e-02  1.6304845e-02 -1.3433283e-02 -1.8588733e-02  2.1857174e-02]]
R:
[[0.3992373  0.01413928 0.10916331 0.15995537 0.05533282 0.01413928 0.01413928 0.0801516  0.03092152 0.12282024]
 [0.5666012  0.00914928 0.06553593 0.00914928 0.00914928 0.23788981 0.00914928 0.00914928 0.01911589 0.0651108 ]
 [0.31419495 0.00721091 0.06440081 0.09293472 0.03540152 0.36232018 0.00721091 0.04080091 0.01298072 0.06254431]
 [0.35640085 0.00797036 0.08376519 0.13666528 0.04377254 0.18875939 0.00797036 0.06703351 0.02281569 0.08484678]
 [0.45579585 0.00665324 0.05954458 0.08808079 0.03724799 0.23487511 0.00665324 0.03640895 0.01539176 0.05934848]
 [0.43972456 0.00725194 0.07766344 0.10320553 0.04793184 0.175177   0.00725194 0.05474495 0.02097649 0.06607233]
 [0.40363953 0.00601009 0.06346507 0.08857986 0.03506162 0.276144   0.00601009 0.04268529 0.01411311 0.06429134]
 [0.35146526 0.00784895 0.05850839 0.07481309 0.03208287 0.35228312 0.00784895 0.03903919 0.01407967 0.06203053]
 [0.3560451  0.00551457 0.05858656 0.08092036 0.02755955 0.36057064 0.00551457 0.03120441 0.01096253 0.06312168]
 [0.29895887 0.00976263 0.08935951 0.00976263 0.05022837 0.3342876  0.00976263 0.07150695 0.02039867 0.10597216]
 [0.27931738 0.00981744 0.0845268  0.13771437 0.04561549 0.24809256 0.00981744 0.07209054 0.02235138 0.09065662]
 [0.33807266 0.00838991 0.08551776 0.12254968 0.0415363  0.2955771  0.00838991 0.00838991 0.01693525 0.07464151]
 [0.5998945  0.00805035 0.07641365 0.10327293 0.05127381 0.00805035 0.00805035 0.04227039 0.02038388 0.08233977]
 [0.42258653 0.00757313 0.07144127 0.10681892 0.0467787  0.18921715 0.00757313 0.05550537 0.02018526 0.07232062]
 [0.66511273 0.00389926 0.04938231 0.00389926 0.03450558 0.15581273 0.00389926 0.02553037 0.01445991 0.04349855]]
distance_matrix:
[[ 9.866427   8.643055   6.272068   6.878869   7.1847696  7.508375   6.5922856  6.3350487  6.3810034  6.2567377  6.3622     6.269113  12.309682   7.2370453 11.177274 ]
 [14.768243  12.796211  13.701864  13.044215  12.493486  12.710686  12.654882  13.318613  13.351654  13.721367  13.63647   13.1367855 15.009293  12.688465  13.859945 ]
 [18.541904  14.926109  11.942129  14.039184  13.717024  14.622712  12.857325  12.01976   11.975044  12.241831  13.147756  12.502016  20.612576  14.25759   17.9971   ]
 [ 6.111767   6.562538   6.4836807  5.107114   5.5035267  5.269738   5.5476213  6.2975073  6.4039984  6.259782   5.5202236  5.681108   7.690997   5.2124243  7.84896  ]
 [13.16294   11.023443   9.373059  10.079323   9.973759  10.43651    9.499687   9.318027   9.33345    9.406222   9.74766    9.387917  14.912623  10.204961  13.328606 ]
 [ 7.9708223  7.8677893  9.082181   7.346571   7.3360806  7.1191444  7.655873   8.711451   8.808755   8.86196    8.163003   8.108664   8.643243   7.1505947  8.644183 ]
 [15.97895   13.121811  11.936525  12.781037  12.368458  12.957388  11.968433  11.80122   11.800039  12.055064  12.550239  11.9740505 17.266026  12.746637  15.334616 ]
 [20.24432   16.596392  15.949083  16.918957  16.158304  16.881573  15.849472  15.723713  15.694159  16.174547  16.824738  16.002176  20.968689  16.69822   18.652622 ]
 [16.15847   13.194262  11.860331  12.821978  12.394007  13.021075  11.962498  11.738741  11.734051  12.035507  12.542823  11.954798  17.472279  12.796771  15.456234 ]
 [12.086257  11.116282   7.8684406  8.793879   9.346141   9.681829   8.551556   8.049794   8.108324   7.7916403  7.9763517  8.018549  15.144661   9.344974  14.035946 ]
 [10.113785   9.6035385  7.4232683  7.5790405  8.077149   8.231858   7.561335   7.4821863  7.5474663  7.3205595  7.1774216  7.252457  12.670328   7.9853907 11.9873905]
 [16.433681  14.147438  13.699791  13.877919  13.478075  13.87719   13.303396  13.48188   13.505293  13.790908  13.969237  13.476524  17.385366  13.741876  15.876493 ]
 [ 8.12681    7.7402363 10.8589115  8.306802   7.836155   7.5183325  8.610966  10.235124  10.3307295 10.677534   9.789363   9.517799   7.5382442  7.704812   7.618801 ]
 [ 6.7646284  6.64552    8.267011   6.3298845  6.2247257  5.980901   6.653046   7.842227   7.9414024  8.097491   7.2996016  7.204448   7.1600084  6.0464687  7.209548 ]
 [14.864254  13.000383  16.995243  14.749767  13.65275   13.584619  14.563387  16.218061  16.270355  16.94812   16.434158  15.725014  13.307562  13.816594  12.632071 ]]
