hid1:
[[-1.0980818  -0.80370057 -1.0093023  -1.2442747  -1.194202   -1.1925777  -1.1094344  -1.3775228  -1.3375245  -1.3481343  -1.360966   -1.3757112  -1.1762439  -1.4577388  -1.3431374 ]
 [-0.9901862  -1.4577388  -1.1121149  -0.6235619  -1.2095939  -1.178955   -0.66419107 -0.8431425  -0.8392793  -1.0146623  -1.1388355  -0.6383046  -1.4577388  -1.291268   -0.62948143]
 [-1.2685273  -1.4577388  -1.4577388  -1.1752775  -1.3123654  -1.3451792  -1.2858328  -1.2386916  -1.408726   -1.4577388  -1.4577388  -1.2779495  -0.99036527 -1.3303893  -1.3863214 ]
 [-1.3094431  -1.2814534  -1.282611   -1.4036782  -1.3361166  -1.0470364  -1.2407237  -1.4181892  -1.0393971  -1.4577388  -1.4577388  -1.3888469  -1.2057985  -1.3442203  -1.3307723 ]
 [-1.0417609  -0.9373063  -1.0167446  -1.0954562  -1.1288056  -1.2793903  -1.0319688  -0.9375379  -1.1163312  -0.99460995 -1.1097875  -1.2894169  -1.0183214  -0.86741066 -0.9880072 ]
 [-1.3306853  -1.4577388  -1.308303   -1.312892   -1.2837102  -1.0564526  -1.3023834  -1.3628542  -1.0422388  -1.1755362  -0.36306    -1.3585029  -1.4577388  -1.2164636  -1.3137698 ]
 [-1.4577388  -1.4577388  -1.2159724  -1.0851321  -1.1626116  -1.3705128  -1.3005229  -0.84520304 -1.2548819  -1.2270175  -1.3929611  -0.96997106 -1.1735414  -0.9289515  -0.91724885]
 [-1.4577388  -0.54741025 -1.1156291  -1.1323334  -1.4577388  -1.3937634  -0.7974931  -0.43806154 -1.2561554  -0.76707965 -1.4577388  -1.0028834  -0.71088225 -1.2364306  -0.95362175]
 [-1.1978363  -1.4577388  -1.3364325  -1.1649295  -1.3060098  -1.4577388  -1.3257517  -0.6504565  -1.3816288  -1.4577388  -1.3426372  -0.8205343  -1.1656688  -1.3034595  -1.1735656 ]
 [-1.1382366  -0.60592484 -0.8241549  -0.86381567 -0.89900243 -0.7504662  -0.7331849  -0.8723991   0.22592057 -0.93202233 -0.38118583 -1.106157   -0.8288398  -0.862095   -0.6463644 ]
 [-1.4337466  -1.3224483  -1.3015537  -1.4073884  -1.3054794  -1.3018264  -1.4060521  -1.3404856  -1.2697465  -1.0407486  -1.3335567  -1.4577388  -1.2643548  -1.3000718  -1.3421289 ]
 [-1.4232011  -1.2881851  -1.3948941  -1.3575068  -1.2335529  -1.4577388  -1.1340628  -1.3511968  -1.4397941  -1.4020319  -1.0445644  -1.3448927  -1.4142833  -1.0677652  -1.4577388 ]
 [-1.3234005  -1.3743961  -1.3866866  -1.2951522  -1.3473388  -0.942919   -1.1676048  -1.3742651  -0.99422204 -1.0518919  -0.6440591  -1.2614034  -1.2934943  -1.3289628  -1.2129456 ]
 [-1.2958301  -1.3097019  -1.384993   -1.3035411  -1.3226885  -1.040262   -1.2031946  -1.3821723  -1.129964   -1.4577388  -0.99732697 -1.2545198  -1.3593054  -1.3144631  -1.1942092 ]
 [-1.3070687  -1.4009849  -1.4577388  -1.4577388  -1.3037906  -1.4577388  -1.0682772  -1.3342396  -0.88051915 -1.2060323  -1.4577388  -1.3583947  -1.3626035  -1.3288565  -1.2183726 ]]
hid2:
[[-0.08469602  0.10536347 -0.09002533  0.04912702 -0.48361814 -0.07103448  0.28456432 -0.2067741   0.2640934  -0.08845542 -0.01039767 -0.287744   -0.04559081 -0.27476007 -0.08066948]
 [-1.1877602  -1.173426   -1.2342962  -1.2230868  -1.140928   -1.1336572  -1.1812922  -1.2107451  -1.2005602  -1.1948361  -1.2086055  -1.1628304  -1.2105939  -1.1284835  -1.2069833 ]
 [-1.2546314  -1.2524023  -1.3033041  -1.300578   -1.1795915  -1.2016875  -1.2722903  -1.2707179  -1.2906084  -1.2625322  -1.2793301  -1.2168982  -1.2809983  -1.1815838  -1.2743621 ]
 [-1.297435   -1.3011613  -1.3479216  -1.3497277  -1.2058026  -1.2407743  -1.327903   -1.3102062  -1.346696   -1.3050935  -1.3269643  -1.2502502  -1.3263373  -1.2139121  -1.3186044 ]
 [-1.255441   -1.2518209  -1.3045225  -1.3011291  -1.1813143  -1.1986872  -1.271133   -1.2723877  -1.2903683  -1.2626913  -1.2822143  -1.2164756  -1.2820858  -1.1808025  -1.2761331 ]
 [-1.1166822  -1.0887876  -1.1611209  -1.1405466  -1.1003991  -1.0596206  -1.0835494  -1.147426   -1.1042469  -1.1225832  -1.1343485  -1.104875   -1.1358669  -1.0713998  -1.1357973 ]
 [-1.1864578  -1.1769898  -1.2316809  -1.2228614  -1.1360115  -1.1450201  -1.1870161  -1.2064449  -1.2032202  -1.1957096  -1.2004989  -1.1653521  -1.208443   -1.1321753  -1.2025014 ]
 [-1.181007   -1.172078   -1.2256756  -1.2169288  -1.1316148  -1.1432694  -1.1818405  -1.2006196  -1.1972002  -1.1908472  -1.1927214  -1.162014   -1.202471   -1.1292604  -1.1960615 ]
 [-1.1977786  -1.1910436  -1.2431926  -1.2361519  -1.1419985  -1.158238   -1.2034264  -1.2161777  -1.2190562  -1.2074637  -1.2115697  -1.1749845  -1.2202574  -1.141798   -1.2134832 ]
 [-1.144562   -1.1328398  -1.187118   -1.1756532  -1.1074386  -1.1156534  -1.1378359  -1.165599   -1.151415   -1.155587   -1.1491587  -1.1352122  -1.1635191  -1.1038442  -1.1569765 ]
 [-1.211554   -1.2002563  -1.2591671  -1.2503396  -1.1557224  -1.1547029  -1.2118033  -1.2328646  -1.2315013  -1.2183775  -1.2354468  -1.1811783  -1.2358392  -1.1462003  -1.2317473 ]
 [-1.2696247  -1.2684859  -1.319181   -1.3175437  -1.1895854  -1.2129025  -1.2903073  -1.2851613  -1.3093933  -1.277013   -1.297329   -1.2278831  -1.2970321  -1.1919855  -1.290478  ]
 [-0.09571634  0.1107862  -0.10599391  0.04099571 -0.50503784 -0.03638997  0.29666013 -0.22797795  0.26520512 -0.09169005 -0.04637475 -0.28373548 -0.06001185 -0.2664312  -0.10322889]
 [-1.2732886  -1.2729412  -1.32293    -1.3218218  -1.1915992  -1.2169486  -1.2954816  -1.2883685  -1.314438   -1.2807771  -1.3010349  -1.2309355  -1.30087    -1.1950136  -1.2940903 ]
 [-1.2778815  -1.278187   -1.3277138  -1.327099   -1.1944002  -1.2211775  -1.3014692  -1.2925969  -1.3204682  -1.2853497  -1.3061274  -1.2345239  -1.3057326  -1.1984953  -1.2988286 ]]
topics:
[[ 5.12167588e-02  3.84852588e-02  1.06913716e-01  1.49409786e-01 -2.19451487e-01 -4.98302221e-01  1.35387957e-01  5.47311008e-02  2.50383466e-01 -4.85631898e-02  4.33304399e-01 -3.37180823e-01  1.32262513e-01 -3.77479047e-01  1.97553545e-01]
 [ 7.71350563e-01  1.45223093e+00 -8.07899833e-01  1.04319207e-01 -3.59362692e-01  1.20880328e-01  3.63644622e-02 -4.77401465e-01 -4.94201958e-01  3.10505152e-01  6.88684464e-01 -5.36669016e-01  1.97403327e-01 -3.88777286e-01  4.62701648e-01]
 [-2.14766249e-01  4.41355035e-02  1.01378463e-01 -3.46630923e-02 -8.12908337e-02  2.92766720e-01 -2.80393548e-02 -4.38558236e-02  1.15287863e-01  1.54420495e-01  2.57153124e-01  2.10426778e-01  4.95214425e-02 -1.47872092e-02  1.01904429e-01]
 [-2.79122666e-02 -3.57047021e-02  8.65163282e-02 -8.86573792e-02 -1.72524735e-01  1.29156634e-01 -1.43488780e-01  1.39954060e-01  5.85667007e-02  3.17446440e-02  6.59596696e-02 -5.59852365e-03 -3.71819735e-01  7.05661252e-02 -9.44757536e-02]
 [-1.52313814e-01 -3.75381336e-02  3.06446731e-01  1.74900874e-01 -7.81458318e-02 -1.00921176e-01  2.35678986e-01  1.66093349e-01 -1.01520196e-01 -3.36531281e-01  2.91391432e-01 -3.61255974e-01 -7.55642056e-02 -6.08110428e-01 -3.84170622e-01]
 [-1.30219817e+00 -1.30675781e+00 -1.35284424e+00 -1.35524023e+00 -1.20858014e+00 -1.24554813e+00 -1.33434224e+00 -1.31449568e+00 -1.35308504e+00 -1.30990303e+00 -1.33204019e+00 -1.25408125e+00 -1.33135664e+00 -1.21766758e+00 -1.32342160e+00]
 [ 1.56879202e-01  1.10267365e+00  3.88395250e-01  2.05297971e+00 -2.64589357e+00  2.78783977e-01  4.26445341e+00 -9.60900784e-01  3.78669286e+00  7.49330938e-01 -6.15582943e-01 -1.20714717e-01  9.02756155e-01 -8.08841884e-02 -1.43277436e-01]
 [-2.15890974e-01 -2.85065547e-03  1.63837954e-01 -9.00957957e-02 -4.39471193e-02  2.27647603e-01 -7.95808956e-02 -8.09465796e-02  1.10289901e-01  1.62229791e-01  1.87548831e-01 -2.51771688e-01  8.82882178e-02 -3.08062993e-02 -2.38151252e-01]
 [ 2.62600213e-01 -1.82603747e-01 -9.54643264e-02 -6.36157691e-01 -2.41542280e-01  3.89997214e-01 -2.16660574e-01  2.83211291e-01  3.54937464e-01 -5.76153755e-01 -1.80742040e-01 -2.56170094e-01 -1.89058274e-01  1.50228575e-01  2.47957990e-01]
 [-2.86128670e-01  3.57918255e-02  4.27809432e-02  1.33161739e-01  3.60701728e-04  4.16393168e-02  9.68281999e-02 -4.61689942e-02 -7.53003955e-02 -5.39801903e-02 -2.59424210e-01  7.56607428e-02 -2.55126157e-03 -1.66594893e-01  1.41090319e-01]]
R:
[[1.6750214e-01 9.2499763e-02 9.2499763e-02 9.2499763e-02 9.2499763e-02 9.2499763e-02 9.2499763e-02 9.2499763e-02 9.2499763e-02 9.2499763e-02]
 [1.3567536e-02 8.9694671e-03 8.9694671e-03 8.9694671e-03 8.9694671e-03 9.1467673e-01 8.9694671e-03 8.9694671e-03 8.9694671e-03 8.9694671e-03]
 [9.4974823e-03 3.2407020e-03 3.2407020e-03 3.2407020e-03 3.2407020e-03 9.6457678e-01 3.2407020e-03 3.2407020e-03 3.2407020e-03 3.2407020e-03]
 [3.9481046e-04 3.9481046e-04 3.9481046e-04 3.9481046e-04 3.9481046e-04 9.9644679e-01 3.9481046e-04 3.9481046e-04 3.9481046e-04 3.9481046e-04]
 [3.8754840e-03 3.8754840e-03 3.8754840e-03 3.8754840e-03 3.8754840e-03 9.6512055e-01 3.8754840e-03 3.8754840e-03 3.8754840e-03 3.8754840e-03]
 [1.5376620e-02 1.5376620e-02 1.5376620e-02 1.5376620e-02 1.5376620e-02 8.6161053e-01 1.5376620e-02 1.5376620e-02 1.5376620e-02 1.5376620e-02]
 [3.2138348e-02 6.7445640e-03 6.7445640e-03 6.7445640e-03 6.7445640e-03 9.1390508e-01 6.7445640e-03 6.7445640e-03 6.7445640e-03 6.7445640e-03]
 [3.8000330e-02 6.5127825e-03 6.5127825e-03 6.5127825e-03 6.5127825e-03 9.0989751e-01 6.5127825e-03 6.5127825e-03 6.5127825e-03 6.5127825e-03]
 [3.3928350e-02 5.4614996e-03 5.4614996e-03 5.4614996e-03 5.4614996e-03 9.2237949e-01 5.4614996e-03 5.4614996e-03 5.4614996e-03 5.4614996e-03]
 [5.4006286e-02 7.8928117e-03 7.8928117e-03 7.8928117e-03 7.8928117e-03 8.8285118e-01 7.8928117e-03 7.8928117e-03 7.8928117e-03 7.8928117e-03]
 [7.5131110e-03 7.5131110e-03 7.5131110e-03 7.5131110e-03 7.5131110e-03 9.3238211e-01 7.5131110e-03 7.5131110e-03 7.5131110e-03 7.5131110e-03]
 [2.6998690e-03 2.6998690e-03 2.6998690e-03 2.6998690e-03 2.6998690e-03 9.7570121e-01 2.6998690e-03 2.6998690e-03 2.6998690e-03 2.6998690e-03]
 [1.0000000e-01 1.0000000e-01 1.0000000e-01 1.0000000e-01 1.0000000e-01 1.0000000e-01 1.0000000e-01 1.0000000e-01 1.0000000e-01 1.0000000e-01]
 [2.9414045e-03 2.3272862e-03 2.3272862e-03 2.3272862e-03 2.3272862e-03 9.7844028e-01 2.3272862e-03 2.3272862e-03 2.3272862e-03 2.3272862e-03]
 [2.0155152e-03 2.0155152e-03 2.0155152e-03 2.0155152e-03 2.0155152e-03 9.8186040e-01 2.0155152e-03 2.0155152e-03 2.0155152e-03 2.0155152e-03]]
distance_matrix:
[[321.95203     8.433502    8.564484    9.789917    8.573059   10.707336    8.467438    8.563904    8.336212    9.544342    8.226288    8.88736   316.9853      8.985016    9.115723 ]
 [277.6361     23.774353   27.495483   31.051178   27.575714   22.245697   23.64441    23.42044    24.108704   22.374329   24.868347   28.652771  273.59943    28.944763   29.325165 ]
 [331.03464    15.127869   15.125122   16.250946   15.12027    17.538727   15.2039795  15.323151   15.055176   16.405762   14.862915   15.405579  325.90253    15.497131   15.616852 ]
 [322.81976     9.213226    9.305817   10.546997    9.349182   11.544495    9.130157    9.194702    8.976715   10.108734    9.021576    9.656586  318.27084     9.74942     9.881714 ]
 [272.19632     9.994171   13.21933    16.445862   13.282715    8.987183    9.909149    9.736023   10.293976    8.986176   10.902435   14.254303  267.9506     14.520477   14.865845 ]
 [323.98187    11.386963   11.591675   12.842133   11.58194    13.574127   11.481628   11.590057   11.371094   12.576843   11.190796   11.910767  318.80264    12.014404   12.147797 ]
 [309.17578    12.165741   13.298126   15.163574   13.318176   13.375488   12.181976   12.197449   12.220856   12.633636   12.314728   13.844269  304.36685    13.997406   14.196716 ]
 [285.1361     23.028748   26.293396   29.503326   26.321869   21.963348   23.061462   22.92038    23.468811   22.237915   23.921753   27.299438  280.46817    27.570618   27.914398 ]
 [326.32465    12.575897   12.727631   13.923096   12.699585   14.812012   12.730133   12.860657   12.6185     13.920074   12.346344   13.016022  320.92477    13.118439   13.245911 ]
 [158.3541     47.361786   59.779266   68.85852    59.92749    36.572784   47.186554   46.290833   49.139618   40.59738    51.519012   62.846954  155.30252    63.618927   64.59241  ]
 [334.65778    10.503601    9.961914   10.790924    9.992218   13.506073   10.451843   10.573761   10.19342    11.846863   10.081543   10.164673  329.93698    10.223328   10.311066 ]
 [367.63284    11.196075    8.726715    8.285828    8.7022705  16.233337   11.285431   11.594788   10.714447   13.996368   10.062653    8.464691  362.22055     8.420624    8.372131 ]
 [334.28763    10.060089    9.552826   10.356201    9.542664   13.007324   10.144928   10.305115    9.910553   11.661774    9.616364    9.720306  329.07703     9.784271    9.869751 ]
 [345.10886     9.471283    8.255402    8.625916    8.253662   13.179626    9.511505    9.711121    9.149445   11.410797    8.789825    8.282684  339.9929      8.306793    8.345154 ]
 [323.66714    13.402405   13.766113   15.096771   13.740021   15.413361   13.555786   13.670258   13.480408   14.616394   13.247559   14.101257  318.29083    14.215515   14.357574 ]]
