hid1:
[[0.         0.6280727  0.         0.         0.         0.         0.20299476 0.4947249  1.0170763  0.         0.02590238 0.         1.2215688  0.3307271  0.41565746]
 [0.9630914  0.         0.21713613 0.         0.         0.30170274 0.09866821 0.1608755  0.3565595  1.0036047  0.6307363  0.620073   0.5735362  0.96599936 0.        ]
 [0.         0.03846704 0.         0.         0.         0.         0.21579278 0.37982824 0.26824266 0.24825193 0.41280416 0.58442396 0.         0.21723582 1.2959908 ]
 [0.         0.42758846 0.66953117 0.26182926 0.         0.         0.         0.         0.         0.         0.         0.17250983 0.         0.         0.        ]
 [0.4600212  0.         0.         0.         0.         0.48625046 0.00967881 0.4847819  0.7107125  0.         0.6119444  0.56763244 0.16191797 0.38996238 0.        ]
 [0.         0.63849586 0.41313395 0.         0.08747706 0.42642754 0.07570917 0.         0.         0.5775996  0.03457599 0.39591765 0.         0.         0.        ]
 [0.95847327 0.5015983  0.0696739  0.         0.15939766 0.8384032  0.2741193  0.3796771  1.1861062  0.15621938 0.9541733  0.806252   0.         1.1449088  0.71360266]
 [0.         0.         0.         0.         0.         0.13654166 0.         0.45542127 0.         0.42919824 0.         0.01471067 0.         0.3237595  0.5711562 ]
 [0.         0.38323984 0.         0.         0.         0.         0.17634751 0.67720574 0.6933393  0.54952085 0.         0.21537878 0.         0.4717634  0.50340503]
 [0.         0.         0.         0.         0.         1.3027947  0.         0.         0.         0.         0.         0.         0.         0.         0.        ]
 [0.13780127 0.7367214  0.         0.09053534 0.         0.         0.         0.20830466 0.         0.32164755 0.7147811  0.09090159 1.0397094  0.53554696 0.        ]
 [0.         0.         1.0004534  0.00369938 0.23735484 0.         0.         0.         0.         0.08869676 0.         0.         0.42044836 0.         0.        ]
 [0.         0.11801223 0.7388652  1.0130671  0.39944804 0.         0.66425323 0.         0.25809467 0.         0.         0.         0.         0.         0.        ]
 [0.26843333 0.         0.40537882 0.8150409  0.63539803 0.         0.17649315 0.         0.         0.         0.         0.         0.         0.02969204 0.18970534]
 [0.66644406 0.         0.5698036  1.5134679  1.4327941  0.17925239 0.5029443  0.         0.         0.         0.81267303 0.29662257 0.38605717 0.         1.2468097 ]]
hid2:
[[-0.03394148  0.12267711  0.13662732  0.24512604  0.20393202  0.02760519  0.17910224  0.05308197  0.03590003  0.10552339 -0.09374616  0.1100864   0.10739507 -0.00986663  0.11610086]
 [ 0.07790726  0.1580308   0.16570318  0.18155968  0.1476105   0.14632723  0.14704359  0.13002533  0.1379297   0.16713387  0.12505412  0.2526933   0.17291442  0.12631367  0.19716482]
 [ 0.06587227  0.0932788   0.12591977  0.10442654  0.10585526  0.1457706   0.08994627  0.11169857  0.11204484  0.07721914  0.02171952  0.12078908  0.07906829  0.09287021  0.12298752]
 [ 0.10426814  0.19370435  0.20984012  0.19478339  0.16040963  0.18043303  0.13419098  0.17489181  0.1634624   0.25336072  0.27543977  0.38234097  0.22717741  0.20139292  0.2501269 ]
 [ 0.05623843  0.13493904  0.1631721   0.14613327  0.10584024  0.14411122  0.10248674  0.11509863  0.1269296   0.179272    0.1487146   0.2062736   0.13088073  0.13689567  0.12653342]
 [ 0.09023359  0.17159306  0.17723729  0.17790136  0.12049478  0.16044044  0.14050186  0.13670109  0.15706287  0.2085321   0.20097846  0.28443915  0.1824017   0.15718439  0.18805054]
 [ 0.10486017  0.09241133  0.14379835  0.04174164  0.05768748  0.2100545   0.03619165  0.1414201   0.15580359  0.11586314  0.15263394  0.16238359  0.09654213  0.17696063  0.11824475]
 [ 0.03588264  0.09369559  0.12637062  0.12073798  0.10890774  0.12225781  0.09340282  0.0893698   0.09507175  0.09295785  0.0134135   0.10130017  0.07696905  0.07881662  0.09236878]
 [ 0.04974706  0.06949241  0.11441298  0.07225241  0.08175978  0.14453486  0.05823383  0.09577082  0.10028753  0.06362416  0.00785454  0.06825019  0.04699575  0.09032616  0.07331443]
 [ 0.12864487  0.17629802  0.20090649  0.14604789  0.13158077  0.21316987  0.11033298  0.18211047  0.18510601  0.22391786  0.2792477   0.35534608  0.21989366  0.2204452   0.24241278]
 [ 0.09423517  0.18268733  0.19746515  0.19098768  0.15269485  0.16798674  0.13627401  0.15983608  0.15441556  0.23159301  0.23558857  0.3419984   0.2078764   0.17891194  0.2272476 ]
 [ 0.13819918  0.11982914  0.14596975  0.07905319  0.08352222  0.2134426   0.08507478  0.16347298  0.17446117  0.10896908  0.14193982  0.21767959  0.12519012  0.1671631   0.19028363]
 [ 0.1384008   0.20182884  0.22124714  0.1671111   0.13552068  0.22081894  0.11395124  0.2001441   0.19560397  0.27848488  0.3577232   0.4262521   0.24316685  0.25147912  0.26644248]
 [ 0.11733646  0.19568522  0.21329224  0.18281883  0.1498717   0.19587764  0.12591963  0.18395421  0.17559896  0.26089987  0.30458945  0.3962177   0.2318552   0.21962373  0.25490922]
 [ 0.07349677  0.17487282  0.1939285   0.19073449  0.15567422  0.15650937  0.13521554  0.14183833  0.14444263  0.22467552  0.20988901  0.30975094  0.20733601  0.1667672   0.20478222]]
topics:
[[ 1.24545604e-01 -1.59157012e-02 -1.00776069e-01  2.62216590e-02 -3.48833539e-02 -1.87454879e-01 -3.32574993e-02  6.64010271e-02  8.56435448e-02  1.99260205e-01  2.24375799e-01 -6.06235936e-02  1.76157445e-01 -1.57596886e-01 -6.58561587e-02]
 [ 5.69474816e-01  8.82654488e-01 -6.57999754e-01  7.96081722e-02 -4.26121950e-01  1.46481842e-01 -7.04370663e-02 -5.24118960e-01 -5.11138022e-01  2.67672569e-01  7.25295603e-01 -7.01435506e-01  2.67113149e-01 -4.39121634e-01  4.95751530e-01]
 [ 1.93264812e-01  2.30390415e-01  2.49494016e-01  1.51828289e-01  1.24784254e-01  2.78379112e-01  1.00968860e-01  2.49131769e-01  2.43713602e-01  3.31800669e-01  4.93456334e-01  5.34896374e-01  2.91430682e-01  3.29517543e-01  3.25676650e-01]
 [ 6.06756732e-02 -3.08284946e-02  6.91821724e-02 -7.79895484e-02 -1.25094995e-01  1.41434297e-01 -1.36263341e-01  1.34101197e-01  4.36358340e-02  5.99953160e-02  7.77543262e-02 -3.73400897e-02 -2.94899642e-01  1.03656888e-01 -1.28255993e-01]
 [ 3.90672386e-01 -5.19099124e-02  1.70649678e-01  1.20371513e-01 -7.13343695e-02 -1.34149551e-01  1.88737959e-01  1.08645514e-01 -1.41170233e-01 -2.87969321e-01  2.30704278e-01 -7.85744470e-03 -1.58468410e-02 -3.54384214e-01 -4.27648693e-01]
 [ 8.26347545e-02  1.51889607e-01 -4.71795261e-01 -6.43157437e-02  2.53702104e-02  2.47794896e-01 -7.82189667e-02 -2.45773092e-01 -7.10929856e-02  6.88701794e-02 -1.24886800e-02  8.46890081e-03 -2.54389979e-02  7.25520924e-02 -7.63391554e-02]
 [ 4.69586223e-01  1.52908349e+00  2.95094103e-01  2.13582230e+00 -2.22663307e+00  3.22341323e-01  4.47267723e+00 -8.10604990e-01  3.84527826e+00  9.33576941e-01 -6.97585166e-01  2.40462497e-01  8.96654010e-01  8.72835442e-02 -2.14416862e-01]
 [-1.22600794e-01  4.01497819e-03  1.57677233e-01 -7.30216205e-02 -1.53654898e-02  1.78807870e-01 -7.08430111e-02 -8.04599300e-02  1.26630038e-01  1.59465879e-01  1.49928272e-01 -1.95766941e-01  1.97673887e-01  2.04047322e-01 -2.50832409e-01]
 [ 4.75835323e-01 -1.88715711e-01 -3.43606137e-02 -5.60187221e-01 -1.59028158e-01  5.95712662e-01 -2.05754191e-01  3.10508430e-01  3.67153764e-01 -5.45755208e-01 -2.15574384e-01 -2.32212961e-01 -9.83745754e-02  2.55343467e-01  2.25387916e-01]
 [-1.19900145e-01  1.01319514e-01  1.09971881e-01  3.03008765e-01  2.50168890e-01 -6.62776530e-02  2.17890307e-01 -1.20982118e-02 -3.86724547e-02  5.58115691e-02 -2.73684293e-01 -1.87371334e-03  6.53657615e-02 -1.21321402e-01  5.98642193e-02]]
R:
[[7.05838203e-04 7.05838203e-04 2.20458061e-01 1.60453934e-02 2.18351325e-03 7.05838203e-04 7.05838203e-04 4.70314268e-03 1.96416229e-02 7.34144986e-01]
 [3.85608640e-03 3.85608640e-03 5.01687109e-01 3.85608640e-03 3.85608640e-03 6.89343037e-03 3.85608640e-03 3.85608640e-03 5.16533032e-02 4.16629583e-01]
 [1.94278313e-03 1.94278313e-03 2.97949970e-01 1.14729978e-01 1.94278313e-03 8.86948593e-03 1.94278313e-03 3.46668921e-02 1.10944085e-01 4.25068498e-01]
 [1.88715390e-07 1.88715390e-07 7.15795100e-01 1.27483290e-05 2.09787368e-06 1.88715390e-07 1.88715390e-07 5.95534357e-06 4.46694003e-06 2.84178913e-01]
 [3.36091220e-03 3.36091220e-03 4.36828047e-01 1.25451967e-01 3.36091220e-03 3.36091220e-03 3.36091220e-03 8.52313265e-02 1.57780480e-02 3.19906145e-01]
 [6.32351963e-03 6.32351963e-03 5.61272442e-01 4.74426821e-02 9.32012312e-03 6.32351963e-03 6.32351963e-03 3.13499570e-02 1.71360485e-02 3.08184713e-01]
 [1.17731118e-03 1.17731118e-03 4.05404389e-01 1.61447987e-01 1.17731118e-03 8.60602222e-03 1.17731118e-03 1.13663718e-01 1.08802833e-01 1.97365791e-01]
 [2.06631143e-03 2.06631143e-03 2.61325270e-01 1.28250062e-01 2.06631143e-03 1.03241811e-02 2.06631143e-03 7.37392977e-02 7.50190616e-02 4.43076879e-01]
 [1.04319595e-03 1.04319595e-03 2.22019255e-01 1.74692705e-01 1.04319595e-03 1.28224678e-02 1.04319595e-03 9.10683051e-02 1.07598938e-01 3.87625575e-01]
 [8.48707859e-04 8.48707859e-04 6.97411776e-01 8.48707859e-04 1.64959463e-03 8.48707859e-04 8.48707859e-04 3.05664316e-02 4.66019176e-02 2.19526857e-01]
 [1.34045817e-03 1.34045817e-03 6.48763895e-01 1.38122095e-02 2.94087734e-03 1.34045817e-03 1.34045817e-03 7.07630347e-03 7.84780551e-03 3.14197183e-01]
 [4.10886388e-03 4.10886388e-03 4.79483515e-01 8.31971392e-02 4.43941820e-03 8.00203346e-03 4.10886388e-03 4.10886388e-03 1.38959691e-01 2.69482821e-01]
 [5.28487726e-04 5.28487726e-04 8.05667758e-01 1.74255911e-02 5.28487726e-04 5.28487726e-04 5.28487726e-04 1.43645257e-02 2.86077801e-03 1.57038793e-01]
 [2.68640666e-04 2.68640666e-04 7.45838165e-01 7.65641499e-03 4.62840690e-04 2.68640666e-04 2.68640666e-04 6.30814536e-03 2.68705864e-03 2.35972896e-01]
 [1.06857298e-03 1.06857298e-03 6.00780308e-01 1.06857298e-03 1.06857298e-03 1.06857298e-03 1.06857298e-03 4.73946035e-02 4.69811494e-03 3.40715468e-01]]
distance_matrix:
[[29.808958 25.49364  27.62371  25.22722  26.428162 25.438513 27.004599 28.221527 28.924444 25.23777  25.170998 25.888792 25.850212 25.381947 25.295862]
 [36.79528  27.107422 32.457058 22.845133 28.21243  25.473589 29.054615 33.451168 34.594597 22.965025 23.928946 27.533287 21.561563 22.340652 24.783358]
 [37.21022  29.716278 34.417774 26.584942 31.070293 28.696146 32.42517  35.261623 36.523773 27.056028 27.352169 30.69267  26.116476 26.3799   28.079315]
 [15.375799 17.487267 16.3998   20.984524 17.540836 18.76399  18.649752 16.159798 16.603592 21.313099 19.745537 18.588139 23.717018 21.882343 19.008657]
 [43.46692  32.690865 37.424835 28.620287 34.187397 31.330088 33.697422 38.945686 39.596245 28.186928 29.74118  31.814362 27.0492   27.993969 30.793688]
 [21.628834 16.994995 18.791864 16.465689 17.222973 16.592922 17.53068  19.23665  19.711    16.377499 16.415863 17.075947 16.843702 16.524734 16.513037]
 [59.84565  45.565685 54.041443 37.981735 47.903965 43.117294 49.015907 55.75311  57.44359  38.335194 40.138023 46.12751  35.26837  36.997604 41.826603]
 [17.20543  12.266185 14.540685 11.400215 12.770963 11.830635 13.312696 15.084988 15.728365 11.413536 11.462822 12.527149 11.710564 11.441879 11.663017]
 [24.904388 18.811295 22.30765  16.873219 19.835964 18.201612 20.736235 22.983345 23.947672 17.080805 17.29175  19.517029 16.851898 16.81329  17.67562 ]
 [21.660215 19.643158 17.751719 22.304848 18.319761 19.718445 16.834185 17.829128 17.13812  21.159449 21.223978 18.000046 23.39636  22.554014 20.600792]
 [25.805855 20.656963 22.614021 19.591986 20.09373  19.643452 20.611456 22.788952 23.247198 19.553183 19.597157 20.79496  19.643501 19.531927 19.67275 ]
 [28.422306 30.49353  28.668587 34.686554 30.592556 32.025723 30.82738  28.588356 28.690348 34.49972  33.285164 30.847025 37.437073 35.57068  32.410072]
 [16.719818 19.289991 18.59537  23.3038   20.429031 21.12764  21.792734 18.601585 19.332655 23.696304 22.025928 20.758202 26.406796 24.342728 21.306644]
 [25.269285 23.80872  24.434753 25.438702 24.86192  24.720764 25.276796 24.880856 25.417088 25.376095 24.864048 24.31514  27.085932 25.951506 24.569027]
 [38.108173 38.18534  39.104095 40.227306 39.760147 39.568153 41.037766 39.423912 40.379974 40.565712 39.56646  39.686882 42.485615 40.977272 39.124496]]
