hid1:
[[0.         0.29195157 0.07842158 0.         0.         0.09244967 0.         0.24953566 0.39369458 0.041223   0.         0.5098915  0.27363974 0.         0.        ]
 [0.4757583  0.         0.         0.57492375 0.003334   0.         0.         0.         0.8728823  0.22859724 0.         0.8376901  0.9597015  0.8891745  0.        ]
 [0.         0.         0.06684852 0.         0.         0.04324929 0.         0.         0.         0.3024699  0.         0.         0.20557654 0.         0.27756765]
 [0.06349467 0.30884597 0.         0.         0.         0.51162446 0.         0.         0.30182785 0.14965607 0.24357042 0.04265207 0.33661017 0.47431144 0.13939443]
 [0.13610771 0.6995338  0.5398594  0.         0.7516969  0.894608   0.         0.551412   0.73370945 0.         0.         0.04160148 0.         0.78584296 1.0902053 ]
 [0.28510836 0.         0.         0.         0.         0.7382934  0.         0.48528427 0.18904574 0.         0.         0.31089443 0.         0.14304802 0.01046253]
 [0.52737135 0.         0.67185944 0.         0.         0.         0.         0.16188307 0.         0.         0.         0.3095227  0.47820792 0.45382023 0.2440428 ]
 [0.45463976 0.         0.61571425 0.         0.         0.         0.         0.         0.         0.         0.         0.         0.06852937 0.13848464 0.9198549 ]
 [0.         0.         0.         0.         0.         0.         0.         0.         0.         0.5635722  0.         0.         0.         0.02343806 0.93022716]
 [0.         0.00490426 0.         0.         0.9568405  0.6976792  0.         0.         0.         0.         0.13122636 0.         0.         0.33611155 0.        ]
 [0.         0.         0.         0.5522091  0.09119875 0.         0.         0.         0.         0.07004369 0.8296062  0.         0.88970965 0.         0.17504938]
 [0.6131319  1.1428591  0.         0.28545943 0.23402198 0.         0.         0.28276533 0.14510284 0.20424739 0.3915715  0.01749473 0.         0.         0.        ]
 [0.20381305 0.47478887 0.         0.08458497 0.         0.5716873  0.         0.         0.39317006 0.41767424 0.3596464  0.         0.39552253 0.33532935 0.00660679]
 [0.05068957 0.09125274 0.05845628 0.13215663 0.         0.28207126 0.         0.         0.518747   0.850644   0.38573545 0.         0.52504843 0.4108045  0.        ]
 [0.79711276 0.         0.1634229  0.9538355  0.         0.56692153 0.         0.04221081 1.0448531  0.26524734 0.45348406 0.         0.29782587 0.47086576 0.        ]]
hid2:
[[ 0.13618347  0.13573232  0.14712113  0.03047398  0.09723198  0.1857654   0.11055558  0.1354332   0.11874142  0.22013247  0.04290193  0.17186505  0.13452023  0.10914566  0.27148947]
 [ 0.158407    0.13493806  0.13208841  0.03859022  0.0995999   0.22160614  0.10244594  0.14443064  0.1403963   0.1934849   0.08378893  0.24671707  0.13431534  0.13173653  0.2834834 ]
 [ 0.13750102  0.16815126  0.15313256  0.06422473  0.11995769  0.1392589   0.15420909  0.12921983  0.08398341  0.27989393  0.00808468  0.18557125  0.13963142  0.05277779  0.32514983]
 [ 0.09129746  0.0949548   0.12406039  0.03843676  0.07144181  0.2960997   0.02869752  0.10823765  0.18971185  0.14984946  0.22174253  0.24360353  0.1579002   0.24904206  0.11936527]
 [ 0.15310651  0.09321864  0.14287071 -0.03497284  0.05891035  0.22918004  0.06603181  0.1558918   0.1602099   0.13452817  0.03623161  0.11341944  0.11529024  0.15796298  0.22884537]
 [ 0.15589404  0.04714976  0.11967604 -0.0648616   0.02671915  0.33233446 -0.00669241  0.16140364  0.23255874  0.03217547  0.14637841  0.16446525  0.11512709  0.27012637  0.13848208]
 [ 0.11449289  0.13189746  0.15481341  0.02637714  0.09168597  0.17329161  0.10729358  0.1249678   0.11230804  0.23117125  0.03574002  0.12653154  0.1377454   0.10974412  0.2436193 ]
 [ 0.12721652  0.16795886  0.15698251  0.06595352  0.12193248  0.13277553  0.15304558  0.12454734  0.07803794  0.2889757   0.00730064  0.17325392  0.14225651  0.05179297  0.31647   ]
 [ 0.13424307  0.18377352  0.16000277  0.07874126  0.13393408  0.10841125  0.17592762  0.12600759  0.05990818  0.31560156 -0.01838074  0.18018825  0.14197922  0.01960049  0.35287562]
 [ 0.0952084   0.17765631  0.13451105  0.13775787  0.14221285  0.19531782  0.12996215  0.09316741  0.10382247  0.30045754  0.16839312  0.3314634   0.17648903  0.12112205  0.25780907]
 [ 0.0904034   0.12347755  0.15654445  0.02476512  0.08020686  0.18005     0.09434423  0.11112356  0.12015967  0.22874826  0.05704316  0.0981461   0.14386022  0.13119948  0.19589889]
 [ 0.12347506  0.15078348  0.12325682  0.09490889  0.1125043   0.23875283  0.10266092  0.11291395  0.14445193  0.22760965  0.17283979  0.32069823  0.16061911  0.15840448  0.24117951]
 [ 0.04500062  0.09049693  0.13838843  0.03903675  0.06491476  0.27256826  0.02309733  0.0843986   0.1754135   0.17817093  0.21838251  0.16817078  0.16776544  0.251647    0.06344424]
 [ 0.07549543  0.07771906  0.13444632  0.00752443  0.05365288  0.28661147  0.01495652  0.10632949  0.18992977  0.13780408  0.19303785  0.15980998  0.15225172  0.25485232  0.08457628]
 [ 0.11311789  0.09157222  0.12072585  0.02510899  0.06900261  0.30273956  0.02848265  0.12228939  0.1958674   0.13046569  0.20673981  0.25142285  0.14914575  0.24588203  0.14234951]]
topics:
[[ 4.12321538e-02 -1.54925399e-02 -1.26999214e-01  2.74164472e-02 -2.88146567e-02 -2.02514663e-01 -4.82544079e-02  8.76370966e-02  7.14898109e-02  2.47156218e-01  2.66605318e-01 -1.20077699e-01  1.66789189e-01 -1.53354451e-01 -9.29111391e-02]
 [ 9.36047673e-01  1.40595186e+00 -8.32806349e-01  1.10218808e-01 -4.55545694e-01  2.14332163e-01  4.62700278e-02 -9.03377175e-01 -4.24490929e-01  1.80761799e-01  8.02119672e-01 -3.61896813e-01  3.72279644e-01 -4.73246992e-01  4.59187984e-01]
 [ 5.66665344e-02  1.09381370e-01  7.27213174e-02  1.63576245e-01  1.03061832e-01  4.33643550e-01 -1.72694735e-02  6.25853837e-02  2.55201697e-01  1.42405450e-01  5.27062356e-01  5.67385197e-01  2.14541301e-01  3.87033641e-01  2.63341796e-02]
 [-7.22436560e-03 -3.83320637e-02  8.01607221e-02 -1.20118141e-01 -1.79196641e-01  1.58585414e-01 -1.60309464e-01  1.58425540e-01  6.50849044e-02  8.79544839e-02  6.89204782e-02  9.29910690e-03 -3.65600646e-01  1.50746107e-01 -1.32279351e-01]
 [ 1.49601564e-01 -6.63167909e-02  2.43877038e-01  1.20609455e-01 -7.89816231e-02 -1.21716119e-01  2.02591747e-01  1.54121712e-01 -1.62124917e-01 -2.78751582e-01  3.17021519e-01 -3.12939137e-01 -3.58182937e-02 -3.49806339e-01 -5.39513707e-01]
 [ 1.59310736e-02  1.93317860e-01 -5.52453756e-01 -8.59504864e-02  3.59446630e-02  2.83399403e-01 -9.71284509e-02 -2.65696287e-01 -1.13853902e-01  2.00928569e-01 -1.08001694e-01 -1.16603193e-03 -4.54985537e-02  1.08197287e-01 -6.95127025e-02]
 [ 1.69717342e-01  1.70321393e+00  3.59986693e-01  2.40623236e+00 -2.86138201e+00  3.79083425e-01  5.12298346e+00 -7.10698426e-01  4.33762074e+00  1.27950001e+00 -7.36727178e-01 -2.44706050e-01  1.00320876e+00  1.70542449e-02 -8.02084059e-02]
 [-1.86615705e-01  1.54925371e-03  2.00200111e-01 -3.79510522e-02 -2.48123053e-02  2.38859206e-01 -8.67132172e-02 -2.12531574e-02  1.75062880e-01  1.95574641e-01  2.46521398e-01 -2.73840219e-01  2.01595306e-01  3.68822038e-01 -3.25265497e-01]
 [ 4.82612878e-01 -2.00269535e-01  8.32177624e-02 -5.71137786e-01 -1.97073191e-01  5.60822248e-01 -2.07195938e-01  4.26984608e-01  4.74006802e-01 -5.85592747e-01 -1.61424115e-01 -1.59320414e-01 -9.25362110e-02  4.20653850e-01  2.10970476e-01]
 [ 1.22850396e-01  2.36884356e-01  1.77004069e-01  1.37703374e-01  1.81574747e-01  2.16554869e-02  2.44089141e-01  1.12000227e-01 -1.11100115e-02  4.29950744e-01 -7.73087218e-02  1.94659561e-01  1.54266343e-01 -7.62495622e-02  4.37159806e-01]]
R:
[[3.36450583e-04 3.36450583e-04 1.74106315e-01 3.36450583e-04 3.36450583e-04 3.36450583e-04 3.36450583e-04 8.10874254e-02 1.38309970e-01 6.04477584e-01]
 [4.56025125e-04 4.56025125e-04 2.86546201e-01 4.56025125e-04 4.56025125e-04 4.56025125e-04 4.56025125e-04 4.56025125e-04 1.51220232e-01 5.59041262e-01]
 [9.92839807e-04 9.92839807e-04 1.30461097e-01 9.92839807e-04 9.92839807e-04 9.92839807e-04 9.92839807e-04 4.29177955e-02 1.00072980e-01 7.20591128e-01]
 [9.74839422e-05 9.74839422e-05 4.31704640e-01 9.74839422e-05 9.74839422e-05 9.74839422e-05 9.74839422e-05 1.48431957e-01 1.19240329e-01 3.00038278e-01]
 [4.37644572e-04 4.37644572e-04 1.50333777e-01 4.37644572e-04 4.37644572e-04 4.37644572e-04 4.37644572e-04 1.25481188e-01 2.19003618e-01 5.02555549e-01]
 [1.51139451e-04 1.51139451e-04 3.36830139e-01 1.51139451e-04 1.51139451e-04 1.51139451e-04 1.51139451e-04 1.30718932e-01 2.66018778e-01 2.65525281e-01]
 [4.14183334e-04 4.14183334e-04 1.24790713e-01 4.14183334e-04 4.14183334e-04 4.14183334e-04 4.14183334e-04 1.47554025e-01 1.25997782e-01 5.99172235e-01]
 [5.64158196e-04 5.60150540e-04 1.15660101e-01 5.60150540e-04 5.60150540e-04 5.60150540e-04 5.60150540e-04 6.69696033e-02 9.01367590e-02 7.23868668e-01]
 [9.61157668e-04 6.99648284e-04 8.70987922e-02 6.99648284e-04 6.99648284e-04 6.99648284e-04 6.99648284e-04 3.72614600e-02 7.86968544e-02 7.92483389e-01]
 [3.18706123e-04 1.21748933e-04 3.98822159e-01 1.21748933e-04 1.21748933e-04 1.21748933e-04 1.21748933e-04 1.65542383e-02 1.06277224e-02 5.73068500e-01]
 [1.05166167e-03 1.05166167e-03 1.22317888e-01 1.05166167e-03 1.05166167e-03 1.05166167e-03 1.05166167e-03 2.12601840e-01 1.13530405e-01 5.45239925e-01]
 [1.28696125e-03 1.28696125e-03 4.21836317e-01 1.28696125e-03 1.28696125e-03 1.28696125e-03 1.28696125e-03 1.28696125e-03 7.84140453e-02 4.90740955e-01]
 [7.56821028e-05 7.56821028e-05 3.54009300e-01 7.56821028e-05 7.56821028e-05 7.56821028e-05 7.56821028e-05 2.74075806e-01 8.43725875e-02 2.87088215e-01]
 [3.76873140e-05 3.76873140e-05 3.37828845e-01 3.76873140e-05 3.76873140e-05 3.76873140e-05 3.76873140e-05 2.39717424e-01 1.36664778e-01 2.85562783e-01]
 [3.13005003e-05 3.13005003e-05 4.31228727e-01 3.13005003e-05 3.13005003e-05 3.13005003e-05 3.13005003e-05 1.10492453e-01 1.47274315e-01 3.10816646e-01]]
distance_matrix:
[[ 8.90946    8.971025   9.622079   9.3922825  9.178183  10.361875   8.876371   9.622455  10.354117   9.166973   8.691813   9.051209   9.1783695  9.230225   9.465638 ]
 [28.587765  27.274927  29.756004  26.393692  29.07898   28.177658  29.213451  29.976105  30.984844  26.46001   29.16518   25.961449  27.27345   27.379492  26.376354 ]
 [11.454275  12.736216  10.593779  17.434278  12.540524  17.67357   11.230265  10.49533   10.233987  14.000839  11.763185  14.808971  17.036274  16.801613  17.258877 ]
 [ 7.1212673  6.74046    8.77691    4.666839   6.775414   5.879666   7.042135   8.777028  10.099654   6.5146947  6.359194   5.8991346  4.287571   4.505682   4.9237375]
 [17.244549  17.03777   17.933882  19.15285   16.99336   18.378012  17.591263  18.120335  18.67815   18.962204  17.942398  18.235867  19.807705  19.113983  18.726934 ]
 [12.360162  11.432995  14.30418   10.551794  11.197042   9.768117  12.763325  14.549447  15.862774  13.120428  12.569214  11.563633  11.236595  10.6058235 10.256867 ]
 [12.734364  13.30949   13.00532   16.464308  12.563131  15.394644  12.746233  13.063165  13.371753  15.659704  13.112076  15.303088  16.560503  15.865737  16.08109  ]
 [19.795092  20.717113  19.651955  24.498497  19.981073  23.73611   19.669712  19.655571  19.754963  22.85636   20.056507  22.853561  24.341974  23.779015  24.1866   ]
 [20.029703  21.426989  18.170061  28.46534   22.03029   28.968624  20.02572   18.118275  17.254719  22.582817  21.127552  23.968567  28.50343   28.204752  28.115131 ]
 [14.141039  13.426119  15.249714  13.088175  14.3189    14.1760025 14.484652  15.375268  16.31427   13.367943  14.3941965 12.908297  13.522562  13.49382   13.058311 ]
 [20.573738  20.256035  20.996635  21.929855  21.012976  22.473919  20.920109  21.151104  21.651768  20.89157   21.17102   20.619823  22.472162  22.213299  21.719673 ]
 [24.422539  23.495358  25.675539  21.602518  24.988789  24.0904    24.686604  25.751572  26.89553   21.998999  24.235687  21.788565  21.747509  22.240952  21.891264 ]
 [ 8.766247   8.164774  10.588577   5.8957496  8.262052   6.9261208  8.794376  10.640302  12.042989   8.078947   8.130271   7.2495394  5.7214203  5.8476324  6.09192  ]
 [ 8.260297   8.095715   9.888042   6.4623275  7.711419   7.155797   8.11001    9.874498  11.146899   8.41375    7.472684   7.727313   6.0058384  6.0715446  6.6506367]
 [21.328176  20.869246  23.019318  19.240702  20.766533  19.86879   21.353497  23.076006  24.368149  21.217457  20.811975  20.377811  19.108608  19.08885   19.346317 ]]
