hid1:
[[0.         0.41815433 0.01942741 0.         0.         0.         0.         0.         0.         0.         0.         0.20512287 0.1295286  0.         0.        ]
 [0.         0.03593082 0.41737422 0.         0.         0.2534829  0.28597483 0.         0.         0.33260074 0.         0.36680207 0.3882581  0.54596776 0.44004726]
 [0.         0.         0.         0.         0.         0.         0.1653836  0.         0.         0.06269927 0.         0.29008734 0.         0.         0.        ]
 [0.40299767 0.06407487 0.         0.3761851  0.         0.         0.40462697 0.30253848 0.30938432 0.48051715 0.17805503 0.10292156 0.2996389  0.         0.13793844]
 [0.         0.6363533  0.17919329 0.2566578  0.         0.15400316 0.15911576 0.         0.05065018 0.         0.         0.46869904 0.3016533  0.         0.        ]
 [0.         0.         0.         0.31963778 0.         0.         0.2610538  0.29044855 0.         0.6104855  0.         0.         0.04375385 0.         0.28923666]
 [0.         0.         0.44595233 0.         0.         0.63411796 0.41753832 0.09617342 0.15467376 0.08242551 0.         0.3165326  0.02094788 0.         0.1806399 ]
 [0.15365323 0.         0.79046607 0.         0.         0.29443306 0.         0.         0.4761318  0.16774157 0.         0.         0.5922802  0.         0.        ]
 [0.         0.         0.1671959  0.         0.         0.19771323 0.02521144 0.         0.         0.         0.         0.1435863  0.         0.16268426 0.        ]
 [0.28781256 0.07318616 0.         0.0071939  0.02426792 0.         0.         0.         0.19194816 0.14838985 0.08396702 0.64445287 0.         0.         0.05385885]
 [0.         0.45737836 0.         0.01375772 0.         0.2688133  0.         0.33082804 0.         0.         0.14325126 0.         0.29121488 0.         0.        ]
 [0.         0.27244675 0.         0.         0.         0.         0.10328161 0.16267629 0.         0.45337367 0.         0.24936965 0.         0.         0.        ]
 [0.         0.         0.         0.1955747  0.         0.         0.12743786 0.31704906 0.         0.17942894 0.         0.         0.         0.         0.        ]
 [0.         0.         0.54039115 0.24968384 0.         0.         0.3649535  0.15463404 0.44911954 0.5074729  0.         0.1555053  0.         0.         0.10830346]
 [0.         0.         0.6953483  0.3716298  0.         0.         0.         0.         0.83070505 0.19981387 0.         0.350045   0.10236314 0.         0.20803814]]
hid2:
[[ 0.07621164  0.12918466  0.10184072  0.14814633  0.11188571  0.08955007  0.12118576  0.09553375  0.10497627  0.1195185   0.10830557  0.15209189  0.12174182  0.06576376  0.12552796]
 [ 0.10681885  0.13894513  0.1001863   0.1391613   0.11559506  0.1413211   0.1436446   0.09927776  0.15387918  0.10749297  0.10504567  0.18526591  0.14554685  0.09867515  0.18153547]
 [ 0.07727344  0.2035716   0.09007925  0.19115956  0.12042193  0.06753187  0.17389086  0.08103957  0.07854925  0.09641884  0.02973626  0.09369658  0.10914566  0.07333521  0.1550245 ]
 [ 0.09247763  0.0908809   0.04844442  0.0864036   0.01314865  0.1234726   0.11290269  0.07481088  0.1733403   0.12276634  0.1376777   0.13109176  0.10279237  0.05782016  0.07300766]
 [ 0.07269834  0.1710225   0.0925374   0.16857183  0.09291772  0.07624377  0.14845154  0.08662102  0.0853777   0.10321925  0.0533126   0.10376427  0.07832176  0.07309195  0.12728381]
 [ 0.09695051  0.10347742  0.05300558  0.11706065 -0.00107007  0.10269831  0.14414805  0.07771134  0.19843441  0.15026274  0.14394824  0.13558774  0.1133844   0.04487503  0.08743525]
 [ 0.09035557  0.15405403  0.09882746  0.13745254  0.1178315   0.11131103  0.12524267  0.10580356  0.09592406  0.08150957  0.05216599  0.1285653   0.0910369   0.10081866  0.16325255]
 [ 0.08015163  0.21108396  0.08916805  0.1977082   0.11418364  0.07406617  0.18445705  0.07835484  0.08618023  0.09824144  0.02691816  0.0981375   0.10272168  0.07821613  0.16242976]
 [ 0.0727724   0.21887079  0.08679703  0.20566621  0.10982832  0.05902289  0.18737634  0.07459263  0.07334229  0.09956854  0.01727204  0.0810672   0.09248945  0.07144172  0.15151408]
 [ 0.08571157  0.08954991  0.09215363  0.09831442  0.11872119  0.12576424  0.08170658  0.09935175  0.11628276  0.10357444  0.13654366  0.17734367  0.13861462  0.07531154  0.11813161]
 [ 0.07821354  0.07149557  0.07808304  0.0508133   0.0406668   0.11991005  0.04952059  0.10943611  0.10097928  0.07462735  0.090652    0.0988688   0.03242455  0.08637506  0.06316631]
 [ 0.08606371  0.09065502  0.08261234  0.1003307   0.08832249  0.10908982  0.07814158  0.11008051  0.10751856  0.10358749  0.11662174  0.15984511  0.08031823  0.07337765  0.11428551]
 [ 0.10135796  0.10637498  0.06585626  0.12126078  0.00836094  0.1046776   0.14882956  0.08487608  0.19804214  0.14407581  0.13932082  0.14016867  0.11784303  0.04910244  0.09770676]
 [ 0.09656891  0.09549777  0.05574057  0.10133599  0.02882621  0.11972184  0.11863241  0.08491798  0.17969233  0.1350689   0.14027707  0.1505832   0.11165094  0.06200457  0.10276818]
 [ 0.10077488  0.12809047  0.06885174  0.1614611   0.02564632  0.1039933   0.18912587  0.06465574  0.22251613  0.17515326  0.1669882   0.17210849  0.17424628  0.03704165  0.1148413 ]]
topics:
[[ 0.05856983 -0.02970016 -0.04796717  0.0855601   0.01288753 -0.22871877 -0.00927151  0.16371223  0.104779    0.26309824  0.21787895  0.01796587  0.19947948 -0.18590881 -0.01858019]
 [ 0.73714733  0.6000647  -0.6514188   0.16052517 -0.31324407  0.11638526  0.01624064 -0.4399951  -0.49607593  0.24172993  0.6854261  -0.7951055   0.23984767 -0.47519505  0.49703196]
 [ 0.07402315  0.0262783   0.17847344  0.1190342   0.2069381   0.25581908  0.05326378  0.10639466  0.2051694   0.20583448  0.30025926  0.4238528   0.21971776  0.15496841  0.21548691]
 [ 0.01645007 -0.06033673  0.07942524 -0.0754801  -0.13342923  0.11058308 -0.12781034  0.16742232  0.04638601  0.08441277  0.07401836  0.01384247 -0.29433596  0.13041079 -0.0774395 ]
 [ 0.23103838 -0.05592711  0.20403583  0.11960476 -0.05808713 -0.10899311  0.19015098  0.14858653 -0.12784615 -0.2559667   0.2618593   0.17955372 -0.02132437 -0.4056846  -0.44894046]
 [-0.02365298  0.15462822 -0.43055585 -0.05084958  0.0273169   0.19853804 -0.0733685  -0.19601984 -0.05281203  0.0957519   0.09205265  0.03931504 -0.02665349  0.05502902 -0.0553444 ]
 [ 0.13799745  1.8389769   0.3695119   2.15829    -2.2805934   0.3352682   4.399872   -0.8494069   3.9024587   1.0732561  -0.6591675   0.37935776  0.9586453   0.147599   -0.10895307]
 [-0.13152432 -0.01068763  0.15486747 -0.07477444 -0.02218345  0.1829265  -0.07472865 -0.03481849  0.11166155  0.18238652  0.18083334 -0.10255586  0.1540817   0.15796165 -0.2371349 ]
 [ 0.5103109  -0.22423099 -0.04077053 -0.6165305  -0.16385584  0.44086835 -0.20493837  0.44932172  0.33858895 -0.5044847  -0.16631466 -0.03997964 -0.12384963  0.2658435   0.24729684]
 [ 0.0554015   0.29702982  0.09642719  0.2801041   0.18530649  0.0242507   0.23093998  0.05922201  0.01551097  0.09842186 -0.03674773  0.0650738   0.1198868   0.07453337  0.20047976]]
R:
[[0.0986023  0.004391   0.28809002 0.06333996 0.03618416 0.004391   0.004391   0.03881897 0.03405536 0.4277362 ]
 [0.0540812  0.01025239 0.385595   0.01025239 0.01025239 0.01025239 0.01025239 0.01025239 0.08255456 0.41625488]
 [0.05003018 0.0059917  0.1227797  0.04825504 0.01715836 0.0059917  0.0059917  0.02780818 0.04261299 0.6733805 ]
 [0.13343698 0.0204587  0.29289678 0.10922358 0.04018119 0.07587258 0.0204587  0.06798641 0.06916825 0.1703169 ]
 [0.0486583  0.00721646 0.15531416 0.13600448 0.02674937 0.00721646 0.00721646 0.0209812  0.03039384 0.5602492 ]
 [0.18306653 0.02704508 0.3054356  0.13249119 0.02707511 0.04611963 0.02704508 0.0308199  0.05368526 0.16721666]
 [0.02496287 0.00262976 0.22372471 0.08794521 0.00930905 0.00262976 0.00262976 0.01692673 0.07443534 0.5548068 ]
 [0.03355039 0.00854102 0.13235204 0.06880303 0.01347179 0.00854102 0.00854102 0.01011919 0.04073677 0.67534375]
 [0.03764503 0.00821007 0.08512922 0.08849459 0.01612227 0.00821007 0.00821007 0.01391741 0.029142   0.70491916]
 [0.0947861  0.00090479 0.36778945 0.00090479 0.04535957 0.0380515  0.00090479 0.07040177 0.06749874 0.31339848]
 [0.05879033 0.00367805 0.18960674 0.21085659 0.04072228 0.03522987 0.00367805 0.08424199 0.07886543 0.29433063]
 [0.09626693 0.00299335 0.30951124 0.13941102 0.03603132 0.03439274 0.00299335 0.00299335 0.05426557 0.32114112]
 [0.17171371 0.02600253 0.31311268 0.12203095 0.02859211 0.02600253 0.02600253 0.03011242 0.05962237 0.19680823]
 [0.15092142 0.01991172 0.3338971  0.11185353 0.02198303 0.05701094 0.01991172 0.02857245 0.06505886 0.19087918]
 [0.19402285 0.03113435 0.39383376 0.03113435 0.03113435 0.03113435 0.03113435 0.03113435 0.03880562 0.18653163]]
distance_matrix:
[[ 7.0763545  7.4772105  7.5626574  8.253558   7.2297196  8.206428   7.387996   7.564043   7.795854   7.7459207  7.93667    7.5439997  8.002952   8.087581   8.225888 ]
 [10.334412  10.344492  10.971459  11.464353  10.465149  11.714204  10.277975  10.888819  11.232481  10.732391  10.714211  10.494959  11.465742  11.328252  11.9120655]
 [ 8.39353    9.048748   7.364955  11.000233   7.375911  11.210431   7.5782595  7.305667   7.2891374  9.799799   9.025871   9.086176  10.8339405 10.847461  11.741253 ]
 [ 6.055504   5.951812   8.298063   4.922516   7.153535   5.0236893  7.064268   8.253173   8.794369   5.626478   5.6815424  5.56819    5.0351863  5.0034323  5.194315 ]
 [ 6.8910856  6.99918    8.111407   7.663684   7.4364643  7.8203597  7.3269815  8.070151   8.466385   7.090716   7.3668118  6.986324   7.6196203  7.5402117  7.863208 ]
 [ 7.2224784  7.530912   8.875511   6.3851647  7.7512426  6.247607   7.945984   8.831257   9.172375   7.3964095  6.5574117  6.837351   6.2505774  6.4060364  6.8016024]
 [10.937256  10.721802  11.223975  12.352239  10.835756  12.523791  10.434514  11.120805  11.477591  11.487852  11.18843   11.077482  12.142784  12.120101  12.851215 ]
 [10.243341  10.588418  10.055654  11.841946   9.912987  12.010463   9.928265  10.045804  10.211935  11.06089   10.7775135 10.718614  11.725237  11.731875  12.327543 ]
 [ 8.432686   9.038589   6.5872374 11.030123   6.9560666 11.358629   7.1340303  6.5687256  6.463445   9.970074   8.809149   9.324411  10.94031   11.037591  12.056651 ]
 [ 4.3224306  4.454099   5.8166327  4.8644505  5.0511236  5.0482     4.8516035  5.822889   6.2497196  4.3493104  4.5487013  4.2834644  4.877388   4.748292   5.201063 ]
 [ 9.418379   9.826607  10.012768  10.216873   9.3528    10.65194    9.285612  10.0055275 10.24122    9.780354   8.931403   9.327525  10.454725  10.298229  11.377187 ]
 [13.4019375 13.400928  16.02425   12.967192  14.885979  13.0848055 14.679381  16.037262  16.627542  12.905401  13.60392   13.129395  13.062516  12.8742    12.979369 ]
 [ 6.196325   5.9559407  8.472969   5.0974417  7.318166   5.077789   7.1024957  8.41553    8.988819   5.807708   5.807371   5.663842   5.0702252  5.0488605  5.2834606]
 [ 6.634603   6.5812597  9.015234   5.679395   7.7350526  5.621      7.703804   8.923655   9.459724   6.3688974  6.380388   6.095372   5.630599   5.6191807  5.79138  ]
 [11.396232  11.389526  14.183402  10.256643  12.754618  10.03796   12.760831  14.107825  14.679817  11.085724  11.191831  10.818819  10.058726  10.13826   10.125891 ]]
