hid1:
[[ 1.19514912e-02 -5.33302426e-02  2.49462485e-01 -1.96522057e-01  1.27313882e-01  1.28200769e-01 -2.03946456e-01 -2.03222930e-01  1.78880289e-01  5.28042912e-01  6.52973652e-02 -5.26762754e-03  5.27830608e-03  1.73943728e-01 -2.85668373e-01]
 [ 5.47543429e-02 -2.80589387e-02  3.94309387e-02 -1.28820747e-01 -1.01064503e-01 -4.98383790e-02  1.05799042e-01 -4.37309816e-02 -3.30054015e-01  6.67632222e-02  2.87760317e-01  3.60007674e-01 -7.53385723e-02  1.10290915e-01 -1.23031169e-01]
 [ 7.89501071e-02 -5.53707294e-02 -3.83552611e-01 -4.77633864e-01  2.45380133e-01  3.60245645e-01 -6.38764203e-02 -2.71721296e-02  3.55159380e-02  6.45940565e-03  1.13640480e-01  4.93199944e-01 -8.03860351e-02  4.26420659e-01 -7.93215819e-04]
 [-4.02531326e-01  6.74998611e-02  1.18653923e-01 -7.41935372e-02 -4.00632918e-02  2.93592691e-01  1.76719144e-01 -1.61192879e-01  4.31715921e-02 -2.20133737e-02 -1.20058924e-01 -9.56130028e-02 -1.44199422e-02  2.21656561e-02 -6.36637211e-04]
 [ 1.13121876e-02 -5.33970714e-01  9.67875719e-02  1.46753252e-01 -1.35460228e-01 -1.01550464e-02 -9.20945499e-03 -1.97016168e-02  6.62918240e-02 -2.83810169e-01  3.70198071e-01  1.34242609e-01  2.26536728e-02  1.72423214e-01 -8.16625506e-02]
 [ 1.77923352e-01 -4.03432101e-02  1.42923221e-01 -2.08182409e-02 -2.42809504e-02  8.38419497e-02 -1.02209665e-01 -2.68385559e-01  1.14702955e-01 -8.60865694e-03  1.46234095e-01 -1.03282314e-02 -2.99640238e-01  1.56613827e-01  1.41406253e-01]
 [-1.67784184e-01 -9.50551629e-02  1.92447975e-01  7.41367647e-03 -2.80141413e-01  3.87375951e-02  1.40143156e-01 -4.58694547e-02 -2.13328212e-01 -3.93241271e-03  5.08928299e-02  1.74244985e-01  1.92818232e-02  1.58749864e-01  1.74289331e-01]
 [ 1.75497472e-01 -4.58312407e-02 -6.06823899e-02  3.62187345e-03  9.04844142e-03 -4.20304120e-01 -7.09582958e-03  8.52802396e-03 -2.31152281e-01 -7.79419243e-02  6.80519342e-02  8.25851411e-02 -1.71144426e-01  1.55873895e-01  3.75313640e-01]
 [ 2.84850776e-01 -4.16086391e-02 -2.43886366e-01  6.34355098e-03  9.08867642e-02 -3.24946314e-01  1.25009984e-01  2.74304533e-03 -6.03916263e-03  5.98607659e-02  2.09438503e-01  1.76497310e-01 -3.28913778e-01  2.59186059e-01  1.51665762e-01]
 [-3.64875883e-01 -6.07229173e-02 -1.24377757e-02  3.36338401e-01 -3.34784761e-02 -1.08555257e-02  4.96057838e-01 -1.77749693e-01  9.64253768e-03  2.55145669e-01 -1.63058922e-01  3.83328646e-03 -2.95213699e-01  2.19517186e-01  1.60472333e-01]
 [ 7.92371854e-02 -1.69808164e-01  2.86193043e-01  4.10729647e-01  1.13777399e-01 -2.59146094e-03  3.65282327e-01 -4.38102614e-03 -9.71736312e-02  2.15831548e-01  3.82914454e-01  3.11079770e-01 -1.36395872e-01  9.05858040e-01  6.15302473e-04]
 [-1.88304245e-01  3.36847012e-03  2.17375249e-01 -5.79450727e-02  1.70302540e-02  2.38182135e-02  3.04464489e-01 -2.19992116e-01  2.60869503e-01 -1.19629502e-02  4.41830218e-01 -8.27767327e-03  5.77040315e-01  1.42454609e-01  5.07538840e-02]
 [ 4.08157147e-02 -2.39128828e-01 -4.08643968e-02  1.34515375e-01 -3.64496350e-01  4.32121575e-01  1.57672450e-01 -2.52300918e-01  3.47179063e-02 -1.64966047e-01  3.75998974e-01  6.68024272e-03  6.98127598e-02  2.24752411e-01 -2.07093015e-01]
 [-9.60598793e-03  2.37299353e-02  6.91777989e-02 -7.59702234e-05 -1.02338612e-01  3.84986907e-01 -1.15680814e-01 -5.14479578e-01 -2.22737193e-01 -4.40342762e-02  8.17997158e-02  9.87553038e-03 -3.95609625e-02 -8.67696188e-04 -1.73674434e-01]
 [ 1.08382151e-01 -1.28661439e-01  2.92549789e-01  1.10492790e+00  3.14349905e-02 -3.99838053e-02 -2.10708737e-01  6.94215298e-02 -1.19471669e-01 -8.95270705e-02  2.63593256e-01 -7.54505694e-02 -3.98294032e-02  2.66819596e-01 -6.59836888e-01]]
hid2:
[[ 0.00793713 -0.00414049  0.03069673 -0.08002761 -0.10224909  0.0840997   0.06093255 -0.08063033  0.11800053  0.08592443  0.02019166 -0.04016512  0.01785891  0.08845733  0.06964319]
 [ 0.04594885 -0.05622137  0.11435029  0.08833154 -0.03309012  0.07274967 -0.01605775 -0.06771544  0.10733821  0.04654416  0.18885581  0.28727067  0.09801286  0.2699763   0.17252871]
 [ 0.09423892 -0.02828732 -0.07407014 -0.12980607 -0.1288021   0.07438419 -0.02429515  0.014684    0.03373612  0.01981787  0.03273896  0.01711616 -0.0893914   0.16433628  0.07705098]
 [-0.01357859 -0.04146171  0.10847671  0.04772054 -0.02367151  0.09198998  0.03657538 -0.17248029  0.07272585  0.01893824  0.12809478 -0.01877725  0.05789431  0.06493166 -0.09988675]
 [ 0.05013411 -0.06075708  0.0916428   0.09889521 -0.06167823  0.05918273  0.01245737 -0.03850147  0.03784268 -0.04810029  0.16970226  0.1335874   0.01771662  0.154419    0.00650681]
 [ 0.0082601  -0.07208535  0.14589688  0.11620194 -0.01993134  0.08502728  0.04059875 -0.13843812  0.04668912 -0.08832332  0.16784203 -0.00037681  0.05181685  0.05440404 -0.1403754 ]
 [ 0.03158256 -0.03988034  0.03718141 -0.02850367 -0.07444255  0.07540119  0.01649775 -0.03720255  0.08098529  0.02254113  0.07036269  0.07669154  0.02763105  0.14698863  0.11658959]
 [ 0.04723867 -0.03375798 -0.01072893 -0.05461457 -0.08431396  0.08476304  0.00991027 -0.01450592  0.06330738  0.00672788  0.04434242  0.08485163  0.0063677   0.16085893  0.1504196 ]
 [ 0.0582941  -0.03815611 -0.02906123 -0.10049612 -0.09850374  0.07778066 -0.00829491  0.01233435  0.0511797   0.00824644  0.02571899  0.05118265 -0.02769971  0.15515581  0.14682199]
 [-0.22002986  0.02699845  0.06488489 -0.02888331  0.00243069  0.07206422  0.11096081 -0.08641906  0.01137523  0.16682208 -0.08893062 -0.06651683  0.11800184 -0.07171753  0.18651646]
 [-0.00127341 -0.02521836  0.08789249 -0.02341133 -0.05936356  0.08033457  0.00790353 -0.13697168  0.09982007  0.12727445  0.11009456  0.03699709  0.02380685  0.1447052  -0.01237434]
 [ 0.00290891  0.04450211 -0.06971195  0.01238611 -0.10771277  0.0687185   0.11542359 -0.0619173   0.04553921  0.04522033  0.01964107 -0.03180657  0.02724491  0.02038069  0.06666537]
 [ 0.00680178 -0.07932667  0.14277203  0.13916746 -0.01978644  0.07776078  0.05556026 -0.11827592  0.01990798 -0.14672482  0.16381936 -0.03869661  0.04532115  0.00625258 -0.17239927]
 [-0.01061618 -0.06918009  0.14164996  0.11456765 -0.01562207  0.08420421  0.05486026 -0.13697702  0.03368972 -0.10094689  0.14664936 -0.04045872  0.05440069  0.01315163 -0.1506279 ]
 [ 0.00669207 -0.08009046  0.13974592  0.16557533 -0.02030782  0.06860323  0.05600062 -0.08002576  0.00431188 -0.16017552  0.16826732  0.01760019  0.05124639  0.02428656 -0.11576772]]
topics:
[[ 1.49800219e-02 -1.43336663e-02 -1.21264763e-01  3.50283012e-02 -4.22841422e-02 -2.13763341e-01 -1.01733739e-02  1.70531645e-02  5.23400493e-02  2.16430202e-01  2.29525626e-01 -1.08844019e-01  1.89130768e-01 -1.75799623e-01  3.15325931e-02]
 [ 9.59349215e-01  1.29937994e+00 -6.54479206e-01  1.39541626e-01 -2.52587616e-01  1.40114486e-01 -1.17996484e-01 -4.37117457e-01 -5.27634501e-01  2.88688868e-01  6.91184700e-01 -4.20513600e-01  2.28076890e-01 -4.44965661e-01  4.61356848e-01]
 [ 7.11137503e-02 -6.41899854e-02  1.52866364e-01  1.55384928e-01 -2.35300008e-02  6.74496815e-02 -3.57880108e-02 -1.00115567e-01  1.21443719e-01  6.24627694e-02  2.74417967e-01  3.74482840e-01  1.10581748e-01  3.33404422e-01  1.30298987e-01]
 [ 1.19694941e-01 -3.58907767e-02  8.13718885e-03 -1.20288678e-01 -2.27698416e-01  8.83893110e-03 -4.79440391e-02  1.00688927e-01 -1.81672629e-03  9.83815193e-02  1.00877106e-01 -7.65620032e-03 -2.68246412e-01  2.03152299e-01 -1.10380642e-01]
 [ 3.63475792e-02 -1.35896802e-01  1.36964321e-01  2.80620724e-01 -3.19761075e-02  4.16407399e-02  1.24704786e-01  2.62319786e-03 -1.33837432e-01 -5.15537322e-01  1.72221959e-01 -2.39056766e-01 -2.36983281e-02 -2.32562438e-01 -3.99471849e-01]
 [ 5.74390739e-02  1.13657035e-01 -4.62046951e-01 -8.59356821e-02  1.92004610e-02  1.96362451e-01 -3.36773060e-02 -2.98662782e-01 -1.23996004e-01  8.97588730e-02  4.87046689e-03  2.11074669e-02  3.13884253e-03  1.09157912e-01 -2.57134158e-02]
 [-3.23149674e-02  1.22161341e+00  3.17603052e-01  2.08069825e+00 -2.44544506e+00  3.14480901e-01  4.52045441e+00 -9.49284136e-01  3.87082124e+00  9.49711859e-01 -6.49754465e-01 -1.69424638e-02  9.12787795e-01  1.13894932e-01 -1.37203038e-01]
 [-6.71223924e-02 -1.56244989e-02  1.81967497e-01 -8.83860812e-02  1.23171210e-02  1.72615230e-01 -1.36637327e-03 -3.73954594e-01  2.10922405e-01  2.65999407e-01  1.00286163e-01 -9.15751047e-03  1.02224782e-01  1.87986404e-01 -9.29358006e-02]
 [ 4.54724491e-01 -2.17305228e-01 -2.46396586e-01 -6.79131985e-01 -2.36618608e-01  1.97187141e-01 -1.48761496e-01  2.49516174e-01  2.43596643e-01 -4.95447397e-01 -2.34488830e-01 -2.35321864e-01 -1.70192093e-01  2.56875873e-01  4.11380678e-01]
 [-4.09941226e-01  8.59451890e-02  1.29327793e-02 -5.47121689e-02  1.74889918e-02  5.47095798e-02  2.03374445e-01  3.78504321e-02 -1.04755484e-01  2.08126843e-01 -3.01333547e-01 -1.32456183e-01  1.38773337e-01 -2.40957931e-01  4.15618539e-01]]
R:
[[6.78814724e-02 1.15348976e-02 9.58279446e-02 1.89704046e-01 4.43809107e-02 1.15348976e-02 1.18983537e-02 2.85073906e-01 1.14780858e-01 1.67382658e-01]
 [4.07683663e-03 4.93949221e-04 8.38573337e-01 4.93949221e-04 4.93949221e-04 1.83318951e-03 5.88839932e-04 4.93949221e-04 5.59186451e-02 9.70333144e-02]
 [2.42412034e-02 1.55237981e-03 1.81583852e-01 3.95259500e-01 2.62759626e-03 1.47772208e-01 1.55237981e-03 1.55237981e-03 1.43062755e-01 1.00795776e-01]
 [5.25487065e-02 1.68157055e-03 1.53594017e-01 4.64117788e-02 2.47588098e-01 3.52249369e-02 1.68157055e-03 4.10687596e-01 5.64009789e-03 4.49416041e-02]
 [1.29244546e-03 6.07791881e-04 5.23830473e-01 1.57126740e-01 1.98979557e-01 2.68198568e-02 1.24681368e-03 3.38780298e-03 2.37235818e-02 6.29848614e-02]
 [1.54407667e-02 2.65931769e-04 2.59827554e-01 1.79802496e-02 3.78409594e-01 2.65931769e-04 2.65931769e-04 3.10242712e-01 1.50348910e-03 1.57978237e-02]
 [3.73092182e-02 1.45555125e-03 3.81586194e-01 1.31081283e-01 5.46943061e-02 3.32826078e-02 3.79492552e-03 8.86646956e-02 1.14372298e-01 1.53758869e-01]
 [7.31366081e-03 1.01975945e-03 3.94704282e-01 1.57397404e-01 2.72312034e-02 9.42652747e-02 3.82913253e-03 1.01975945e-03 1.40437767e-01 1.72781765e-01]
 [1.99912582e-02 4.11696092e-04 3.10655206e-01 2.37867787e-01 9.13608354e-03 8.71341750e-02 1.07310235e-03 4.11696092e-04 1.60065085e-01 1.73253953e-01]
 [6.15638308e-02 5.66719973e-04 7.46854022e-02 5.66719973e-04 5.54348528e-02 5.66719973e-04 5.66719973e-04 2.71526009e-01 9.76631790e-03 5.24756789e-01]
 [5.99503182e-02 1.91117893e-03 2.00829431e-01 2.06570685e-01 5.18230312e-02 1.62358712e-02 1.91117893e-03 3.70770097e-01 1.85208414e-02 7.14773461e-02]
 [7.98256397e-02 1.98296756e-02 1.36384681e-01 1.66525885e-01 1.12694733e-01 1.80251092e-01 1.98296756e-02 1.98296756e-02 5.68368770e-02 2.07992107e-01]
 [1.89028140e-02 3.26367357e-04 2.16110289e-01 6.39815535e-03 4.66249436e-01 3.26367357e-04 3.26367357e-04 2.66206086e-01 1.49900722e-03 2.36551128e-02]
 [2.24606600e-02 3.63795523e-04 1.88338846e-01 2.16807052e-03 4.13973570e-01 5.47746080e-04 3.63795523e-04 3.24221641e-01 1.43275282e-03 4.61291783e-02]
 [3.46276734e-04 3.97483491e-05 3.58793825e-01 3.97483491e-05 4.46166873e-01 1.93571075e-04 3.97483491e-05 1.27982512e-01 8.22905393e-04 6.55747727e-02]]
distance_matrix:
[[ 6.1404204 12.133584   6.8876514  7.724394   9.191465   9.38698    7.0777416  7.3354177  7.02897    7.8641696  6.653879   6.7159386 10.46139    9.640383  10.727613 ]
 [ 9.941685   8.461689   9.995249   9.264806   6.6759315  8.282101   7.6669583  8.143919   8.733962  12.026184   9.332605   9.7973     8.889744   8.968597   7.719779 ]
 [10.471103  13.016847   7.8870845 13.002837  10.7772455 14.04928    9.410019   8.7377825  8.381485  13.610313  10.975312   9.559703  15.199383  14.756004  14.361991 ]
 [ 7.1935244 11.858053   9.136145   5.495619   7.631111   5.705574   7.686633   8.649761   8.873962   8.477959   6.5503025  7.4769754  6.094554   5.7613597  6.5522623]
 [11.310997  10.299223  10.112904  11.550732   8.435222  11.167333   9.062854   9.1033     9.433367  12.712898  10.684655  10.451294  11.981053  11.897462  10.630701 ]
 [ 7.148254  10.60795    8.983254   4.99771    6.5447636  4.863479   7.2385197  8.349779   8.655121   8.74766    5.9915285  7.6628237  5.2865367  5.0558343  5.5902348]
 [ 7.890576   8.594416   7.8696923  9.206004   7.6082125  9.810244   6.634028   6.8163733  7.020392   9.830313   7.875515   8.241246  11.022063  10.5286    10.165984 ]
 [10.511831   8.989714   9.217339  12.16932    8.400742  12.033731   7.93107    7.6582155  8.037999  12.492739  10.963985   9.562803  12.998404  12.854611  11.360699 ]
 [ 7.2359915  9.590675   5.344121  10.304327   7.9539957 11.295522   6.165333   5.693708   5.343701  10.62872    8.188974   7.0171404 12.474003  12.01982   11.578802 ]
 [11.8099785 18.415049  14.055008  13.167574  15.090128  14.932089  13.265584  14.014909  13.768396   9.883715  11.992078  12.393865  15.909097  14.904815  16.053585 ]
 [11.804091  15.212121  12.799147  12.30991   12.939082  13.555462  12.116073  12.870128  12.821185  14.118595  10.870937  13.111073  14.909864  14.163158  14.970912 ]
 [11.7523155 18.59654   13.304174  10.993924  13.759713  11.858698  13.000761  13.707189  13.590425  12.826891  11.601136  11.860699  12.293739  11.774121  13.00357  ]
 [14.026567  16.930798  15.840534  10.5862055 11.932597   9.387625  13.678796  14.92125   15.405947  16.684643  12.854043  14.196535   9.272337   9.487715   9.607481 ]
 [ 9.941347  14.767413  12.554001   6.910286   9.3803625  6.186156  10.390561  11.691526  12.043733  10.9646635  9.228126  10.190711   6.010332   6.0067177  6.589057 ]
 [19.516926  19.995705  20.883041  15.0084095 15.144975  13.104395  18.049824  19.190685  20.076204  20.709267  17.810226  18.371138  12.763812  13.22628   12.515426 ]]
