hid1:
[[0.11022063 0.5450351  0.26391348 0.         0.         0.1166034  0.01545177 0.         0.         0.         0.24367611 0.04927041 0.27508745 0.         0.20273003 0.6694668 ]
 [0.1941471  0.6191863  0.24724403 0.28090262 0.3125288  0.33137387 0.16721296 0.         0.         0.         0.16544081 0.         0.34879488 0.         0.07422487 0.3823134 ]
 [0.         0.53758764 0.3270201  0.19367063 0.28756556 0.38990977 0.1787569  0.3842104  0.3135155  0.12996882 0.23799868 0.02081594 0.2850827  0.3253725  0.10403372 0.29253057]
 [0.         0.5955961  0.22242877 0.2777392  0.         0.2879602  0.19762167 0.2089108  0.21436885 0.         0.13096961 0.         0.20836475 0.2107131  0.21364297 0.        ]
 [0.00399771 0.5776401  0.24614787 0.20719704 0.17644043 0.16765492 0.09533701 0.15303117 0.         0.         0.09283717 0.         0.08760123 0.03017503 0.06293935 0.2817565 ]
 [0.         0.         0.13724096 0.         0.         0.         0.         0.1212104  0.         0.         0.         0.         0.         0.         0.15406668 0.        ]
 [0.10008322 0.         0.16742155 0.         0.09097199 0.42158663 0.22012962 0.3104627  0.46023732 0.1571819  0.09691735 0.         0.19904518 0.21421954 0.02680047 0.        ]
 [0.08976768 0.5794722  0.30096906 0.22627705 0.         0.15725243 0.03321638 0.04641363 0.         0.         0.2743818  0.15267137 0.23882696 0.12608992 0.12163117 0.73711604]
 [0.04853099 0.4600978  0.         0.4222999  0.603021   0.4296727  0.         0.44989443 0.         0.22141139 0.21205315 0.         0.         0.59356904 0.         0.        ]
 [0.         0.8262211  0.10230369 0.         0.8947278  0.73077995 0.63355    0.49566433 0.78142095 0.5123292  0.13120016 0.         0.05592946 1.0902952  0.15073304 0.        ]
 [0.48814994 0.28863862 0.23010577 0.8376274  0.65080005 0.555567   0.34102407 0.         0.39774323 0.28707173 0.32782075 0.11724445 0.31797558 0.35531127 0.15743007 0.18175676]
 [0.         0.5372382  0.1029304  0.3355633  0.         0.         0.04521707 0.12761943 0.08152848 0.         0.         0.         0.15637884 0.         0.03266938 0.        ]
 [0.43882346 0.867282   0.         0.         0.56252825 0.         0.         0.         0.45583427 0.         0.         0.14857043 0.2872739  0.         0.         0.51975006]
 [0.23031694 0.5018477  0.         0.7331664  0.7418207  0.57998735 0.         0.31794208 0.         0.34557948 0.27353835 0.08358433 0.         0.58591765 0.         0.        ]
 [0.         0.6012547  0.3394392  0.         0.         0.17632863 0.03545446 0.         0.         0.         0.21335644 0.01747696 0.13393895 0.         0.22548334 0.6826252 ]
 [0.3071743  0.5350098  0.1750831  0.36708155 0.38404024 0.33240786 0.1009379  0.         0.01044238 0.09115113 0.25038174 0.078127   0.3182451  0.         0.06575954 0.29253125]]
hid2:
[[ 0.02587848  0.44688585  0.19058548  0.082923    0.16439533  0.2479216   0.10957772  0.2234799   0.14875     0.03037511  0.13651004 -0.05111105  0.15296195  0.18490566  0.0873436   0.1577841 ]
 [ 0.02998745  0.44389287  0.17108943  0.08474557  0.16175166  0.22846274  0.09527806  0.19684419  0.13207489  0.0256097   0.1226279  -0.05710549  0.15892525  0.16282402  0.07470585  0.13943657]
 [ 0.01798159  0.4529836   0.19122848  0.08435923  0.18214084  0.25543308  0.12312856  0.2458815   0.15597904  0.03810396  0.13116977 -0.05158456  0.14068106  0.2031426   0.10018793  0.14281501]
 [ 0.06594854  0.44947112  0.2740811   0.12278124  0.1990621   0.20608361  0.10055326  0.2908161   0.14944784  0.01389515  0.12438434 -0.06207759  0.22996312  0.19193311  0.14101365  0.09989262]
 [ 0.04675559  0.43636423  0.20630519  0.09586905  0.14444174  0.23878627  0.09153392  0.19107334  0.14475746  0.01685463  0.15528189 -0.04623971  0.19394256  0.15328598  0.06922308  0.18844509]
 [ 0.06098095  0.42672434  0.20200638  0.08977547  0.11586004  0.2166253   0.06390098  0.1578343   0.12621512  0.00335583  0.15451418 -0.05009422  0.21257558  0.12316746  0.05268066  0.19804952]
 [ 0.00295152  0.45882756  0.15969893  0.08267295  0.20121643  0.2581811   0.13310826  0.24210516  0.15285628  0.04887881  0.11464528 -0.05478578  0.11536165  0.20871918  0.09745957  0.1162882 ]
 [-0.03766172  0.48224577  0.15189816  0.10694678  0.27352867  0.31116107  0.20208757  0.29290962  0.19297339  0.0785944   0.11119086 -0.04524586  0.06706944  0.2642137   0.11707025  0.08928582]
 [ 0.05570485  0.43162444  0.20888753  0.08946788  0.12813553  0.22336748  0.07484131  0.18210949  0.13361232  0.00882953  0.15203415 -0.05028919  0.2036072   0.14128946  0.06675056  0.18863396]
 [ 0.06645261  0.423394    0.1992167   0.09315479  0.11029217  0.21025008  0.05621905  0.14179239  0.12109139 -0.0007008   0.15579294 -0.05017001  0.22302727  0.10958362  0.04402225  0.20161167]
 [-0.03095399  0.4734453   0.15694138  0.03916455  0.19808148  0.26645198  0.1506205   0.30782822  0.15371917  0.05597257  0.08314265 -0.06722338  0.03781781  0.26604763  0.13269286  0.08192138]
 [-0.02168919  0.47169262  0.14224912  0.08904363  0.23976684  0.2825568   0.16693954  0.26619047  0.16879249  0.06751084  0.10548981 -0.05246965  0.08058002  0.2382859   0.10729235  0.09276189]
 [ 0.01235645  0.45628795  0.17342441  0.07005471  0.19095957  0.2519928   0.12298399  0.26249072  0.15144302  0.04921481  0.11801276 -0.05667147  0.12157852  0.21828236  0.11364329  0.12008338]
 [ 0.04523941  0.43815017  0.19899443  0.08144845  0.14531806  0.22990645  0.08631996  0.20815222  0.13789676  0.02143992  0.1423761  -0.05260955  0.18131433  0.16476187  0.08315013  0.16831091]
 [-0.05589103  0.4911043   0.15049207  0.10481313  0.29052487  0.33090255  0.22559574  0.3184581   0.20627476  0.08817845  0.1079144  -0.04341831  0.03838745  0.29094458  0.12767006  0.08212461]
 [ 0.03218925  0.44310173  0.18326217  0.08958536  0.16099428  0.23898497  0.10058412  0.20028792  0.1414464   0.02602951  0.1361019  -0.05154143  0.1663365   0.16586268  0.07485966  0.15806246]]
topics:
[[ 0.19808541  0.5762164  -0.575091   -0.980421   -0.5636942  -0.4106092   0.08023701  0.6326008  -0.29604825  0.42376316 -0.01645725 -0.49701643 -0.03807493  0.1611802   0.58165294  0.21563299]
 [ 1.5475299   0.32104474 -0.1571631   0.11179635  0.2955261  -0.37843794  0.11578579 -0.30935255 -0.914955    0.56540763 -0.6398365  -0.08008521  0.45577127 -0.43395343  0.52587265  0.43360415]
 [ 0.4670764   0.24837641  0.37297747  0.4432586  -0.03207254  0.04424699 -0.22425084 -0.45888922  0.06662793 -0.15465988  0.4767302   0.04796359  1.0472679  -0.4742074  -0.2644328   0.60904855]
 [-0.30930427  0.47302327 -0.49314088 -0.0146628   0.14827874  0.5167339   0.26960358 -0.33682534  0.13691007  0.15481886  0.10704824  0.00914835 -0.37714753  0.06868272 -0.34895048  0.31907994]
 [-0.05311666  0.6155091   0.6703529   0.5052068   0.8299529   0.56815904  0.6287256   0.9289652   0.5568298   0.1699675   0.22771272  0.03810307  0.2574721   0.64535713  0.46843427 -0.06210578]
 [-0.1545062   0.20382893  0.21127342  0.8215222   1.0283241  -0.16071336 -1.3334357  -0.16504087 -0.98355687  0.14155214 -0.99131286 -0.0907319  -0.2945872   0.17739141 -0.99073565 -1.1203843 ]
 [-0.51608735  0.57552165  0.45474184  0.20871529 -0.40954772 -0.05850922  0.21110687 -0.40025678 -0.1881605  -0.8035888  -0.5545571  -0.30375743 -0.51569706 -0.3020935  -0.57141113 -0.22344676]
 [-0.16221824  0.4842154   0.40437087 -0.5452253  -0.2592375   0.48802346  0.1535756   0.9040723   0.26321727  0.08979626  0.2121705  -0.06202826 -0.46519673  0.7922409   0.44647285  0.50124055]
 [-0.23997526  0.32838964  0.3333775   0.11456158 -0.5261146  -0.6938379   0.05416603  0.6075405   0.71944994 -1.15895     0.56151706 -0.06787333  0.1900058   0.20190978  0.2026799   0.52297616]
 [ 0.02374039  0.32537743 -0.64107686 -0.75430167  0.24496932  0.62054056 -0.5693163  -0.2475641   0.5264725   0.5702472   0.70663804 -0.20974217  1.4089444  -0.11938822  0.63565755 -1.1874626 ]]
R:
[[0.04501041 0.04501041 0.17203791 0.15984444 0.22765155 0.04501041 0.05618824 0.15922576 0.04501041 0.04501041]
 [0.04999684 0.04999684 0.16742297 0.16329385 0.21766222 0.04999684 0.06265907 0.13897763 0.04999684 0.04999684]
 [0.04599273 0.04599273 0.15262803 0.16187088 0.24542661 0.04599273 0.05469308 0.15541774 0.04599273 0.04599273]
 [0.05443943 0.05443943 0.17714621 0.05443943 0.2846184  0.05443943 0.07165959 0.13993925 0.05443943 0.05443943]
 [0.04129959 0.04129959 0.2180175  0.14738229 0.21041323 0.04129959 0.05590047 0.16178852 0.04129959 0.04129959]
 [0.04317975 0.04317975 0.24007311 0.13709396 0.18117088 0.04317975 0.06179796 0.16396537 0.04317975 0.04317975]
 [0.04977001 0.04977001 0.12035339 0.18852198 0.25352025 0.04977001 0.05452307 0.13423122 0.04977001 0.04977001]
 [0.04483347 0.04483347 0.06652298 0.23416138 0.3207709  0.04483347 0.04483347 0.10954401 0.04483347 0.04483347]
 [0.04350703 0.04350703 0.22634193 0.13320515 0.19604942 0.04350703 0.06051453 0.16635378 0.04350703 0.04350703]
 [0.04339452 0.04339452 0.24996126 0.13706371 0.17382294 0.04339452 0.06299378 0.15918566 0.04339452 0.04339452]
 [0.05426168 0.05426168 0.05426168 0.18242921 0.26087964 0.05426168 0.0653521  0.16576894 0.05426168 0.05426168]
 [0.04958327 0.04958327 0.08069539 0.21910487 0.28536525 0.04958327 0.04958327 0.11733487 0.04958327 0.04958327]
 [0.05132281 0.05132281 0.12381673 0.16654748 0.2486302  0.05132281 0.05132281 0.15306868 0.05132281 0.05132281]
 [0.04644355 0.04644355 0.19645002 0.13993034 0.21022314 0.04644355 0.05664575 0.16453294 0.04644355 0.04644355]
 [0.04297704 0.04297704 0.04297704 0.24773857 0.3389757  0.04297704 0.04297704 0.1124464  0.04297704 0.04297704]
 [0.0458864  0.0458864  0.18199643 0.16275835 0.22017863 0.0458864  0.05796021 0.14767441 0.0458864  0.0458864 ]]
distance_matrix:
[[ 8.932312   9.161915   9.376726   9.894392   8.11882    7.9055243 10.263034  12.310819   8.07164    7.820531  12.094154  11.599407  10.108004   8.53096   13.228673   8.783506 ]
 [ 6.296633   6.361126   6.548832   7.660421   5.847317   5.925926   6.9145145  7.971404   6.025113   5.8722258  8.741163   7.617282   7.091805   6.242014   8.65189    6.1056695]
 [ 5.9432583  6.3446007  5.924059   7.110044   5.9463716  6.473095   6.2303123  6.476733   6.298669   6.620755   7.230743   6.5107603  6.252194   6.17391    6.7694855  6.0362134]
 [ 3.3748035  3.5188894  3.352974   4.2323937  3.5374436  3.9035406  3.5113115  4.099305   3.7455645  4.031953   4.129227   3.8665934  3.512817   3.5571156  4.4712276  3.423306 ]
 [ 6.8046875  7.0700493  7.0696754  8.289473   6.433825   6.487074   7.634096   9.002592   6.530221   6.509553   8.845839   8.513411   7.5601687  6.7070465  9.624954   6.7737317]
 [ 8.034908   8.06382    8.195444   8.48027    7.9425774  7.9284296  8.619205  10.246548   7.884061   7.9781537  9.268335   9.528208   8.403105   7.8783236 10.9229145  8.017742 ]
 [ 5.069811   5.048292   4.8100224  5.7950854  5.7173867  6.352227   4.4974775  4.319873   6.057912   6.5536995  4.7088675  4.312523   4.6486773  5.535671   4.4678     5.146258 ]
 [13.726103  14.335392  14.363205  15.255989  12.505852  12.176235  15.758383  18.314991  12.4184675 12.085542  17.825949  17.518925  15.386528  13.131908  19.315598  13.661301 ]
 [17.758621  18.069454  17.37478   20.139275  18.891394  19.809082  16.885168  16.209309  19.388912  20.191168  16.08026   16.330349  16.900854  18.529354  15.961632  18.114576 ]
 [35.25724   35.539284  33.911156  36.663727  37.858185  40.218227  32.114     27.599758  39.155815  40.9445    30.404638  29.363258  32.80825   37.269043  26.264769  35.85198  ]
 [11.624367  11.93461   11.385426  12.976978  11.993593  12.870956  11.23551   10.388101  12.58949   13.073535  12.161091  10.867635  11.576679  12.229404  10.397444  11.714483 ]
 [ 7.462229   7.5638685  7.7260256  9.30175    7.3119683  7.257037   8.103143   9.712615   7.318712   7.2884083  8.836674   8.979105   7.990255   7.374959  10.338512   7.4352145]
 [10.335668  10.223077  10.317291  11.48731   10.517466  10.854346  10.186113  10.569227  10.776614  10.910831  11.186697  10.35756   10.435303  10.581754  10.985749  10.23028  ]
 [23.359089  23.64418   22.712523  25.700949  24.765417  26.179506  21.77898   19.581142  25.627506  26.609829  21.296227  20.425877  22.245579  24.58009   18.998188  23.685501 ]
 [12.081499  12.646751  12.67779   13.431337  10.948467  10.64295   14.011726  16.504791  10.856137  10.565211  15.946457  15.716762  13.645876  11.517843  17.480991  12.024145 ]
 [ 6.399538   6.5565777  6.5914974  7.520675   6.022309   6.191887   6.9964256  7.9494257  6.219531   6.184146   8.667963   7.6580286  7.083569   6.3631477  8.573004   6.2788186]]
