hid1:
[[-0.9748949  -0.9524394  -0.9614774  -1.0523748  -1.0362164  -1.0071639  -1.0662235  -0.9231864  -1.0074441  -1.0606571  -1.0014092  -1.0061805  -0.99954975 -1.4577388  -0.9878539  -0.9933634 ]
 [-1.2869725  -1.4577388  -1.3683718  -1.3963548  -1.3426069  -1.3467649  -1.3875313  -1.2458059  -1.3254557  -1.4025781  -1.3087925  -1.3399187  -1.4577388  -1.3658882  -1.3076675  -1.3406615 ]
 [-0.9636111  -1.4577388  -1.4577388  -1.0765216  -1.1043286  -1.0010203  -1.083015   -0.9945855  -1.0296966  -1.4577388  -1.4577388  -0.96984506 -1.0052215  -1.0575597  -1.0300889  -1.0438014 ]
 [-1.285714   -1.3169068  -1.3147485  -1.3208802  -1.3899482  -1.3333917  -1.3686715  -1.1283696  -1.2875143  -1.4577388  -1.4577388  -1.4090184  -1.3379012  -1.3673165  -1.201604   -1.2918854 ]
 [-1.2831     -1.2842752  -1.3044072  -1.2546121  -1.31128    -1.3320326  -1.349375   -1.3043301  -1.258985   -1.343818   -1.2541437  -1.2771157  -1.3350558  -1.321088   -1.2298086  -1.4577388 ]
 [-1.0504519  -1.4577388  -1.1430907  -1.2166667  -1.3382388  -1.3487698  -1.2816224  -0.910051   -1.1995384  -1.3122089  -1.3126281  -1.3521142  -1.4577388  -1.3082908  -1.1968094  -1.2180904 ]
 [-1.4577388  -1.4577388  -1.273258   -1.3467801  -1.3311356  -1.319211   -1.3123434  -1.2079829  -1.2459279  -1.3460634  -1.273039   -1.2636993  -1.2996192  -1.3155954  -1.2634978  -1.2915715 ]
 [-1.4577388  -1.2594407  -1.2632471  -1.2909341  -1.4577388  -1.2876148  -1.2913629  -1.1463735  -1.2516817  -1.2916675  -1.4577388  -1.30145    -1.2861472  -1.2487165  -1.2390732  -1.4577388 ]
 [-1.2072016  -1.4577388  -1.1410768  -1.2611909  -1.2844114  -1.4577388  -1.2628998  -1.2140478  -1.2088518  -1.4577388  -1.2078288  -1.0294657  -1.250198   -1.1945117  -1.2100934  -1.2301908 ]
 [-1.2960061  -1.3221453  -1.2344377  -1.3407952  -1.3172929  -1.3001034  -1.3276819  -1.2783686  -1.2921767  -1.3731303  -1.2636007  -1.1630971  -1.3214658  -1.3283031  -1.291315   -1.3167888 ]
 [-1.189991   -1.2210239  -1.2076865  -1.2629874  -1.2796409  -1.2584056  -1.2542117  -1.1374761  -1.2275189  -1.2828932  -1.2312498  -1.4577388  -1.2447991  -1.2468793  -1.2110635  -1.215734  ]
 [-1.2804935  -1.2923766  -1.3232669  -1.3246922  -1.2934698  -1.4577388  -1.3341517  -1.1841842  -1.2776706  -1.3547179  -1.2875817  -1.0668799  -1.2874591  -1.2914057  -1.4577388  -1.2759776 ]
 [-1.2750056  -1.2774142  -1.2628046  -1.3092728  -1.3033584  -1.2799426  -1.3123603  -1.2149018  -1.2774394  -1.3318712  -1.2753223  -1.234718   -1.2977996  -1.2942685  -1.2517295  -1.2695144 ]
 [-1.0988023  -1.0631316  -1.1819422  -1.1637585  -1.1716189  -1.0768001  -1.1622525  -1.0366215  -1.0977857  -1.4577388  -1.0872033  -0.9527259  -1.0694268  -1.1415572  -1.0489008  -1.4577388 ]
 [-1.245031   -1.3063537  -1.4577388  -1.4577388  -1.3861665  -1.4577388  -1.3327347  -1.2051634  -1.3091781  -1.3622795  -1.4577388  -1.4026451  -1.3112922  -1.319796   -1.2921259  -1.2817239 ]
 [-1.3223047  -1.3688173  -1.3250748  -1.3823767  -1.3538712  -1.3854183  -1.3702011  -1.2691491  -1.3403298  -1.3823168  -1.3546617  -1.4577388  -1.3633016  -1.3769284  -1.319427   -1.3480884 ]]
hid2:
[[-0.9474207  -0.8984028  -0.9389501  -1.0082213  -0.9958768  -0.9942208  -1.0234888  -0.9160702  -0.9760741  -1.0089327  -0.9768065  -1.0004959  -0.96108294 -0.9580298  -0.96726334 -0.95503014]
 [-1.3295069  -1.3634809  -1.3113948  -1.3664061  -1.357433   -1.3407131  -1.358767   -1.2750194  -1.3181026  -1.3851043  -1.3190833  -1.2673182  -1.3603501  -1.3566389  -1.2948899  -1.330952  ]
 [-0.8624352  -0.7879067  -0.8535223  -0.9292555  -0.91541386 -0.91884357 -0.94195116 -0.825155   -0.89523596 -0.9254744  -0.90161556 -0.93928516 -0.86989456 -0.8571276  -0.8890933  -0.8682222 ]
 [-1.3281469  -1.3618255  -1.3100692  -1.3651313  -1.3561461  -1.3394797  -1.3575737  -1.273742   -1.3168851  -1.3837653  -1.317865   -1.2663685  -1.358929   -1.3552201  -1.2937238  -1.329614  ]
 [-1.3228883  -1.3554246  -1.3049433  -1.3602016  -1.3511701  -1.3347111  -1.3529593  -1.2688016  -1.3121779  -1.3785882  -1.3131542  -1.2626963  -1.3534338  -1.3497341  -1.2892147  -1.3244402 ]
 [-1.3034033  -1.3317076  -1.2859503  -1.3419358  -1.3327322  -1.3170413  -1.3358614  -1.2504967  -1.2947357  -1.3594049  -1.2956995  -1.2490896  -1.3330729  -1.3294066  -1.2725072  -1.3052697 ]
 [-1.2077923  -1.215329   -1.1927518  -1.2523054  -1.2422583  -1.230337   -1.2519633  -1.1606753  -1.2091484  -1.2652738  -1.2100501  -1.1823213  -1.2331625  -1.2296609  -1.1905236  -1.2112013 ]
 [-1.280781   -1.3041718  -1.2638987  -1.3207284  -1.3113253  -1.2965266  -1.3160105  -1.2292444  -1.2744852  -1.3371328  -1.2754343  -1.2332916  -1.3094335  -1.305806   -1.2531092  -1.2830126 ]
 [-1.1327358  -1.1239698  -1.1195892  -1.1819441  -1.1712347  -1.1622727  -1.1861018  -1.0901637  -1.1419609  -1.1913792  -1.1428138  -1.1299073  -1.1547309  -1.1513587  -1.126165   -1.1373557 ]
 [-1.2796317  -1.3027726  -1.2627784  -1.3196509  -1.3102378  -1.2954842  -1.3150018  -1.2281646  -1.2734562  -1.3360013  -1.2744045  -1.2324889  -1.3082323  -1.304607   -1.2521237  -1.2818816 ]
 [-1.127731   -1.1178778  -1.1147106  -1.1772523  -1.1664989  -1.1577339  -1.18171    -1.0854621  -1.1374809  -1.1864519  -1.1383305  -1.1264122  -1.1495012  -1.1461376  -1.1218737  -1.1324314 ]
 [-1.2502466  -1.267005   -1.2341347  -1.2921041  -1.2824316  -1.2688366  -1.2892166  -1.2005588  -1.2471519  -1.3070711  -1.2480811  -1.2119687  -1.277526   -1.2739512  -1.226927   -1.2529706 ]
 [-0.866707   -0.79870534 -0.8597404  -0.93270147 -0.9194909  -0.92137444 -0.951229   -0.8379629  -0.9028415  -0.92951214 -0.9046959  -0.94374746 -0.87624943 -0.8713045  -0.8969628  -0.8749609 ]
 [-1.1734098  -1.1734786  -1.1592368  -1.2200738  -1.2097232  -1.1991576  -1.2217929  -1.1283747  -1.1783706  -1.2314236  -1.17925    -1.158311   -1.197234   -1.1937916  -1.1610417  -1.1773735 ]
 [-1.318533   -1.3501235  -1.300698   -1.3561189  -1.3470489  -1.3307617  -1.3491377  -1.2647102  -1.3082792  -1.3743004  -1.3092529  -1.259655   -1.3488829  -1.3451904  -1.2854804  -1.3201555 ]
 [-1.3293517  -1.3632922  -1.3112437  -1.3662608  -1.3572862  -1.3405726  -1.3586309  -1.2748737  -1.3179638  -1.3849517  -1.3189443  -1.26721    -1.3601881  -1.356477   -1.294757   -1.3307996 ]]
topics:
[[ 0.21436267  0.40749168  0.31019053 -0.21677831 -0.5832644   0.17198655  0.09045402  0.7151094   0.38878807  0.5135222   0.5288786  -0.4934868   0.18291458  0.8193191   0.45076293  0.85105264]
 [ 1.6458116   0.23017198 -0.30771133  0.1294357   0.7361687   0.913716    0.05545375 -0.41537604 -0.8918524   0.47068697 -0.01390849 -0.02542672 -0.10456464 -0.67186373  0.7576643   0.43192557]
 [ 0.20478255  0.20186013  0.06934984 -0.853187   -0.64963263 -0.7349258  -1.1265882  -0.39956725 -1.0302566   0.3968791   0.2860417  -0.26443282 -0.32952777 -0.04799648 -0.6768217   0.50006133]
 [-0.286325    0.31126735 -0.21052375  0.3038908   0.8080239  -0.5825284   0.28468275 -0.44170362 -0.24732193 -0.10156076 -0.4282871  -0.26383686  0.21421133 -0.2630199  -0.9064153  -0.09165744]
 [-0.45193458  0.605894   -0.12536074 -0.63363886 -0.5214171  -0.76106244  0.30127418  0.96498936  0.07614228 -0.54816955 -0.65307665 -0.4164021  -0.1389671   1.1234651   0.13468629 -0.05938772]
 [-0.11053116  0.13213953 -0.5352874   0.78742284  0.37630185 -0.24000178 -0.8641573  -0.5119784  -0.38223505 -0.15123028 -0.9585485  -0.07344791 -0.02223732 -0.5059421  -0.8804491  -1.1521597 ]
 [-0.51945347  0.4199292   1.0577623   0.72348917 -0.4123018   0.4246464   0.32379743 -0.35419056  0.51761794  0.24185577 -0.04476729 -0.3015895  -0.49807313  0.00928585 -0.7459824   0.42994618]
 [-1.329678   -1.3636893  -1.3115618  -1.3665667  -1.357595   -1.3408684  -1.3589172  -1.2751803  -1.3182558  -1.3852729  -1.3192366  -1.2674378  -1.3605291  -1.3568175  -1.2950368  -1.3311206 ]
 [-0.1895707   0.2903013   0.85209197 -0.11724757  0.04573616 -0.30268162 -0.09638892  0.70076597  0.24927717  0.01590048  0.5523661  -0.27603766 -0.3150533   0.24624893  0.3284954   0.49961656]
 [ 0.09119339  0.42248383 -0.6661968  -0.6430742  -0.12768716  0.43792203 -0.17268999  0.06987929  0.7036231  -0.9344111   0.11442266 -0.51745415  1.8969976   0.18796264  0.6571908  -1.0267606 ]]
R:
[[3.04213371e-02 3.04213371e-02 3.04213371e-02 3.04213371e-02 3.04213371e-02 3.04213371e-02 3.04213371e-02 7.26208031e-01 3.04213371e-02 3.04213371e-02]
 [1.36274548e-05 1.36274548e-05 1.36274548e-05 1.36274548e-05 1.36274548e-05 1.36274548e-05 1.36274548e-05 9.99877334e-01 1.36274548e-05 1.36274548e-05]
 [3.66382189e-02 3.66382189e-02 3.66382189e-02 3.66382189e-02 4.44624349e-02 3.66382189e-02 3.66382189e-02 6.62431836e-01 3.66382189e-02 3.66382189e-02]
 [1.21868245e-04 1.21868245e-04 1.21868245e-04 1.21868245e-04 1.21868245e-04 1.21868245e-04 1.21868245e-04 9.98903275e-01 1.21868245e-04 1.21868245e-04]
 [5.40365232e-04 5.40365232e-04 5.40365232e-04 5.40365232e-04 5.40365232e-04 5.40365232e-04 5.40365232e-04 9.95136797e-01 5.40365232e-04 5.40365232e-04]
 [2.09102756e-03 2.09102756e-03 2.09102756e-03 2.09102756e-03 2.09102756e-03 2.09102756e-03 2.09102756e-03 9.81180787e-01 2.09102756e-03 2.09102756e-03]
 [9.70008783e-03 9.70008783e-03 9.70008783e-03 9.70008783e-03 9.70008783e-03 9.70008783e-03 9.70008783e-03 9.12699282e-01 9.70008783e-03 9.70008783e-03]
 [3.89138400e-03 3.89138400e-03 3.89138400e-03 3.89138400e-03 3.89138400e-03 3.89138400e-03 3.89138400e-03 9.64977562e-01 3.89138400e-03 3.89138400e-03]
 [1.56733412e-02 1.56733412e-02 1.56733412e-02 1.56733412e-02 1.56733412e-02 1.56733412e-02 1.56733412e-02 8.58940065e-01 1.56733412e-02 1.56733412e-02]
 [3.98285827e-03 3.98285827e-03 3.98285827e-03 3.98285827e-03 3.98285827e-03 3.98285827e-03 3.98285827e-03 9.64154303e-01 3.98285827e-03 3.98285827e-03]
 [1.60716195e-02 1.60716195e-02 1.60716195e-02 1.60716195e-02 1.60716195e-02 1.60716195e-02 1.60716195e-02 8.55355382e-01 1.60716195e-02 1.60716195e-02]
 [6.32141996e-03 6.32141996e-03 6.32141996e-03 6.32141996e-03 6.32141996e-03 6.32141996e-03 6.32141996e-03 9.43107247e-01 6.32141996e-03 6.32141996e-03]
 [3.67322341e-02 3.67322341e-02 3.67322341e-02 3.67322341e-02 3.83436866e-02 3.67322341e-02 3.67322341e-02 6.67798460e-01 3.67322341e-02 3.67322341e-02]
 [1.24363611e-02 1.24363611e-02 1.24363611e-02 1.24363611e-02 1.24363611e-02 1.24363611e-02 1.24363611e-02 8.88072848e-01 1.24363611e-02 1.24363611e-02]
 [8.86967464e-04 8.86967464e-04 8.86967464e-04 8.86967464e-04 8.86967464e-04 8.86967464e-04 8.86967464e-04 9.92017388e-01 8.86967464e-04 8.86967464e-04]
 [2.59694425e-05 2.59694425e-05 2.59694425e-05 2.59694425e-05 2.59694425e-05 2.59694425e-05 2.59694425e-05 9.99766290e-01 2.59694425e-05 2.59694425e-05]]
distance_matrix:
[[ 6.2746735  26.232666   11.671982   26.037598   25.292175   22.645935   12.292694   19.801178    7.230591   19.663605    6.9887695  16.350342   11.062958    9.639038   24.684875   26.210327  ]
 [39.42073     0.90093994 58.419083    0.91412354  0.97351074  1.3091431   5.589081    1.9267883  12.013977    1.9647522  12.53833     3.1489258  56.683807    8.197754    1.032959    0.9020996 ]
 [ 8.403946   23.187744   14.984634   23.011292   22.337097   19.954407   10.896393   17.416473    6.8500977  17.294037    6.6761475  14.378662   14.291809    8.708252   21.788818   23.167542  ]
 [35.04619     1.2314758  52.94847     1.2274475   1.2220764   1.3182678   4.4210815   1.6572266   9.921722    1.6811523  10.383759    2.5036316  51.305298    6.6060486   1.2281189   1.2305603 ]
 [30.7928      0.90509033 47.79921     0.8878784   0.8286133   0.7238159   2.8439636   0.83047485  7.573059    0.8420105   7.984253    1.362793   46.21817     4.6760254   0.7894287   0.90356445]
 [20.628738    8.674194   33.446854    8.593384    8.286926    7.2680054   4.9006042   6.3125916   6.1067505   6.2707214   6.283081    5.4120483  32.224457    5.118469    8.043762    8.665161  ]
 [29.712967    1.3770752  46.33406     1.354126    1.2731934   1.0900879   2.8215027   1.1043396   7.2459106   1.1118469   7.6364746   1.5126343  44.802032    4.513489    1.2164917   1.3741455 ]
 [26.114273    2.7365112  41.58571     2.6954956   2.5465698   2.1102295   2.6012878   1.8310242   6.05188     1.823822    6.3776855   1.8432007  40.146454    3.8474731   2.4328003   2.7313843 ]
 [23.849136    4.590271   38.366287    4.534973    4.329712    3.6828003   3.14328     3.1600037   5.784424    3.1401062   6.0562744   2.8430786  37.003143    4.0182495   4.1692505   4.583618  ]
 [32.878616    1.9718628  50.13008     1.9578857   1.9127197   1.8599854   4.234833    2.027008    9.164001    2.0417786   9.588623    2.6403809  48.52298     6.158386    1.8848877   1.9701538 ]
 [21.173172    3.5545654  35.31862     3.4933472   3.2650757   2.5352173   1.5852356   1.9148254   3.9036255   1.8907776   4.154419    1.4666138  33.97946     2.3129883   3.0862427   3.5473633 ]
 [28.15889     1.6229858  44.37294     1.593689    1.4881592   1.2125244   2.4942322   1.1208801   6.564575    1.1228333   6.931946    1.385437   42.866547    4.024292    1.4108276   1.6200562 ]
 [27.577835    1.5199585  43.690384    1.4887085   1.376831    1.0767212   2.2384338   0.95687866  6.215149    0.95718384  6.576477    1.1828613  42.18515     3.7259521   1.2939453   1.5164185 ]
 [10.323502   14.0425415  19.486588   13.905212   13.38324    11.565308    5.2757263   9.681671    3.402954    9.592804    3.3742676   7.5288086  18.573639    4.08313    12.961121   14.026794  ]
 [32.584854    2.0878296  49.6985      2.0725098   2.0212402   1.9477539   4.2208557   2.0907898   9.069153    2.104889    9.488098    2.6715088  48.132538    6.1070557   1.9893799   2.0862427 ]
 [42.082535    0.98065186 61.682816    1.0030518   1.0982666   1.5656128   6.4916077   2.335968   13.423279    2.3823547  13.981506    3.7644653  59.896942    9.332336    1.1867676   0.98339844]]
