hid1:
[[0.         0.537146   0.23635663 0.         0.         0.20454356 0.02505601 0.07543865 0.14113401 0.         0.26502404 0.03719514 0.         0.00687443 0.14764652 0.16526687]
 [0.         0.5272813  0.12803835 0.         0.         0.12340818 0.         0.29096702 0.12633005 0.         0.15095286 0.         0.07270797 0.10280766 0.08532343 0.13003412]
 [0.         0.5614795  0.16277413 0.         0.         0.21125227 0.00141615 0.2181257  0.04950246 0.         0.15444905 0.         0.07492843 0.06579486 0.01225808 0.06774823]
 [0.         0.57305187 0.1917186  0.         0.         0.07171763 0.         0.3035362  0.17887501 0.         0.20959203 0.         0.         0.05887223 0.09793462 0.13280177]
 [0.         0.5802288  0.12647611 0.         0.         0.179632   0.00752506 0.2085562  0.13441886 0.         0.20407324 0.         0.04251032 0.10395482 0.11238745 0.15909584]
 [0.         0.5108469  0.15513186 0.         0.         0.11383161 0.         0.09125707 0.15595758 0.         0.25632453 0.         0.         0.         0.07704803 0.15651463]
 [0.         0.5266351  0.2999587  0.         0.         0.38027105 0.09377766 0.0545597  0.08831524 0.         0.29012558 0.0737951  0.         0.         0.12146924 0.15799211]
 [0.         0.5323421  0.16467907 0.         0.         0.21427694 0.         0.3167647  0.05201853 0.         0.15620041 0.         0.09108135 0.08816092 0.04508364 0.05844015]
 [0.         0.57202846 0.08972915 0.         0.         0.12769817 0.0616607  0.30847454 0.11089459 0.         0.16223006 0.         0.16490889 0.19270754 0.         0.01383204]
 [0.         0.65401334 0.0797125  0.         0.04445479 0.08166605 0.08400914 0.57562166 0.27953365 0.         0.12492887 0.         0.25775757 0.20062336 0.         0.00274028]
 [0.         0.5978512  0.13622986 0.         0.         0.16826703 0.12278671 0.3152191  0.17633237 0.         0.12697165 0.         0.         0.10750117 0.         0.02817826]
 [0.         0.5711591  0.08109395 0.         0.         0.12678425 0.05752781 0.40662098 0.11270387 0.         0.1831068  0.         0.1838089  0.20229442 0.07000677 0.14286692]
 [0.         0.5823247  0.14521794 0.         0.         0.18549047 0.06273202 0.3566844  0.13921033 0.         0.15711981 0.         0.06995194 0.16462417 0.08943528 0.06914512]
 [0.         0.6204424  0.07915054 0.         0.03283722 0.11875151 0.17360519 0.43917865 0.21789277 0.         0.20664798 0.         0.17536646 0.19071247 0.         0.03283057]
 [0.         0.50868905 0.23216122 0.         0.         0.21441181 0.09016941 0.08150133 0.13310269 0.         0.2547749  0.02144022 0.         0.         0.12890606 0.2055211 ]
 [0.         0.5181819  0.19981503 0.         0.         0.17441554 0.0478104  0.15752845 0.15475981 0.         0.25455135 0.         0.         0.02282517 0.13821971 0.14320774]]
hid2:
[[-5.75534441e-02  5.58927894e-01  2.05679387e-01  1.08938441e-02 -3.40329073e-02  1.51772544e-01  6.81933984e-02  1.95398405e-01  1.77205741e-01  1.30882859e-02  2.19505221e-01  1.48325451e-02  1.41713917e-02  5.84544241e-02  9.78455395e-02  1.31221563e-01]
 [-4.72094305e-03  5.80635309e-01  1.10048473e-01 -5.27380779e-02 -2.79808734e-02  1.64085895e-01  3.70836109e-02  3.62344533e-01  1.29571140e-01  2.06635669e-02  2.00533852e-01 -1.59432031e-02  8.99386778e-02  1.52594090e-01  1.05344512e-01  1.25562072e-01]
 [-1.27832532e-01  5.52358866e-01  2.87782311e-01  9.10339877e-02 -5.98345287e-02  1.50363177e-01  1.19264737e-01  5.66079430e-02  2.45243728e-01  4.84435782e-02  2.70149648e-01  6.06405511e-02 -6.38116524e-02 -2.09760778e-02  1.00463837e-01  1.58303589e-01]
 [ 6.28646091e-03  5.80246329e-01  1.23793975e-01 -4.61072251e-02 -5.14417142e-02  1.42116025e-01  2.18723994e-02  3.84189069e-01  1.43116876e-01  3.11023220e-02  2.40170449e-01 -2.06247028e-02  1.04737736e-01  1.63788065e-01  1.41226143e-01  1.25769377e-01]
 [-6.88096657e-02  5.65141261e-01  2.08331287e-01  2.82462947e-02 -3.01867742e-02  1.70570031e-01  7.65213817e-02  2.06261113e-01  1.80313155e-01  1.38603598e-02  2.25366011e-01  1.67365391e-02  1.29958987e-02  6.95169941e-02  9.77080762e-02  1.25044093e-01]
 [-2.02464145e-02  5.76004863e-01  1.35773957e-01 -2.14446187e-02 -1.72370281e-02  1.80805311e-01  3.87489088e-02  3.24825883e-01  1.27872556e-01  3.45277786e-03  1.97942391e-01 -1.37260668e-02  7.97744691e-02  1.38743788e-01  9.37162191e-02  1.11396693e-01]
 [-1.23018816e-01  5.58788896e-01  2.70455420e-01  9.76976007e-02 -5.12391105e-02  1.72519967e-01  1.09489202e-01  9.25976112e-02  2.26089820e-01  4.25752401e-02  2.65494347e-01  5.26417755e-02 -4.14870754e-02  6.01755967e-03  9.31982622e-02  1.46826640e-01]
 [-5.85842803e-02  5.78231931e-01  1.79142326e-01  1.32649764e-02 -2.75849123e-02  1.89097717e-01  7.40102306e-02  2.78452128e-01  1.69653624e-01  1.45578533e-02  2.26046950e-01  8.03049281e-03  3.52382883e-02  1.12852059e-01  1.04175031e-01  1.20509729e-01]
 [-8.56228024e-02  5.68647206e-01  2.19366491e-01  4.88950983e-02 -3.24028619e-02  1.78287238e-01  9.11718309e-02  1.94419146e-01  1.94630831e-01  2.42573954e-02  2.36652285e-01  2.49032415e-02  5.61244786e-04  6.47091120e-02  1.00267276e-01  1.26564741e-01]
 [-1.25155486e-02  5.89593649e-01  1.02342755e-01 -4.27302010e-02 -2.40147561e-02  1.83754921e-01  4.56267670e-02  3.88350815e-01  1.30268157e-01  2.49650590e-02  2.04179421e-01 -1.53665142e-02  9.33614150e-02  1.71419889e-01  1.05494261e-01  1.21205740e-01]
 [-8.99696425e-02  5.61331630e-01  2.38826245e-01  4.06274199e-02 -4.44095731e-02  1.55415341e-01  9.90737677e-02  1.55956462e-01  2.13914901e-01  2.93010026e-02  2.44230852e-01  3.41951475e-02 -2.26231888e-02  3.55847813e-02  1.07334360e-01  1.41404122e-01]
 [-3.43521871e-02  5.78924954e-01  1.49883270e-01 -1.42272934e-02 -2.32317522e-02  1.84530348e-01  5.49551398e-02  3.16927105e-01  1.46589443e-01  8.78510624e-03  2.10687116e-01 -4.87295911e-03  6.15090653e-02  1.33275002e-01  1.00961506e-01  1.17592148e-01]
 [ 4.30613235e-02  5.63126087e-01  6.49728924e-02 -4.92731445e-02  3.17861177e-02  1.91017389e-01 -3.98836136e-02  3.64270329e-01  1.95790716e-02 -4.51499894e-02  1.14718802e-01 -6.06844947e-02  1.70039445e-01  1.72880560e-01  3.76172252e-02  6.66803271e-02]
 [-1.04833774e-01  5.57654798e-01  2.51129806e-01  8.96215141e-02 -3.19155827e-02  1.78165540e-01  9.08747017e-02  1.17683336e-01  1.98055729e-01  2.40757838e-02  2.40497977e-01  3.52194682e-02 -1.52927339e-02  2.51841657e-02  8.42093676e-02  1.25310600e-01]
 [-4.42797802e-02  5.85154355e-01  1.53058887e-01 -1.44640319e-02 -3.02517172e-02  1.88674018e-01  7.08478466e-02  3.27851117e-01  1.63412333e-01  1.86975114e-02  2.23280653e-01  2.27203593e-03  4.92389873e-02  1.37636378e-01  1.10508129e-01  1.25667244e-01]
 [-3.68477255e-02  5.82764328e-01  1.48659900e-01 -2.02324111e-02 -3.00610103e-02  1.82473332e-01  6.31315112e-02  3.28601241e-01  1.57209530e-01  1.70744956e-02  2.19441935e-01 -1.19378418e-03  5.59241250e-02  1.37280822e-01  1.09585121e-01  1.24963075e-01]]
topics:
[[ 0.35175174  0.597922   -0.18370368 -0.92446    -0.56317896 -0.64533305  0.06345488  0.8592181   0.516323    0.5506567   0.5454643   0.04708632  0.0559381   0.14200698  0.6502107   0.6904655 ]
 [ 1.7254012   0.40952182  0.5860652   0.0740687   0.3027779  -0.44291615  0.00591057 -0.19276403 -0.9795492  -0.23562916 -0.65359855 -0.26610777  0.26449105 -0.32624817  0.47470784  0.5858012 ]
 [ 0.28335398  0.32630062 -0.31639534  0.76946336 -0.6966298   0.7314392  -1.5247008  -0.46631536 -1.3378515   0.22041808  0.66507864  0.17197986  1.322993   -0.15854567 -1.1917886   0.8212931 ]
 [-0.26511958  0.5590375  -0.32984167 -0.08627587  0.7590619   0.8639714   0.3117625  -0.31275767 -0.46451375 -0.36517954 -1.0452707   0.03323044 -0.14869991 -0.13301882 -1.0428779  -0.03535926]
 [-0.35925794  0.90539557 -0.11257489  0.7463754   0.11904369  0.8996377   0.26963598  1.1729372   0.13041897  0.3333728   0.47356445 -0.00990239  0.3681293   0.835998    0.12884381 -0.15818451]
 [-0.19810797  0.27231255  0.0497287   0.825668    1.311953   -0.36684176 -0.84690875 -0.4229381  -0.3416545   0.07214691 -0.07908471 -0.36441574 -0.42575434 -0.00691013 -0.7055422  -1.3488951 ]
 [-0.43171844  0.5268662   0.73771584  0.32087895 -0.21812852  0.05850784  0.41825837 -0.49418566  0.6828851   0.1720316   0.55466133  0.26820412 -0.51482344 -0.37057546  0.25565633  0.29889363]
 [-0.07160668  0.63193184  0.78583175 -0.7500304   0.1648786   0.9802574   0.20876892  1.0348941   0.18323457 -1.4451336   0.09804064 -0.09016119 -0.46790704  0.5860814   0.18418509 -0.09404967]
 [-0.23126216  0.36804506  0.6400219   0.00267334 -0.53129655 -0.78657365 -0.11756387  0.78875566  0.20518166 -1.0932447   0.19193476 -0.10985407  0.08362929  0.3155409   0.45624268  0.7920849 ]
 [-0.05169129  0.45571622 -0.67450505 -1.0223608   0.02725374  0.19095449 -0.06533407 -0.19026627  0.8635541   0.6127609  -0.20487607 -0.556202    1.455476   -0.09704894  0.57965803 -1.3768648 ]]
R:
[[0.15973762 0.05328762 0.05328762 0.0838433  0.13852733 0.05328762 0.27210057 0.07935303 0.05328762 0.05328762]
 [0.21490014 0.05374666 0.05374666 0.08930855 0.18311372 0.05374666 0.15409198 0.08985224 0.05374666 0.05374666]
 [0.12070055 0.04405943 0.05124204 0.07689557 0.11972676 0.04405943 0.398874   0.05632336 0.04405943 0.04405943]
 [0.21758702 0.05718074 0.05718074 0.05718074 0.19079053 0.05718074 0.15579909 0.09273894 0.05718074 0.05718074]
 [0.15170424 0.05164467 0.05164467 0.08216474 0.15285079 0.05164467 0.27477127 0.08028556 0.05164467 0.05164467]
 [0.18561833 0.05566041 0.05566041 0.08708066 0.17987856 0.05566041 0.17658307 0.0925373  0.05566041 0.05566041]
 [0.11816113 0.04471509 0.05392512 0.07654226 0.1384197  0.04471509 0.37321135 0.06088011 0.04471509 0.04471509]
 [0.16765006 0.04981933 0.04981933 0.0814461  0.1785357  0.04981933 0.23543367 0.08783786 0.04981933 0.04981933]
 [0.14417906 0.04910383 0.04910383 0.08077802 0.15965432 0.04910383 0.29461855 0.07525088 0.04910383 0.04910383]
 [0.21417344 0.05132174 0.05132174 0.09024975 0.20152383 0.05132174 0.14697307 0.0904712  0.05132174 0.05132174]
 [0.14750294 0.04799703 0.04799703 0.08002929 0.13834804 0.04799703 0.3222227  0.07191193 0.04799703 0.04799703]
 [0.18372603 0.05233142 0.05233142 0.08508785 0.18114598 0.05233142 0.19615512 0.09222794 0.05233142 0.05233142]
 [0.180407   0.07221437 0.07221437 0.10719437 0.17777318 0.07221437 0.07221437 0.10133927 0.07221437 0.07221437]
 [0.1146896  0.05057165 0.05482766 0.07956988 0.14411177 0.05057165 0.3382428  0.06627172 0.05057165 0.05057165]
 [0.1900365  0.04824519 0.04824519 0.08425306 0.18795234 0.04824519 0.20475629 0.09177592 0.04824519 0.04824519]
 [0.19235894 0.04984287 0.04984287 0.0839455  0.18460253 0.04984287 0.1980557  0.09182302 0.04984287 0.04984287]]
distance_matrix:
[[0.902318   3.0039597  0.6574192  3.0312529  0.85440445 2.3650002  0.5302067  1.3595147  0.69813156 3.2177916  0.5774784  2.0126042  5.05478    0.5015526  1.9385338  2.0420432 ]
 [0.6605067  0.37785482 2.9067135  0.45518732 0.7159982  0.30267334 2.354979   0.43873405 0.9672084  0.480824   1.2978034  0.30138302 1.185864   1.7281947  0.34043455 0.3131218 ]
 [0.45769262 0.899776   1.9781837  0.9907336  0.41386938 0.5501108  1.4644928  0.3373108  0.5177407  0.97899294 0.8141446  0.45616245 1.8094678  0.94259834 0.48612642 0.50975704]
 [0.5392065  0.5034361  2.557022   0.59174633 0.6072445  0.3883052  2.071268   0.42328596 0.8344488  0.639493   1.0925179  0.35394144 1.4498711  1.5102692  0.38431072 0.3650174 ]
 [0.38973808 0.5181551  2.2065592  0.60519695 0.42677975 0.34441805 1.726861   0.28531694 0.60716724 0.63859653 0.8620186  0.28367567 1.5265017  1.200944   0.30413342 0.2999034 ]
 [0.55776024 1.8095217  1.2582455  1.8751993  0.6220417  1.4377866  1.0486851  0.8960147  0.6612053  2.0541039  0.6201668  1.2262454  3.4567947  0.8289776  1.2060137  1.2421422 ]
 [1.5679102  3.9441872  1.0696526  4.038088   1.4557953  3.1556048  0.9178982  2.023396   1.2373352  4.1243773  1.1476192  2.776033   5.8842993  0.89325905 2.7111492  2.839561  ]
 [0.75808525 0.3873024  3.0876627  0.5045166  0.7923889  0.30120516 2.488968   0.4742589  1.0456381  0.4618616  1.4283733  0.31560946 1.0634928  1.8219252  0.36363506 0.33757353]
 [1.8140454  0.45974302 5.0465674  0.55110216 1.8334851  0.58888054 4.2379203  1.1574621  2.196404   0.4297967  2.80891    0.7200794  0.7532401  3.3521829  0.780931   0.72094727]
 [4.4853687  1.9479523  8.697432   2.0515718  4.5160303  2.4302373  7.7101936  3.4194913  4.9962616  1.8030882  5.8068476  2.6612353  2.1454058  6.659402   2.6793156  2.5875897 ]
 [0.9809294  0.36809826 3.5192156  0.4212904  1.0172739  0.35668993 2.8881931  0.6042342  1.2974901  0.4230156  1.71309    0.3832469  1.0881195  2.1949081  0.41524696 0.38268328]
 [1.5060997  0.2897749  4.5663786  0.35090542 1.51894    0.40236902 3.7935104  0.8805375  1.8524666  0.2642498  2.4243183  0.49763346 0.76894283 2.9699507  0.53320026 0.4849639 ]
 [1.0314832  0.32399797 3.6880078  0.38543558 1.0333066  0.27645874 2.9889808  0.5692663  1.3154464  0.34236956 1.8084207  0.32631207 0.83626413 2.2247424  0.37862635 0.3463955 ]
 [2.8763542  0.9280329  6.574032   1.0099306  2.9011898  1.2459168  5.68202    2.0119014  3.3172197  0.8387928  4.02116    1.4192948  1.239994   4.732108   1.4483318  1.3744788 ]
 [0.7153673  2.7108917  0.68442917 2.8197317  0.7228718  2.113298   0.5688877  1.2276893  0.6340256  2.9688988  0.49682426 1.8031335  4.5729275  0.48818016 1.764741   1.8457026 ]
 [0.36176777 1.5380821  1.1484241  1.6127853  0.38653374 1.1316886  0.87955093 0.60952044 0.41823292 1.7411242  0.4469242  0.9307952  3.0450144  0.6030731  0.91809654 0.9597993 ]]
