hid1:
[[0.10117273 0.4903066  0.         0.         0.         0.04961891 0.         0.09730094 0.00733973 0.         0.07150361 0.         0.         0.         0.         0.        ]
 [0.04365636 0.47059307 0.         0.         0.         0.         0.         0.         0.         0.         0.02770757 0.         0.         0.         0.         0.        ]
 [0.         0.         0.04865513 0.02373182 0.01271005 0.         0.06507883 0.12431148 0.00068334 0.         0.         0.         0.         0.05458568 0.05541256 0.01171607]
 [0.         0.452572   0.         0.         0.         0.         0.         0.05610696 0.05263703 0.         0.01149089 0.         0.         0.         0.         0.        ]
 [0.         0.4984946  0.00237895 0.         0.         0.         0.03280201 0.12840569 0.         0.         0.         0.         0.         0.01140284 0.         0.        ]
 [0.         0.51273364 0.         0.         0.         0.         0.         0.00771918 0.         0.         0.05428737 0.         0.         0.         0.         0.        ]
 [0.         0.6056371  0.         0.         0.         0.         0.         0.         0.05680823 0.         0.         0.         0.         0.         0.         0.0755284 ]
 [0.1727769  0.51138806 0.         0.06678468 0.         0.03116902 0.         0.1236501  0.19155368 0.         0.22873239 0.         0.01436346 0.         0.         0.        ]
 [0.         0.35872605 0.21056104 0.12352278 0.         0.         0.12046581 0.2242218  0.         0.         0.         0.         0.12812085 0.20525226 0.09826286 0.        ]
 [0.         0.39038977 0.17694174 0.16758318 0.21778157 0.         0.11589377 0.18469249 0.         0.         0.00442551 0.         0.         0.         0.09609694 0.        ]
 [0.16700512 0.41715485 0.         0.00147941 0.04494177 0.02194042 0.10683814 0.1316767  0.         0.         0.19240955 0.         0.08496578 0.07927778 0.         0.        ]
 [0.         0.44398978 0.07814898 0.03916881 0.         0.         0.         0.1720353  0.         0.         0.         0.         0.         0.01351399 0.02766624 0.        ]
 [0.         0.46220854 0.         0.11012118 0.02519924 0.         0.10068884 0.2053653  0.07864523 0.         0.03819177 0.         0.08226579 0.09813861 0.         0.        ]
 [0.         0.5015713  0.21660523 0.10756952 0.14626618 0.         0.08526637 0.19888958 0.         0.         0.         0.         0.02419562 0.25597817 0.         0.        ]
 [0.12455277 0.5576524  0.         0.         0.         0.09054007 0.         0.         0.09386227 0.         0.22593667 0.         0.         0.         0.         0.        ]
 [0.00731976 0.43158302 0.         0.         0.         0.         0.         0.         0.         0.         0.         0.         0.         0.         0.         0.1827013 ]]
hid2:
[[ 2.54611261e-02  4.92825478e-01  9.39045697e-02  2.36701518e-02  6.39611331e-04  7.62889395e-03  6.73404988e-03  1.45277336e-01  2.18987912e-02 -9.11076367e-03  9.55557451e-02 -1.31778009e-02  2.21539289e-02  1.11815110e-01  6.61756471e-03  3.06089893e-02]
 [ 1.14598675e-02  4.95252371e-01  1.16264224e-01  5.18859439e-02  1.19977491e-02  3.31025161e-02  1.35795586e-02  1.52060270e-01  2.31098197e-02 -2.63541378e-02  9.31780264e-02 -1.56499650e-02  9.95811075e-03  1.22651823e-01  5.41384891e-03  1.18138418e-02]
 [ 3.50181535e-02  4.88589138e-01  7.91354030e-02  9.46252048e-03  4.34808899e-03 -2.09016111e-02  3.56114469e-05  1.16978511e-01  1.14698447e-02  1.84505619e-03  8.03495646e-02 -9.44519415e-03  3.28042656e-02  8.97634923e-02 -1.26264952e-02  4.18695584e-02]
 [ 1.77514479e-02  4.93508518e-01  1.23213574e-01  4.05882969e-02 -4.71991673e-02  6.85432255e-02 -4.80283611e-03  1.77378178e-01  4.81180735e-02 -3.95360589e-03  1.66399494e-01 -1.76806971e-02 -6.25720620e-03  1.25219569e-01  2.80677136e-02  1.96621642e-02]
 [ 2.97878850e-02  4.91664052e-01  8.75234157e-02  1.51331574e-02 -3.01218685e-03 -3.08615342e-03  5.02136257e-03  1.39296606e-01  2.24048570e-02 -2.46456079e-03  9.57654044e-02 -1.19057167e-02  2.61151046e-02  1.05184369e-01  3.72894108e-03  3.62608880e-02]
 [ 3.02547291e-02  4.90036845e-01  9.23289657e-02  1.71697326e-02  1.91667909e-03 -1.97292678e-03  1.52285211e-03  1.33645520e-01  1.67972520e-02 -9.21914913e-03  9.04831439e-02 -1.25830527e-02  2.48640701e-02  1.03846222e-01 -5.81402332e-04  3.45961824e-02]
 [ 3.14371884e-02  4.87787753e-01  9.26107392e-02  1.87481940e-02  4.80106706e-03 -9.74272937e-03 -7.11523928e-04  1.17854148e-01  1.41472332e-02 -6.13422878e-03  8.46972838e-02 -1.16135664e-02  2.63945758e-02  9.18406546e-02 -1.32682137e-02  3.34952027e-02]
 [ 3.45023200e-02  4.90153342e-01  7.30492026e-02  5.10664284e-03  2.37279362e-03 -3.09837610e-02  5.49905607e-03  1.16459198e-01  1.54724307e-02  8.30658153e-03  7.98756704e-02 -6.53046370e-03  3.52720097e-02  8.79750922e-02 -1.40326656e-02  4.67970967e-02]
 [ 2.85321772e-02  4.91770625e-01  9.07509923e-02  1.86059736e-02 -2.42323452e-03  1.35998568e-03  5.55223273e-03  1.41480267e-01  2.38896608e-02 -4.27079573e-03  9.69493985e-02 -1.31505206e-02  2.48586535e-02  1.06762350e-01  5.35460562e-03  3.26358601e-02]
 [ 1.85079239e-02  4.93275762e-01  1.09110475e-01  3.97137292e-02  7.85954949e-03  2.48427279e-02  7.80396070e-03  1.49013609e-01  2.04376914e-02 -2.23889686e-02  9.40423310e-02 -1.57129783e-02  1.44634768e-02  1.18785016e-01  6.64585829e-03  1.89857930e-02]
 [ 1.87226497e-02  4.98319626e-01  9.57359895e-02  2.45589428e-02  2.07163300e-02 -2.70106792e-02  4.60088216e-02  1.57602638e-01  5.76505996e-02 -7.69053586e-03  7.47659132e-02 -1.79953203e-02  3.81388664e-02  1.16112009e-01  1.99266467e-02  1.11438185e-02]
 [ 3.28718349e-02  4.88184720e-01  8.04624781e-02  1.62556283e-02  8.58961139e-03 -1.75802242e-02 -2.91874632e-04  1.15630992e-01  1.20583475e-02  2.39402987e-03  7.89432451e-02 -1.10466741e-02  3.19765583e-02  8.87947753e-02 -1.58230364e-02  3.46879587e-02]
 [ 4.80378158e-02  4.92831439e-01  5.51117323e-02 -1.00002587e-02  1.63862519e-02  2.29373425e-02 -1.71217322e-02  1.89975619e-01 -1.69134811e-02 -2.48410273e-02  7.53887296e-02 -2.47716159e-02  4.29148376e-02  1.51367992e-01  5.81537522e-02  4.77719232e-02]
 [ 3.55097055e-02  4.88785118e-01  8.26836079e-02  1.03932209e-02  4.82474919e-03 -1.46242809e-02  1.75222289e-03  1.27666801e-01  1.73679665e-02 -1.47552788e-03  8.34150761e-02 -1.39811039e-02  3.38104665e-02  9.62046906e-02 -1.40639022e-03  3.49889174e-02]
 [ 1.74631216e-02  4.95323449e-01  1.10737666e-01  2.98745483e-02  2.37485375e-02 -2.82654073e-02  4.40553725e-02  1.44614369e-01  5.79916127e-02 -1.66134406e-02  7.26146623e-02 -1.84203982e-02  3.33315432e-02  1.09098397e-01  8.91957805e-03  5.64178079e-03]
 [ 2.31041759e-02  4.91258293e-01  1.07327662e-01  3.10610197e-02  1.91757700e-03  1.58522669e-02  4.47272416e-03  1.42325208e-01  2.21992619e-02 -1.80945713e-02  9.76569802e-02 -1.48273353e-02  1.62313879e-02  1.11811690e-01  3.38603929e-03  2.40384489e-02]]
topics:
[[ 2.5414461e-01  5.3514206e-01 -3.9709207e-01 -6.1675996e-01 -5.6872970e-01 -3.9189258e-01  1.0435208e-01  5.4712564e-01  4.9139944e-01  5.6835991e-01  6.1481875e-01  6.6945894e-04  2.5910673e-01  1.2392415e-01  4.7461522e-01  3.6578441e-01]
 [ 1.4631243e+00  3.9411411e-01  4.7666088e-01 -9.0953268e-02  3.7829629e-01  5.5456501e-01  5.6971047e-02 -1.2162788e-01 -9.4685310e-01 -3.1138235e-01 -5.3118217e-01 -2.0958765e-01 -1.5647914e-01  4.9637385e-02  6.1497527e-01  5.2148736e-01]
 [ 2.4297068e-01  3.4299916e-01 -2.0084669e-01 -4.6521392e-02 -6.2095499e-01  8.2421362e-01 -1.1180305e+00 -3.9015809e-01 -1.0426266e+00  2.1991166e-01  6.4931768e-01  1.9137083e-01 -3.5102144e-01 -2.0612617e-01 -5.3829002e-01  6.9708472e-01]
 [-6.7028411e-02  5.2801979e-01 -6.0174137e-02  7.3226146e-02  7.3352891e-01 -6.9543272e-01  3.0895808e-01 -3.1709394e-01 -2.9288632e-01 -2.2882427e-01 -8.8984251e-01  1.0683452e-01  2.3707008e-01 -7.6417890e-03 -4.3605378e-01  8.2356527e-02]
 [-3.4590995e-01  7.4626946e-01 -2.3624268e-01  5.7502812e-01 -1.5917496e-01  8.0176526e-01  2.9026219e-01  8.8804042e-01  1.3263205e-01  3.8346198e-01  4.4513160e-01  5.2742824e-02 -1.2628479e-01  5.6705594e-01  3.6254063e-01 -7.3442735e-02]
 [-1.2985168e-01  2.3248647e-01 -5.9791610e-02  7.9537094e-01  1.0447941e+00  1.9471681e-01 -7.2219801e-01 -3.0462915e-01 -3.7859294e-01  1.0276756e-02 -2.7156445e-01 -3.0023232e-01 -1.6188315e-01  1.2823786e-02 -9.9037647e-01 -1.1105322e+00]
 [-3.2793313e-01  5.0208014e-01  6.6192710e-01  5.7921553e-01 -2.2921515e-01 -1.4714725e-01  3.7081602e-01 -4.7522888e-01  6.1136061e-01  2.4673003e-01  4.1090387e-01  1.4366965e-01 -2.8701356e-01 -4.5735177e-01 -7.2762436e-01 -2.7027917e-01]
 [-5.5940893e-02  5.4051733e-01  7.5919443e-01 -3.3621791e-01  1.2362130e-01 -1.4937788e-01  2.6984102e-01  7.6702154e-01  2.0139395e-01 -1.0009290e+00  8.8282958e-02  5.8807922e-03 -2.3440403e-01  9.0358877e-01  4.8740599e-01  2.1464966e-01]
 [-1.7609668e-01  3.5910192e-01  7.8322053e-01 -2.6250833e-01 -2.0756124e-01 -6.5109366e-01 -1.5497802e-01  6.4271981e-01  2.0157124e-01 -8.9696902e-01  4.3570727e-02 -1.2822478e-01 -2.2829434e-01  1.4859943e-01  2.8514698e-01  5.7827753e-01]
 [-5.5768449e-02  4.1562104e-01 -6.1060131e-01 -6.3173425e-01  1.4939637e-02 -1.0402963e-01 -7.0281342e-02 -1.5031865e-01  7.1987349e-01  4.0834123e-01 -1.3650362e-01 -4.7030535e-01  1.6160163e+00 -2.5678647e-01  7.1369886e-01 -1.1655800e+00]]
R:
[[0.13734822 0.06494191 0.09608757 0.1308622  0.13616471 0.06494191 0.12880513 0.11096452 0.06494191 0.06494191]
 [0.10849537 0.06734627 0.09174203 0.12097002 0.15284437 0.06734627 0.13694787 0.11961525 0.06734627 0.06734627]
 [0.15096301 0.06340721 0.10168894 0.15147    0.1166946  0.06340721 0.12778506 0.09776958 0.06340721 0.06340721]
 [0.1292291  0.06755153 0.10168362 0.06755153 0.15439    0.06755153 0.14990929 0.12703034 0.06755153 0.06755153]
 [0.14697386 0.06403185 0.09745403 0.13502893 0.1289138  0.06403185 0.12849933 0.10700268 0.06403185 0.06403185]
 [0.14052346 0.06501242 0.09937413 0.1360403  0.1264438  0.06501242 0.12890872 0.10865988 0.06501242 0.06501242]
 [0.14011517 0.06519506 0.10104397 0.14150654 0.11939602 0.06541079 0.134053   0.10288934 0.06519506 0.06519506]
 [0.15931164 0.06107167 0.10023511 0.15797019 0.11489579 0.06107167 0.12787546 0.09542512 0.06107167 0.06107167]
 [0.14360496 0.06488644 0.09628245 0.13152613 0.13138327 0.06488644 0.12966153 0.10799593 0.06488644 0.06488644]
 [0.11829985 0.06718419 0.09460817 0.12300267 0.14500377 0.06718419 0.13284893 0.1174998  0.06718419 0.06718419]
 [0.14801416 0.06588082 0.06588082 0.14196582 0.13916466 0.06588082 0.13346669 0.10798457 0.06588082 0.06588082]
 [0.14755578 0.06396927 0.09980153 0.14969337 0.11894784 0.06653585 0.12942871 0.09612913 0.06396927 0.06396927]
 [0.14463864 0.06999236 0.10134167 0.1374419  0.14951392 0.06999236 0.06999236 0.11710204 0.06999236 0.06999236]
 [0.14922988 0.06584342 0.09690233 0.14265683 0.12118065 0.06584342 0.12618777 0.10046882 0.06584342 0.06584342]
 [0.13902979 0.06711983 0.06711983 0.13898937 0.131784   0.06711983 0.14324275 0.11135492 0.06711983 0.06711983]
 [0.12671903 0.06662451 0.09682468 0.12319848 0.13588494 0.06662451 0.13497132 0.11590357 0.06662451 0.06662451]]
distance_matrix:
[[0.66672134 0.79626894 0.64230156 1.0203123  0.6486273  0.64967537 0.6445689  0.6580305  0.6559243  0.7378297  0.7296195  0.6389313  0.85927534 0.6422758  0.73740053 0.7037606 ]
 [1.2543302  1.3544512  1.2479911  1.5273366  1.2437396  1.2318807  1.2231998  1.278048   1.2471857  1.3012705  1.3676472  1.244309   1.5230017  1.2485137  1.3395119  1.2615299 ]
 [1.7030945  1.7665238  1.7464547  1.9555855  1.7096238  1.707964   1.7198677  1.7777042  1.7063541  1.7324562  1.762722   1.7369475  1.9167256  1.7280517  1.7610555  1.7175632 ]
 [1.2071977  1.2904692  1.2146392  1.4918427  1.2034669  1.1946998  1.1903973  1.2457013  1.203867   1.2462206  1.2890387  1.2093349  1.4549294  1.207519   1.271285   1.2181969 ]
 [1.1494551  1.300859   1.1303463  1.4122257  1.1220188  1.1283989  1.12538    1.1419964  1.1301618  1.2326512  1.2190461  1.1341715  1.4190869  1.1283026  1.2136045  1.1789136 ]
 [1.1259894  1.1959839  1.1448789  1.4302459  1.1296754  1.1248574  1.1267996  1.1764894  1.1286049  1.1596737  1.2072744  1.1316953  1.3154192  1.135364   1.2104673  1.1470156 ]
 [1.5839615  1.7171502  1.5794106  1.83671    1.5598631  1.5684433  1.5647683  1.5878544  1.5645366  1.6587644  1.5819058  1.5799322  1.9300303  1.5688133  1.5647016  1.6059699 ]
 [2.5267787  2.7804632  2.4210172  3.070766   2.4729047  2.4849658  2.4845514  2.4082427  2.4994202  2.6740637  2.5793743  2.4350953  2.503068   2.4370227  2.6358452  2.6176662 ]
 [1.2118902  1.1547904  1.3655996  1.2724848  1.2617569  1.2444906  1.2778344  1.4362516  1.2385364  1.1592917  1.3035846  1.3482933  1.4684529  1.3147249  1.2657447  1.1723647 ]
 [1.1335502  1.0643682  1.279572   1.2213073  1.1857276  1.1659808  1.1913605  1.3507018  1.1619291  1.075244   1.2210093  1.2563491  1.4126759  1.2333045  1.1805649  1.0934381 ]
 [1.1848159  1.323081   1.2016063  1.4746423  1.1718974  1.1798301  1.204525   1.2214866  1.1776457  1.2574873  1.2611799  1.2056746  1.2540874  1.1832452  1.2902918  1.2265205 ]
 [0.7684293  0.8372154  0.80997515 0.99965334 0.77266645 0.7687478  0.77955246 0.8437543  0.769577   0.7987385  0.8430891  0.8038926  0.99277973 0.79139376 0.833436   0.77756023]
 [0.67059135 0.662539   0.7836857  0.8313103  0.7046852  0.6977415  0.7279353  0.8344116  0.69018126 0.6536517  0.7370181  0.76855373 0.87484694 0.74560547 0.72775126 0.66192865]
 [1.4961047  1.4493113  1.629375   1.62217    1.5414357  1.5308061  1.5581627  1.6872764  1.5218077  1.4563322  1.563139   1.6068482  1.7582207  1.5891833  1.5420332  1.4740973 ]
 [1.2843556  1.5150995  1.1650519  1.8062997  1.2275567  1.2413201  1.2168446  1.1402154  1.2534924  1.426014   1.2977772  1.1751695  1.5032043  1.1985059  1.3241997  1.3629045 ]
 [1.2978234  1.4178038  1.2791314  1.5754943  1.280148   1.2749839  1.2638426  1.3029418  1.2854748  1.3592777  1.40347    1.2750144  1.5669823  1.281179   1.3860722  1.3154802 ]]
