hid1:
[[0.00949615 0.02290907 0.03910147 0.01142184 0.0486163  0.03177238 0.01488099 0.05626554 0.03628993 0.04574592 0.02909607 0.040868   0.04851345 0.01303358 0.01792721 0.0351573 ]
 [0.01527322 0.03162326 0.04692196 0.01341334 0.04759283 0.03263931 0.02383953 0.04960932 0.04654928 0.0490344  0.02889798 0.05358373 0.03127143 0.         0.03085199 0.03901386]
 [0.01028766 0.02658193 0.05184346 0.01527591 0.0387528  0.02518723 0.01360998 0.05097033 0.0471835  0.04596343 0.02543284 0.0441675  0.04099815 0.0263265  0.02730751 0.03858687]
 [0.02035391 0.03364708 0.04498072 0.01187849 0.05931274 0.0345147  0.01568765 0.04907942 0.04534488 0.05081108 0.02909044 0.04435636 0.04570618 0.         0.0304451  0.03940916]
 [0.0219066  0.02519484 0.04410814 0.01756514 0.03952887 0.03845786 0.02213318 0.0565096  0.05359305 0.03772626 0.02807168 0.04577027 0.03364184 0.0094117  0.0283041  0.04584377]
 [0.0105561  0.02221465 0.04855375 0.01606536 0.04354582 0.0288771  0.01282563 0.06502099 0.04577453 0.02181402 0.03083177 0.04103614 0.05877992 0.01143463 0.01391915 0.04366474]
 [0.02127192 0.03671051 0.0215801  0.00788036 0.01678262 0.02705669 0.01886228 0.04623106 0.04123031 0.03566828 0.02631537 0.04481492 0.03895316 0.         0.00228079 0.01359381]
 [0.01135348 0.02425162 0.03125051 0.01214921 0.01853019 0.03267476 0.02710357 0.04699672 0.05764094 0.04583551 0.02503961 0.05272878 0.02463708 0.         0.02386541 0.02757659]
 [0.00783231 0.03480367 0.04251468 0.01356723 0.01969948 0.02979354 0.01519717 0.05328638 0.06018635 0.03723913 0.01209712 0.03366516 0.         0.         0.04427848 0.0184601 ]
 [0.00325575 0.03378617 0.04062334 0.02326972 0.0277171  0.02481859 0.0165701  0.03687095 0.05478271 0.04954603 0.01910762 0.0474594  0.         0.         0.04891798 0.0020853 ]
 [0.02527745 0.03563879 0.05956742 0.02523492 0.04955081 0.01980279 0.00895765 0.06386032 0.04221497 0.03145503 0.03151136 0.04945961 0.03257341 0.00159387 0.02731061 0.04088379]
 [0.00359708 0.03471543 0.03856362 0.00720915 0.02328007 0.03588033 0.0248372  0.04216125 0.05667492 0.04705306 0.02232994 0.0482363  0.01162213 0.00516163 0.03585516 0.01856581]
 [0.01411441 0.02689095 0.03798384 0.009668   0.02848584 0.02751214 0.02842278 0.04352449 0.06083753 0.05982313 0.0260171  0.05363442 0.         0.         0.05150955 0.00021663]
 [0.0128105  0.04114617 0.03011675 0.01861475 0.02182019 0.0251753  0.02231838 0.02818523 0.04904976 0.02947642 0.02019783 0.05541107 0.         0.         0.03538843 0.01656638]
 [0.02450143 0.03309666 0.05200583 0.01118149 0.06162479 0.03215365 0.02260162 0.06354331 0.05089281 0.03071067 0.02742915 0.05035834 0.04770646 0.01954906 0.0269635  0.05483932]
 [0.00456712 0.01724488 0.04280479 0.01574029 0.03878663 0.03407548 0.0162323  0.04801585 0.04137985 0.04566579 0.02455972 0.04761298 0.03296209 0.         0.0167186  0.03036977]]
hid2:
[[0.01929464 0.03007519 0.04800858 0.01382826 0.03972983 0.03492616 0.02102626 0.05574034 0.05347943 0.04157962 0.02993578 0.04700575 0.03580697 0.00972273 0.03362655 0.03800044]
 [0.01554089 0.03453629 0.04528672 0.01416715 0.0349258  0.03036319 0.02023974 0.04753156 0.05145058 0.0456516  0.0256169  0.04633867 0.02749527 0.00675881 0.03012579 0.03324876]
 [0.01823813 0.0309717  0.04738758 0.0140707  0.03845779 0.03365875 0.02123367 0.05338351 0.05311868 0.04320589 0.02869245 0.04750226 0.03319981 0.00879056 0.03275389 0.0368825 ]
 [0.02468667 0.03610955 0.04708362 0.00803053 0.04402675 0.04097276 0.00725276 0.06952473 0.04907972 0.01798093 0.03755418 0.02328766 0.05795751 0.01799241 0.03501986 0.03729394]
 [0.02016892 0.02897021 0.04865728 0.01378961 0.04085287 0.03598729 0.02129103 0.05761999 0.0539923  0.04078795 0.03090863 0.04734642 0.0376361  0.01035694 0.03444605 0.03914303]
 [0.01637277 0.03412582 0.04569344 0.01381377 0.03589452 0.03136202 0.01971479 0.0494996  0.05155625 0.04376186 0.02670604 0.04519842 0.02994824 0.00769249 0.0307719  0.03396229]
 [0.01731428 0.03173156 0.04684216 0.01430611 0.03734007 0.0325468  0.02144668 0.0512953  0.05281908 0.04473009 0.02757487 0.04804315 0.03084335 0.00792997 0.03198149 0.03591513]
 [0.01543901 0.0334089  0.04571421 0.01469107 0.03507114 0.03029678 0.02170989 0.04714126 0.05212704 0.0474493  0.02539598 0.04871497 0.02632385 0.00632794 0.03041817 0.0338816 ]
 [0.02056828 0.02917165 0.04866646 0.01348479 0.04120674 0.0364381  0.0205692  0.05856625 0.05381333 0.03949246 0.03140333 0.0461655  0.03898944 0.01083347 0.03459634 0.03923272]
 [0.01641711 0.03559165 0.04506633 0.01323893 0.03557193 0.03132638 0.01792177 0.04970163 0.05069761 0.04194669 0.02676692 0.04254201 0.03095746 0.00799518 0.03027328 0.0330734 ]
 [0.01839409 0.03208556 0.04695097 0.0135522  0.03834561 0.03377745 0.0197209  0.05384312 0.05244576 0.04144209 0.02891408 0.04517847 0.03439412 0.00918873 0.03245732 0.03627674]
 [0.01474942 0.03467309 0.04506495 0.01453722 0.03411649 0.02944974 0.02102718 0.04575146 0.05148954 0.04742724 0.02470851 0.04759239 0.02527588 0.00600237 0.0296779  0.03274828]
 [0.01934865 0.03095276 0.04744918 0.01368137 0.03939494 0.03486074 0.0199652  0.05554485 0.05298872 0.04151939 0.0295578  0.04631515 0.03557267 0.00932279 0.03307804 0.03741208]
 [0.01952265 0.03066497 0.04775503 0.01353461 0.03976642 0.03513457 0.02006323 0.05620829 0.05310892 0.0405913  0.03009741 0.04576286 0.03660935 0.00990952 0.03347023 0.03773657]
 [0.01619283 0.03167517 0.046613   0.01495088 0.03623489 0.03125791 0.02286502 0.04870869 0.05302313 0.04767318 0.02623068 0.05037692 0.02743437 0.00673841 0.03140303 0.03535293]
 [0.0180286  0.03076297 0.04739845 0.01430182 0.03827204 0.03341675 0.02174163 0.05282193 0.05327668 0.044173   0.02836392 0.04844839 0.03228729 0.00842921 0.03267126 0.03688875]]
topics:
[[-1.79693718e-02  6.47387132e-02 -8.84222016e-02 -1.53484449e-01 -5.55885322e-02 -1.67979449e-01  9.23702568e-02  1.82985723e-01  7.58129060e-02  2.82184258e-02  5.27146272e-02 -4.58536670e-02 -1.94636593e-03  1.46857381e-01  1.56057745e-01  1.06106617e-01]
 [ 3.64821404e-01  4.21041474e-02 -1.13115415e-01  3.47738974e-02  2.82064170e-01  1.25503018e-01  5.66046834e-02 -2.75884476e-02 -2.48693599e-04  2.69918274e-02 -8.30075666e-02 -2.35256366e-03  9.53609869e-02 -1.28281862e-01 -1.59106869e-02  1.85363621e-01]
 [-9.29016247e-02  1.00366212e-01 -1.08513199e-01  6.83607608e-02 -1.54925108e-01  2.71972507e-01 -2.94066012e-01 -8.99694040e-02 -4.21012081e-02 -4.32296656e-03  4.34664227e-02 -3.26082297e-02  5.21675460e-02 -1.28223464e-01 -2.38990203e-01  1.68516099e-01]
 [-1.98932756e-02  3.22065018e-02  3.70466001e-02  3.61286514e-02 -9.58125573e-04 -1.08222933e-02  6.60015345e-02 -3.67057063e-02  5.83958216e-02  1.46419227e-01 -1.97693501e-02  1.27250314e-01 -8.65403935e-02 -3.49566415e-02  1.03215594e-02  1.53655764e-02]
 [-1.51399344e-01  2.16149986e-01  1.07403494e-01  7.72510469e-02 -1.39731869e-01  2.60202289e-01  4.18580137e-02  2.00927511e-01  7.77403712e-02 -4.79105897e-02  2.25701127e-02 -3.95333432e-02 -8.74185041e-02  7.73250386e-02  4.20989916e-02 -2.52356920e-02]
 [ 5.93825541e-02  1.42398654e-02  4.07654159e-02  1.43532544e-01  2.63168365e-01 -7.34945461e-02 -1.65441081e-01 -8.11058804e-02 -1.08823404e-01 -3.41998413e-02 -3.65367793e-02 -3.30017172e-02  7.74561688e-02 -2.74661742e-02 -1.31193310e-01 -3.15853000e-01]
 [-6.77002221e-02  3.25615220e-02  7.51410723e-02  7.75222201e-03 -5.11994073e-03 -4.63924669e-02  1.11457340e-01 -4.88301404e-02  5.83851971e-02 -1.43168718e-02  3.83478254e-02 -2.43344605e-02  7.42832804e-03  7.21218139e-02  5.29560223e-02  7.95523636e-03]
 [ 7.41809532e-02 -5.22679128e-02  9.36612859e-02  1.70670711e-02  1.12846747e-01  1.02026470e-01  5.32155670e-02  1.71437338e-01  9.33201388e-02  1.10427598e-02  8.92682523e-02  9.46936011e-02  1.39439851e-01  4.49896492e-02  8.87068138e-02  1.17542028e-01]
 [-2.42847241e-02  5.02292626e-02  7.89523646e-02 -2.47372352e-02 -2.28811093e-02 -1.98523641e-01 -3.62019688e-02  1.55757576e-01  5.96324019e-02  5.36865219e-02  7.53997937e-02 -6.42762799e-03  8.15526769e-02  8.73217210e-02  6.86594546e-02  1.91842705e-01]
 [-2.76235528e-02  1.41972199e-01  1.97706863e-01 -1.55043095e-01 -5.36060333e-02 -4.01478820e-02 -7.35988980e-03 -4.65523787e-02  7.73399472e-02  3.87301706e-02  2.86396947e-02 -2.82916352e-02  4.69308756e-02 -1.97286922e-02  1.45458743e-01 -3.31507713e-01]]
R:
[[0.05678379 0.05678379 0.05678379 0.24382575 0.05678379 0.05678379 0.06139164 0.29729608 0.05678379 0.05678379]
 [0.05858961 0.05858961 0.05858961 0.27431318 0.05858961 0.05858961 0.06242528 0.25313428 0.05858961 0.05858961]
 [0.05668677 0.05668677 0.05668677 0.25578868 0.05668677 0.05668677 0.06118596 0.28621796 0.05668677 0.05668677]
 [0.07544096 0.07544096 0.07544096 0.07544096 0.07544096 0.07544096 0.08122057 0.3152517  0.07544096 0.07544096]
 [0.05623487 0.05623487 0.05623487 0.2378029  0.05623487 0.05623487 0.06080628 0.30774668 0.05623487 0.05623487]
 [0.05921762 0.05921762 0.05921762 0.26068398 0.05921762 0.05921762 0.06378745 0.26100522 0.05921762 0.05921762]
 [0.05654384 0.05654384 0.05654384 0.26694226 0.05654384 0.05654384 0.06071429 0.27653658 0.05654384 0.05654384]
 [0.0565298  0.0565298  0.0565298  0.287017   0.0565298  0.0565298  0.06066137 0.25661305 0.0565298  0.0565298 ]
 [0.05717182 0.05717182 0.05717182 0.22847049 0.05717182 0.05717182 0.06147694 0.3098499  0.05717182 0.05717182]
 [0.06168987 0.06168987 0.06168987 0.24777837 0.06168987 0.06168987 0.06490104 0.25549144 0.06168987 0.06168987]
 [0.05876593 0.05876593 0.05876593 0.24323685 0.05876593 0.05876593 0.06241203 0.28298962 0.05876593 0.05876593]
 [0.057655   0.057655   0.057655   0.28726017 0.057655   0.057655   0.06211499 0.24703982 0.057655   0.057655  ]
 [0.05803015 0.05803015 0.05803015 0.2428995  0.05803015 0.05803015 0.05803015 0.29285932 0.05803015 0.05803015]
 [0.05802226 0.05802226 0.05802226 0.23659995 0.05802226 0.05802226 0.06100348 0.29624084 0.05802226 0.05802226]
 [0.05477462 0.05477462 0.05477462 0.28826058 0.05477462 0.05477462 0.05958638 0.26873064 0.05477462 0.05477462]
 [0.05598402 0.05598402 0.05598402 0.26265272 0.05598402 0.05598402 0.06013852 0.28532058 0.05598402 0.05598402]]
distance_matrix:
[[0.3600664  0.48356104 0.3800416  1.2912035  0.3585868  0.43166256 0.41298246 0.5132065  0.357975   0.43468332 0.36935377 0.54263115 0.3628211  0.35660648 0.49191856 0.3939762 ]
 [0.32758856 0.3525095  0.31522846 1.5746255  0.34727955 0.33279657 0.31862354 0.36328077 0.36521864 0.3527527  0.3232708  0.38270235 0.32645893 0.33546305 0.3521676  0.31605387]
 [0.24771452 0.25975895 0.23427963 1.4211488  0.2711172  0.23804712 0.23714638 0.27909422 0.28577948 0.24831963 0.23414803 0.29237795 0.24451828 0.25171423 0.27622652 0.23807573]
 [0.2733636  0.29923534 0.2632885  1.4462667  0.2933874  0.2754941  0.26899815 0.31708193 0.30754519 0.28762722 0.26438522 0.3337121  0.27030754 0.277452   0.31026602 0.2670741 ]
 [0.29513264 0.36884546 0.29838133 1.4002485  0.30423403 0.3339634  0.3159852  0.3875618  0.31371784 0.34707212 0.29851198 0.412529   0.29625177 0.29811573 0.37052822 0.30511093]
 [0.6043401  0.79666615 0.64495754 1.3857751  0.5874872  0.72614336 0.6964598  0.8326974  0.57742167 0.7246132  0.62769604 0.87211275 0.6105404  0.596189   0.80006266 0.6651397 ]
 [0.67556524 0.83325005 0.7053089  1.5506177  0.6662693  0.77316904 0.74692154 0.8643584  0.661818   0.7756233  0.69291973 0.8995843  0.6796198  0.6703887  0.83640814 0.7215581 ]
 [0.29642773 0.26018    0.26490736 1.7050076  0.32962275 0.25835896 0.25102186 0.26242352 0.35750198 0.285789   0.28173113 0.27400494 0.29422522 0.31038284 0.25949764 0.25911903]
 [0.6479907  0.48355484 0.579916   2.2677503  0.7102995  0.51295424 0.53336716 0.48050547 0.75230455 0.5413742  0.60240936 0.47080183 0.6368103  0.6669326  0.5029702  0.56514406]
 [1.5220165  1.2362809  1.4137034  3.5455885  1.6103301  1.3059063  1.3304086  1.2084475  1.6760302  1.3572059  1.4609504  1.1869001  1.5078712  1.5561924  1.242343   1.3822861 ]
 [0.3375082  0.36027288 0.3276391  1.4753475  0.35858297 0.33508205 0.33373404 0.38182735 0.37111378 0.34316397 0.32521582 0.3962221  0.33398867 0.33995056 0.3780136  0.3328638 ]
 [0.41369534 0.32309008 0.3650651  1.9695597  0.45882273 0.33747292 0.33569002 0.3174591  0.4956503  0.37167215 0.3898692  0.3223114  0.40971422 0.432909   0.32168007 0.35319042]
 [0.47758865 0.3697114  0.4245782  2.0432844  0.5267205  0.38747597 0.39129972 0.36525822 0.5644131  0.41944075 0.44813967 0.36661148 0.47067404 0.49607277 0.3741932  0.41215897]
 [0.4819069  0.35177946 0.42174482 2.1125498  0.5359206  0.3763361  0.38201475 0.34360504 0.5775652  0.41177607 0.4491496  0.3423233  0.47506475 0.5030308  0.35509872 0.4066944 ]
 [0.42280293 0.54148626 0.43883657 1.4555216  0.42165518 0.49579144 0.4678359  0.56192493 0.426239   0.5086036  0.4370551  0.5944681  0.42668104 0.42396736 0.5359297  0.44862366]
 [0.2852354  0.3548379  0.28680563 1.4156561  0.2951188  0.32196236 0.30282164 0.37160683 0.3059702  0.3370118  0.28882647 0.39667416 0.28629065 0.28923512 0.35427475 0.2924919 ]]
