hid1:
[[-1.18898109e-01  2.18094617e-01 -1.27237946e-01  8.43494087e-02 -6.87614083e-03 -1.63975246e-02  1.41315497e-02 -3.64641070e-01 -1.30820051e-01  2.94475090e-02 -7.23094679e-03 -3.34534675e-01 -8.15778673e-02  2.15054154e-02  8.85042101e-02 -1.90951787e-02]
 [ 2.53041983e-02  5.22030056e-01 -1.71514958e-01 -4.60996525e-03 -7.87966698e-02  1.57217205e-01 -2.15974450e-03 -6.96813762e-02  1.55531000e-02  1.80684030e-04  6.37609586e-02 -3.98948997e-01 -4.44688052e-02 -7.25014806e-02 -7.60950893e-03 -5.84828481e-03]
 [ 4.05474007e-02  5.51589489e-01 -3.77818495e-02  1.39740497e-01  2.55676150e-01  1.50192417e-02  2.50229985e-02  1.74001232e-02  8.02403241e-02  1.24540329e-02  3.10670026e-03 -2.41314203e-01 -2.50716805e-02  6.03508949e-02 -1.44926459e-03  4.68012169e-02]
 [ 1.84261352e-02  3.54687035e-01  4.21097130e-02 -9.27075371e-03  5.88178784e-02 -1.22947991e-03  1.99736306e-03  3.59171778e-02 -1.05760425e-01  4.01634797e-02  5.28703965e-02 -2.87646711e-01 -5.85595667e-02  3.10046375e-02  3.62041965e-02  1.51411071e-02]
 [-1.49592698e-01  4.73068893e-01 -4.42023575e-02 -2.75932625e-03 -3.44158523e-03 -6.40166104e-02 -7.16007128e-02  5.54870106e-02  6.96320534e-02  9.70460773e-02  1.07497357e-01 -5.53005219e-01  4.71753534e-04  8.52236301e-02 -1.54607929e-03  4.43812534e-02]
 [ 3.84963453e-01  4.73228633e-01 -1.84182733e-01 -9.47617590e-02  9.15338844e-03  1.33264780e-01 -4.09035292e-03  9.22984928e-02  3.90097499e-02 -1.72044307e-01  3.60117331e-02 -2.57269889e-01  4.73953635e-02  2.74895698e-01 -1.61845684e-02  1.00829941e-03]
 [-1.41125530e-01  4.68659997e-01 -3.61377150e-02 -4.12446856e-02  4.27147821e-02  8.51499289e-02 -2.06482410e-03  4.93308157e-03 -7.35881031e-02  2.28567570e-02  2.65389569e-02 -4.04831886e-01 -1.39745492e-02  3.81350368e-02  3.21879089e-02 -9.83760953e-02]
 [-1.05608642e-01  5.08193932e-02  8.74400022e-04  7.04100132e-02  1.21096909e-01  3.94846871e-02 -2.93952711e-02  2.67492570e-02  3.77897471e-02  9.80726257e-02  2.20273346e-01 -4.09220129e-01 -6.56440407e-02 -2.63855606e-03 -5.12900949e-03 -7.87951499e-02]
 [ 2.20265910e-02  5.13853431e-01 -3.56663764e-03  5.83490431e-02  1.19695231e-01 -1.30014122e-02 -6.72207624e-02 -2.34117731e-04 -2.21185535e-01 -5.26548177e-03  1.72318127e-02 -3.56426626e-01 -1.35404170e-02 -1.64202988e-01 -1.47114061e-02  6.06232509e-03]
 [-4.04255986e-02  4.34519827e-01  2.77924985e-02  1.86771706e-01 -3.93335335e-02 -7.81126320e-04  5.53019717e-03 -9.02661681e-03 -2.72194147e-02  1.28879964e-01  4.31297794e-02 -3.46502841e-01  2.34889537e-02 -4.85732704e-02 -3.00681219e-03 -6.39751703e-02]
 [-6.45444915e-03  3.10090244e-01  1.17705837e-02 -2.82951184e-02 -7.94422925e-02 -1.56287104e-04  6.07353449e-03  8.19781870e-02  4.39961217e-02 -2.57026434e-01  4.80636284e-02 -3.48723292e-01  9.36317444e-03 -6.51465803e-02 -8.32280442e-02  2.28997730e-02]
 [ 1.02091283e-02  2.21106857e-02  1.34396777e-02  3.50997485e-02 -4.34986353e-02  3.17038968e-04  1.30839646e-04  2.05713138e-02 -1.31621510e-02  2.58666575e-02  4.29290906e-02 -3.25092733e-01 -1.38489455e-02 -1.48458377e-01 -6.17734641e-02  8.24645907e-03]
 [-5.57794496e-02  5.05353451e-01  2.27602161e-02 -1.06349681e-02 -6.23710454e-03  7.20127895e-02 -2.97306478e-02 -1.07100874e-01 -2.07864866e-03  4.33410332e-02  2.57270914e-02 -2.90618867e-01 -6.74476624e-02 -3.27392012e-01  4.28064838e-02 -2.70742807e-04]
 [ 1.56956732e-01  3.71411264e-01  2.22976506e-02  1.19273886e-02  1.14217430e-01  3.53462435e-02 -2.55604684e-02 -4.36838865e-02  2.01267749e-02 -5.01995534e-03  2.15567779e-02 -2.71951020e-01  5.79630733e-02  1.79537982e-02 -9.11502466e-02  5.82865998e-03]
 [-8.49849582e-02  5.00472307e-01 -1.11524820e-01 -1.33455783e-01 -1.72662735e-01 -2.31784545e-02  6.73625469e-02 -4.57277521e-02  1.31768510e-02  6.18361533e-02  5.56886196e-03 -3.02696884e-01 -3.96441221e-02 -8.60545188e-02 -1.33171290e-01  4.49070111e-02]
 [ 4.04265225e-02  2.15978205e-01 -1.61109567e-01  2.27876946e-01 -1.35338187e-01 -7.13396072e-02 -1.44445198e-03  5.55465631e-02 -5.97815141e-02  1.77548826e-02  1.33577380e-02 -2.84424484e-01 -2.01845169e-03  8.70085210e-02  6.78767264e-02 -3.41574848e-03]]
hid2:
[[-1.58571098e-02  4.32003587e-01  3.00373882e-03 -2.05762312e-03 -1.52059570e-02  3.07953730e-03 -3.24783996e-02  4.83854488e-02  8.51610303e-03 -1.52317360e-02  7.90085420e-02 -3.25458676e-01 -1.29720345e-02  2.10177843e-02 -5.01997806e-02  1.89782828e-02]
 [-1.54271061e-02  4.28745091e-01  1.86713226e-02  1.35952607e-02  3.82076344e-03  2.77925003e-03 -3.31261791e-02  2.68768426e-02  3.91434506e-03 -2.91409492e-02  6.16967753e-02 -3.19444507e-01 -1.43771470e-02  1.12481434e-02 -7.08517134e-02  2.01355666e-03]
 [-3.78974248e-03  4.31962460e-01 -1.42899193e-02 -6.79174066e-03 -2.10100133e-02  4.00781445e-03 -5.23851737e-02  6.15748316e-02 -1.85908601e-02 -4.55750152e-04  7.59650916e-02 -3.29497218e-01  2.32932717e-03  2.67460681e-02 -3.38873900e-02  4.06211317e-02]
 [-2.28074146e-03  4.27883238e-01 -5.98858297e-03  1.25503913e-02 -5.16977571e-02  5.09158596e-02 -7.04287589e-02  6.46715611e-02  2.78623775e-03 -6.21380657e-03  1.27500296e-01 -3.22416544e-01 -2.09831074e-02  2.10156571e-02 -2.48882882e-02  1.67448521e-02]
 [-1.71262268e-02  4.32559580e-01 -2.40730308e-03 -8.80658627e-06 -1.68793425e-02  6.23174943e-04 -3.53978984e-02  4.61019427e-02 -5.26279211e-04 -8.55993293e-03  7.61940628e-02 -3.27422142e-01 -1.16968378e-02  1.89917907e-02 -5.52866124e-02  2.85817981e-02]
 [-1.11500509e-02  4.33324218e-01 -8.62294808e-03 -4.05019149e-03 -2.80630216e-02  1.38829071e-02 -4.57458533e-02  6.49043769e-02 -4.69499826e-03 -6.77120313e-03  8.94546956e-02 -3.29438776e-01 -1.02084577e-02  2.99271401e-02 -3.48285101e-02  3.49461883e-02]
 [-6.28453726e-03  4.32591289e-01 -2.10858770e-02  1.50512531e-03 -3.29531133e-02  1.48549620e-02 -5.92505373e-02  6.30085170e-02 -2.26694606e-02  8.78628343e-03  8.80349949e-02 -3.30710322e-01 -2.42878497e-03  2.38490198e-02 -3.54005955e-02  4.65649143e-02]
 [-1.18760886e-02  4.37260896e-01 -5.51837832e-02 -2.39942968e-03 -7.35268295e-02  2.51993798e-02 -6.56972155e-02  8.39902312e-02 -2.02508643e-02  4.96436059e-02  1.24939553e-01 -3.38786483e-01 -4.40099090e-03  2.17325557e-02 -1.79108158e-02  7.29270577e-02]
 [-1.76115558e-02  4.31383401e-01  3.80624458e-03  7.57556781e-03 -8.82220641e-03  6.43873587e-04 -3.20323221e-02  3.72323766e-02  4.64520231e-03 -1.23110618e-02  7.08517730e-02 -3.23640555e-01 -1.17462799e-02  1.24447979e-02 -6.20414950e-02  1.45926625e-02]
 [-1.52766639e-02  4.33650613e-01 -1.15786120e-03  3.17893550e-03 -1.88467652e-02  1.34122251e-02 -3.99625152e-02  5.81598245e-02 -3.21061537e-03 -1.39915943e-02  8.12398717e-02 -3.27902943e-01 -1.34314597e-02  2.84040309e-02 -4.47464734e-02  2.76633352e-02]
 [-2.23072823e-02  4.35714990e-01  8.60485435e-03 -1.43613629e-02  1.04540642e-02 -2.53353119e-02  2.74997111e-03  4.93152887e-02  3.52990739e-02 -1.95962284e-02  5.34222797e-02 -3.23769987e-01 -2.43468583e-03  2.20375974e-02 -4.73314859e-02 -2.67735869e-03]
 [-7.38941971e-03  4.35688376e-01 -3.60725969e-02  3.81221995e-03 -5.16368002e-02  2.94798166e-02 -6.41007498e-02  8.17747489e-02 -2.10689381e-02  2.46526804e-02  1.08154841e-01 -3.33924979e-01 -3.37704271e-03  2.85832975e-02 -1.83724500e-02  5.36896437e-02]
 [ 1.68067627e-02  4.31532681e-01  2.85990164e-03 -1.03606842e-02  1.34934280e-02  1.22027649e-02 -6.66187853e-02  8.63406882e-02 -4.92008366e-02 -3.73697318e-02  4.08953167e-02 -3.28399092e-01  2.04202980e-02  5.99074103e-02 -6.08762354e-03  3.60170677e-02]
 [-6.53498480e-03  4.31573093e-01 -1.87293887e-02  4.95363027e-03 -3.57485712e-02  1.95063073e-02 -6.16621524e-02  5.95425814e-02 -2.07400657e-02  7.35386647e-03  9.30880234e-02 -3.29431921e-01 -6.08973205e-03  2.10882276e-02 -3.82803418e-02  4.34112549e-02]
 [-3.00484467e-02  4.46221948e-01 -1.38611440e-02 -2.20235884e-02 -6.87447982e-03 -1.31806964e-02  1.37361176e-02  9.61309299e-02  4.20027934e-02 -2.45220214e-03  7.01517835e-02 -3.33587289e-01 -7.36601651e-04  4.73419391e-02 -1.08487755e-02  1.33738741e-02]
 [-1.71920974e-02  4.32955623e-01  3.85925174e-03  3.77295166e-03 -1.12604043e-02  6.14315923e-03 -3.09531763e-02  4.96263467e-02  7.43050501e-03 -1.61624905e-02  7.55111352e-02 -3.25019181e-01 -1.27295926e-02  2.19010059e-02 -5.07406741e-02  1.52845383e-02]]
topics:
[[ 0.09951419  0.43454182 -0.48808992 -0.83756614 -0.5676839  -0.4809406   0.10912963  0.36207217  0.49412927  0.5583807   0.57167363 -0.42451438  0.21660793 -0.02248694  0.5320943   0.33520794]
 [ 1.4622251   0.39003497  0.49689093  0.02567484  0.35941362  0.5856063   0.05760508 -0.13489696 -0.952619   -0.2794121  -0.41915315 -0.15291442 -0.14642999  0.16470428  0.63655347  0.52304024]
 [ 0.1448573   0.2734407  -0.12617856  0.67091936 -0.62456805  0.7733408  -1.1970295  -0.43697622 -1.0650643   0.18989687  0.59197044 -0.32857445 -0.32326367 -0.31368545 -0.6268953   0.6660344 ]
 [-0.10852497  0.455723    0.17074431 -0.05681856  0.6755918  -0.65886426  0.26338705 -0.3238707  -0.3523772  -0.21775073 -0.88185865 -0.36349294  0.18863626  0.0088559  -0.5733772   0.18700844]
 [-0.40518802  0.6800271  -0.33684212  0.6845213  -0.2231774   0.7227844   0.21114492  0.73063123  0.10122239  0.3573716   0.37794513 -0.4263758  -0.19984987  0.2830888   0.23454402 -0.07559767]
 [-0.07661568  0.25564593 -0.44522545  0.7086236   1.0705928   0.24047033 -0.6950572  -0.2759107  -0.35330096  0.00587032 -0.30308947 -0.20703293 -0.16316499  0.06774143 -0.9737519  -1.1385466 ]
 [-0.3458478   0.41098708  0.08686414  0.16168842 -0.17111535 -0.16194093  0.34812587 -0.52317095  0.61355376  0.16793023  0.33416182 -0.24751255 -0.33163396 -0.49440235 -0.65188646 -0.29644763]
 [-0.07015761  0.5064213   0.47810254 -0.64534086  0.08197336  0.0414151   0.22592445  0.6861361   0.18060666 -0.94828594  0.10196691 -0.46635196 -0.31110325  0.91887754  0.3800936   0.2893867 ]
 [-0.17278326  0.34831798  0.9055245   0.10169592 -0.21223846 -0.6636817  -0.18232352  0.6650658   0.19934781 -0.86994404  0.10255831 -0.11375938 -0.2147905   0.16461028  0.2952312   0.5717923 ]
 [-0.0709933   0.4149236  -0.4580009  -0.854667   -0.09430456 -0.18142234 -0.06319637 -0.15776739  0.70109016  0.4255835  -0.08360955 -0.373271    1.5934887  -0.37701523  0.71951944 -1.1752381 ]]
R:
[[0.12361144 0.07021347 0.09825604 0.12225532 0.12289725 0.07021347 0.15165767 0.10046842 0.07021347 0.07021347]
 [0.10201489 0.07434252 0.09659646 0.1252157  0.11582594 0.07434252 0.16499798 0.09797893 0.07434252 0.07434252]
 [0.14145145 0.07003814 0.10837363 0.13264094 0.1277875  0.07003814 0.11846381 0.09113011 0.07003814 0.07003814]
 [0.1250829  0.07615904 0.11569353 0.07615904 0.12843114 0.07615904 0.14728524 0.10271203 0.07615904 0.07615904]
 [0.12785462 0.06769924 0.10285647 0.13144752 0.12468973 0.06769924 0.14603044 0.09632418 0.06769924 0.06769924]
 [0.13487342 0.06880017 0.10663489 0.120232   0.1301307  0.06880017 0.132249   0.1006793  0.06880017 0.06880017]
 [0.14380017 0.06808697 0.11526096 0.12859467 0.13331567 0.06808697 0.11810782 0.08857285 0.06808697 0.06808697]
 [0.17674075 0.06006166 0.12572484 0.12288915 0.15061499 0.06006166 0.10518725 0.07859633 0.06006166 0.06006166]
 [0.11823569 0.07062789 0.09839989 0.12862566 0.12299122 0.07062789 0.15596282 0.09327314 0.07062789 0.07062789]
 [0.12429257 0.06917479 0.10370757 0.12345625 0.13016213 0.06917479 0.13986826 0.10181407 0.06917479 0.06917479]
 [0.1222958  0.07219787 0.07219787 0.13493896 0.12440789 0.07219787 0.16055915 0.09680888 0.07219787 0.07219787]
 [0.15531886 0.06650686 0.11850691 0.11858206 0.14662679 0.06650686 0.10880058 0.08613738 0.06650686 0.06650686]
 [0.12488866 0.0800621  0.10398541 0.13805053 0.12864672 0.0800621  0.0800621  0.10411819 0.0800621  0.0800621 ]
 [0.14032803 0.06867164 0.11686659 0.12285627 0.13173532 0.06867164 0.12386739 0.08965985 0.06867164 0.06867164]
 [0.14309989 0.06690121 0.06690121 0.13330725 0.15320721 0.06690121 0.13521117 0.10066839 0.06690121 0.06690121]
 [0.11931987 0.07089677 0.09662091 0.12317086 0.12684488 0.07089677 0.15118448 0.09927188 0.07089677 0.07089677]]
distance_matrix:
[[1.8835354  1.9439378  1.8363466  2.0160794  1.8541517  1.8565235  1.8467436  2.0554152  1.8814478  1.8617239  1.9949417  1.9281769  1.9757938  1.8400946  2.0631924  1.8890738 ]
 [2.7289639  2.836307   2.6673136  2.80403    2.7010717  2.6713085  2.6559353  2.7724066  2.738267   2.688941   2.8378925  2.6748343  2.8355007  2.6519585  2.791813   2.7272134 ]
 [0.8680439  0.8858552  0.94110584 1.0430837  0.8741865  0.90872097 0.97423077 1.2692938  0.86296463 0.88055897 0.88632107 1.08498    1.1089191  0.9565897  0.9823942  0.864326  ]
 [1.7262583  1.8048453  1.6850576  1.8334613  1.7135067  1.6878014  1.7065964  1.9342403  1.7490463  1.6972666  1.8315935  1.7802639  1.7521143  1.7010012  1.8588762  1.7323089 ]
 [1.9112787  2.034305   1.9215174  1.9695706  1.9169474  1.8766975  1.9289818  2.0760956  1.9521189  1.8940363  1.9861822  1.9544592  2.0993948  1.9165955  1.933054   1.9186502 ]
 [2.704936   2.8996816  2.5147772  2.7705112  2.636654   2.5593843  2.4789915  2.4634285  2.7355328  2.616765   2.8906431  2.4448376  2.6524534  2.4957228  2.7272844  2.7128425 ]
 [1.1315613  1.2713618  1.0474491  1.2505879  1.096015   1.0627642  1.0444412  1.1366386  1.1536283  1.0932541  1.2291756  1.0646372  1.2196493  1.049757   1.159482   1.1395459 ]
 [3.291194   3.5104527  3.1439734  3.4080977  3.2295856  3.17103    3.1094837  3.0399475  3.3185616  3.2263422  3.3874826  3.053609   3.3930006  3.1301289  3.1660614  3.2961497 ]
 [2.2816849  2.1904664  2.5031652  2.5114455  2.310463   2.4252682  2.5446491  2.9607716  2.2319613  2.3405008  2.2331944  2.7169724  2.7759323  2.503849   2.4671392  2.2630076 ]
 [3.4772997  3.4253736  3.6784945  3.616693   3.4994478  3.5861979  3.6924295  4.029112   3.444891   3.5232906  3.515091   3.831256   4.011567   3.6437035  3.7296915  3.4709897 ]
 [1.9938331  2.0298033  2.089415   2.1540413  1.9999957  2.0347772  2.1095872  2.3616204  1.9939036  2.0089536  2.0222926  2.2038083  2.3304906  2.0873399  2.0972085  1.9935322 ]
 [2.2532892  2.3862748  2.2141962  2.3295093  2.2403145  2.1984987  2.2129908  2.3220997  2.282507   2.221612   2.329568   2.2228374  2.3843336  2.2101736  2.2447767  2.2555318 ]
 [1.8456564  1.798408   2.0335855  1.881125   1.8819561  1.9384356  2.0478544  2.3967962  1.8329916  1.893754   1.9481592  2.1872892  2.3321657  1.9883165  2.2089567  1.8524013 ]
 [2.334322   2.3251166  2.5203915  2.4985108  2.3628988  2.4312067  2.5502825  2.8659744  2.3252602  2.3841038  2.3333387  2.678546   2.828268   2.5117884  2.4921675  2.3351674 ]
 [1.085082   1.207891   0.99745274 1.201488   1.0491619  1.0238419  0.9942732  1.0948267  1.0942907  1.050705   1.1712294  1.0166922  1.1709566  0.99901676 1.1191607  1.088326  ]
 [1.917458   1.9750166  1.9249587  2.0330973  1.9191804  1.9128137  1.952971   2.2021604  1.9310155  1.9109073  1.9756246  2.0346608  2.0373588  1.9414029  2.0262313  1.9196424 ]]
