hid1:
[[0.         0.         0.02523011 0.         0.         0.         0.00447835 0.10448303 0.         0.         0.06894892 0.        ]
 [0.02715916 0.09421454 0.         0.         0.         0.04805163 0.         0.05952135 0.         0.05829524 0.12097049 0.        ]
 [0.         0.         0.04155822 0.01704112 0.         0.09722399 0.         0.0843272  0.03335439 0.10205679 0.08190437 0.03273259]
 [0.         0.01734011 0.03444429 0.07257707 0.         0.13756397 0.10863142 0.08608019 0.         0.         0.12656726 0.        ]
 [0.         0.07856343 0.         0.0886829  0.         0.11361068 0.07248071 0.01070484 0.         0.1492936  0.0221292  0.        ]
 [0.         0.         0.10143632 0.         0.         0.03444229 0.11472871 0.06171889 0.         0.00351055 0.09124292 0.13881691]
 [0.         0.         0.19794875 0.         0.         0.         0.09214294 0.         0.         0.         0.03022741 0.2123961 ]
 [0.         0.         0.32301304 0.         0.         0.         0.         0.0497274  0.         0.         0.15546872 0.33590034]
 [0.         0.09738158 0.         0.10279352 0.         0.01248485 0.05921604 0.1815511  0.         0.09092998 0.20773013 0.        ]
 [0.         0.07205203 0.0046919  0.1245079  0.         0.0499918  0.19197127 0.21387273 0.         0.12077759 0.16030002 0.1394818 ]
 [0.         0.02848336 0.         0.         0.01930812 0.08615153 0.         0.03094726 0.         0.09300645 0.         0.        ]
 [0.13652033 0.07281248 0.         0.13177674 0.03441549 0.09467377 0.         0.02048275 0.0660261  0.16661347 0.         0.        ]]
hid2:
[[-0.00791834  0.05937421  0.02399364  0.04591493 -0.04427812  0.04523884  0.07158406  0.09206917  0.02763847  0.10507758  0.11036546  0.09789809]
 [ 0.00408792  0.06956302  0.05589314  0.02939523 -0.10587864  0.04110242  0.047174    0.06495678 -0.00907143  0.11695578  0.07343962  0.07817196]
 [ 0.00361339  0.06894909  0.05674972  0.03216628 -0.11476919  0.03820257  0.03444338  0.06336098 -0.01357299  0.12674876  0.06635967  0.07695749]
 [-0.02117803  0.04889571  0.03481286  0.04652445 -0.0401324   0.05518416  0.07014293  0.0885261   0.01762972  0.10624125  0.10768908  0.09094481]
 [-0.01129385  0.05497225  0.02961684  0.06014161 -0.0473098   0.05420117  0.05229653  0.08800542  0.01974664  0.1039207   0.1039135   0.08922743]
 [ 0.00792325  0.06852335  0.02021412  0.03435533 -0.03787209  0.04349487  0.09638622  0.09714329  0.03680253  0.08490744  0.12507182  0.10209695]
 [-0.0227423   0.05005963  0.03228468  0.05087386 -0.04166051  0.05325719  0.06251208  0.08657637  0.01998539  0.111026    0.10396535  0.09266087]
 [ 0.08294305  0.14743015  0.00425397  0.00184438 -0.10696758 -0.01316653  0.0585961   0.05500019  0.0823507   0.09450894  0.09899922  0.14261378]
 [-0.00644129  0.05919372  0.02829881  0.05265561 -0.05356918  0.04722857  0.05411618  0.08770075  0.02124849  0.10874435  0.10282546  0.09311822]
 [-0.01201563  0.05808396  0.03074789  0.05215593 -0.05384537  0.04712535  0.0478902   0.08268574  0.0217144   0.11497392  0.09865548  0.09486565]
 [-0.01360389  0.04551554 -0.01106981  0.07574979 -0.06331439  0.02266052  0.06291306  0.13222416  0.01196335  0.14500035  0.09931903  0.09053012]
 [ 0.03957559  0.10775317 -0.01010786  0.06461885 -0.07353248  0.00477526 -0.01216881  0.07218371  0.07842427  0.13310944  0.0944359   0.13736095]]
topics:
[[ 0.15299504  0.19935451 -0.10477802  0.06759588 -0.33122027 -0.18394332 -0.17403002  0.09232283  0.06117329  0.34269854 -0.03597242  0.17688112]
 [-0.15054186 -0.08776256  0.13657081  0.0685292  -0.04775512  0.15630156  0.12175614  0.11792976 -0.16583626  0.11097124  0.07247261 -0.04214362]
 [ 0.01914135  0.16368738  0.3997961  -0.08323026 -0.05057693  0.25767615 -0.2235819  -0.35509723  0.05789886 -0.09755893  0.03466174  0.09789732]
 [ 0.54578626 -0.10446481  0.3824513   0.4112651  -0.27952662  0.61072916  0.9387922   0.37022412 -0.09901931  0.02416133 -0.03148505  0.01132121]
 [-0.4218263  -0.09199507 -0.20530741 -0.5187408  -0.02486537 -0.29726133 -0.37165785  0.4368068   0.03900781  0.11568965  0.0459584   0.09120671]
 [-0.09039772 -0.02564662 -0.04813313  0.19950968  0.12243156  0.10373703 -0.00771728  0.16930309  0.07540902  0.11498477  0.17311186  0.1047408 ]
 [ 0.10445832  0.25437412 -0.6816485   0.5006076   0.00447425 -0.16756845  0.82403004  0.55474955  0.26033643 -0.21340407  0.17488673  0.04320941]
 [ 1.0295992  -0.771965    0.14662898 -0.04354747  0.44532365  0.5533209   0.71115494  0.33908448  0.29505214 -0.4402869   0.75274706  0.35271934]
 [-0.27286842  0.454478   -0.1916476  -0.6945203   0.24934047 -0.4657792   0.6203602  -0.34661996  0.8794731   0.49319148  0.09362701  0.89630246]
 [-0.30450898  1.0515891  -0.00127227 -0.32817176 -0.09025317 -0.48306653 -0.04857522 -0.02191532 -0.49188185 -0.13335769  0.6723634  -0.2944772 ]]
R:
[[0.19162266 0.26932728 0.11461122 0.03115127 0.03115127 0.21613109 0.04517075 0.03115127 0.03853188 0.03115127]
 [0.27438462 0.38183627 0.14975409 0.02513551 0.02513551 0.02513551 0.04321199 0.02513551 0.02513551 0.02513551]
 [0.29625997 0.39145273 0.14457361 0.02177343 0.02177343 0.02177343 0.0370731  0.02177343 0.02177343 0.02177343]
 [0.17212592 0.31296957 0.11235369 0.02751989 0.02751989 0.21643671 0.03816065 0.02751989 0.03787394 0.02751989]
 [0.1945607  0.27279067 0.12806769 0.02496555 0.02496555 0.23436083 0.04436859 0.02496555 0.02598924 0.02496555]
 [0.17358024 0.22973809 0.12721954 0.04325993 0.04325993 0.19426717 0.05889529 0.04325993 0.04325993 0.04325993]
 [0.18069907 0.30712512 0.11284722 0.02415097 0.02415097 0.22821364 0.03748242 0.02415097 0.0370287  0.02415097]
 [0.34779224 0.05023637 0.21688606 0.05023637 0.05023637 0.05023637 0.08366719 0.05023637 0.05023637 0.05023637]
 [0.21011326 0.27197373 0.12292055 0.02721386 0.02721386 0.21415223 0.04213406 0.02721386 0.02985073 0.02721386]
 [0.21265008 0.28143355 0.12237053 0.02376189 0.02376189 0.21933405 0.03710352 0.02376189 0.03206072 0.02376189]
 [0.25856894 0.31360164 0.02289246 0.02289246 0.02289246 0.24762614 0.03841487 0.02289246 0.02732613 0.02289246]
 [0.33631358 0.02410071 0.15765406 0.02410071 0.02410071 0.31626055 0.04176586 0.02410071 0.02750241 0.02410071]]
distance_matrix:
[[1.1094046  1.490672   1.5673554  1.0989859  1.1022137  1.1710955  1.103812   2.165015   1.1152527  1.1238773  1.3041406  1.8386188 ]
 [1.5708306  1.8736174  1.9328383  1.5955267  1.5404134  1.6306858  1.5897766  2.3464408  1.5454662  1.5588304  1.7627202  2.0412502 ]
 [0.9581032  1.2052044  1.2485812  0.96494746 0.9277642  1.0586604  0.9553447  1.838312   0.9275454  0.9301317  1.0743346  1.4922805 ]
 [0.85920215 1.2986431  1.380968   0.84960973 0.8692111  0.91524184 0.85455585 1.9114351  0.8783051  0.8815037  1.0871971  1.5701659 ]
 [0.9273143  1.124897   1.1469407  0.94009197 0.8868425  1.0669265  0.91600263 1.7259145  0.8789263  0.8682004  1.0029409  1.3200862 ]
 [1.6921296  2.2140532  2.30215    1.6833239  1.668297   1.748386   1.6836767  2.8108299  1.699517   1.7079414  1.9437685  2.3377275 ]
 [2.3465164  2.957146   3.0549064  2.3153799  2.3090813  2.4167411  2.3142471  3.6555455  2.3595686  2.3623693  2.6285582  3.0640912 ]
 [4.4119244  5.085985   5.1931553  4.3599195  4.376492   4.5000954  4.3536854  5.837439   4.4378963  4.4263806  4.7479     5.188513  ]
 [1.5018035  1.8506732  1.9057581  1.5007069  1.504039   1.593724   1.495349   2.4533336  1.4985095  1.4928143  1.6612394  2.081195  ]
 [1.2338876  1.5755786  1.6462578  1.2348452  1.2471348  1.2955698  1.2372255  2.1704931  1.2441612  1.248003   1.4164644  1.9137081 ]
 [0.8762137  1.253546   1.295136   0.88908964 0.84303623 0.9915709  0.8708858  1.8236489  0.84837526 0.84541494 0.96378666 1.2990475 ]
 [1.3144455  1.5492837  1.5694087  1.3474263  1.2574787  1.4442039  1.3179446  1.9968765  1.2528977  1.2461859  1.4218049  1.5348284 ]]
