hid1:
[[0.05968971 0.12054759 0.11117175 0.09520249 0.         0.         0.         0.21757229 0.07858738 0.06975967 0.15217832 0.20134391]
 [0.         0.         0.         0.         0.         0.         0.28107977 0.03814477 0.21439533 0.         0.39964476 0.15805173]
 [0.02787747 0.00306622 0.         0.1835098  0.02966184 0.         0.         0.00723298 0.21298318 0.10932461 0.1902324  0.25166905]
 [0.         0.08258537 0.02865123 0.04337385 0.         0.         0.03389732 0.20749374 0.05816341 0.         0.21493731 0.12388107]
 [0.         0.22892064 0.         0.02835721 0.         0.         0.         0.24940139 0.         0.16732854 0.0415449  0.21166599]
 [0.03922405 0.1571676  0.00640545 0.04163965 0.17618234 0.         0.09528908 0.04113676 0.14937526 0.         0.09053785 0.11689045]
 [0.16287668 0.13177334 0.03897866 0.13710654 0.10818569 0.         0.08072184 0.00963715 0.1266079  0.04350851 0.         0.        ]
 [0.         0.35779324 0.10331269 0.1565912  0.14717525 0.         0.         0.         0.05166672 0.18854778 0.         0.        ]
 [0.         0.07971041 0.31238982 0.15436107 0.06327125 0.01207685 0.0300648  0.31696492 0.10870295 0.11603012 0.1848336  0.12297078]
 [0.         0.22855505 0.3135674  0.25334388 0.24442929 0.         0.0080155  0.28684434 0.2030981  0.1380386  0.09895417 0.        ]
 [0.1192666  0.17809275 0.07303891 0.09519415 0.00377431 0.03750398 0.0817111  0.16208833 0.01227266 0.11591307 0.14782825 0.17017777]
 [0.00703151 0.         0.17545556 0.01240305 0.         0.         0.         0.21949066 0.00958763 0.05124241 0.25154853 0.24806626]]
hid2:
[[ 0.06734803  0.16614984  0.10671498  0.12633702  0.03156992 -0.00664205  0.00625088  0.17627275  0.08410034  0.12107658  0.1450553   0.1777705 ]
 [ 0.15202396  0.20192347  0.1017148  -0.01086186 -0.13395248 -0.06082229 -0.04357247  0.13431376  0.06189248  0.17410769  0.08264872  0.24441075]
 [ 0.138617    0.19062479  0.10394724 -0.02155713 -0.11570137 -0.05002508 -0.02328703  0.14407337  0.0617815   0.15311979  0.10497193  0.2323525 ]
 [ 0.03158716  0.15468141  0.08606738  0.10819453  0.06987445 -0.00917724  0.01602929  0.19887441  0.09710851  0.10587644  0.17871022  0.16527449]
 [ 0.11634712  0.18758953  0.05370874  0.08089524 -0.04120226 -0.04744254  0.01840547  0.18805511  0.08869857  0.16841184  0.1201125   0.21805796]
 [ 0.08002029  0.16248631  0.09979376  0.08369052  0.02084446 -0.00796293  0.05923616  0.17933193  0.08356892  0.09854304  0.16634749  0.17929938]
 [ 0.05143782  0.16073637  0.10601169  0.15547958  0.04991808  0.00160068 -0.01632688  0.18821983  0.08519956  0.1296834   0.14345112  0.16993509]
 [ 0.16407683  0.21554121  0.0779724  -0.0103465  -0.17598294 -0.08796632 -0.12201443  0.14303687  0.05900069  0.2371871   0.04197805  0.2707245 ]
 [ 0.12025538  0.18735576  0.04150832  0.06518255 -0.05548896 -0.05586899  0.00602913  0.1995897   0.08815152  0.18632951  0.11635526  0.22794634]
 [ 0.0676429   0.15609805  0.10531662  0.09616128  0.03558629  0.00207265  0.05319213  0.18539247  0.08368365  0.09467638  0.17136677  0.1710357 ]
 [ 0.1188637   0.18290906  0.04130431  0.05192089 -0.05430952 -0.05493504  0.01457029  0.20591862  0.08912756  0.18557133  0.12377595  0.23028861]
 [ 0.09199958  0.16797489  0.05046503  0.05765288 -0.02554127 -0.036306    0.01244931  0.21949267  0.09057421  0.17041327  0.14269514  0.21373738]]
topics:
[[ 2.18501613e-01  2.68389195e-01 -3.40070352e-02  3.88377309e-02 -2.44915009e-01 -1.81160897e-01 -2.12943316e-01  1.60797417e-01  6.69449121e-02  3.67487550e-01 -4.08380106e-02  3.28455329e-01]
 [-2.80020386e-01 -3.00611183e-02  9.10391062e-02 -8.83547473e-04 -1.32868171e-01  1.91398829e-01  8.32940564e-02  1.48645669e-01 -1.60475016e-01  1.10029735e-01  6.18304685e-02 -4.67744134e-02]
 [ 1.07154749e-01  2.62860924e-01  6.09897733e-01 -1.75591018e-02 -9.15292874e-02  2.97540799e-02 -2.48343468e-01 -3.90092880e-01 -6.22190125e-02 -2.06934303e-01  1.28386850e-02  9.66055468e-02]
 [ 6.51404202e-01 -1.19931661e-01  4.83802855e-01  4.74193215e-01 -3.05329740e-01  7.09679306e-01  1.11348701e+00  5.13098061e-01 -1.61014333e-01 -8.46001599e-03  1.91712141e-01  1.34773523e-01]
 [-3.66315037e-01 -3.77333425e-02 -1.33129954e-02 -6.31652296e-01  1.85216162e-02 -8.80330522e-03 -4.17193413e-01  5.66428781e-01  2.02103227e-01  2.83134580e-01  3.90326649e-01  2.42691442e-01]
 [-3.92417312e-02  1.35132954e-01  1.12981208e-01  3.49413425e-01  2.25154683e-01  5.26695698e-02 -1.67653784e-02  2.19121620e-01  1.05827086e-01  9.54606906e-02  1.79151326e-01  9.85138193e-02]
 [ 1.26311287e-01  3.19351882e-01 -8.28891039e-01  4.78311926e-01  2.50446089e-02 -9.24763978e-02  8.73708248e-01  5.69162011e-01  4.19713110e-01  4.46543843e-02  2.90922821e-01  4.18877564e-02]
 [ 1.15024185e+00 -8.66164863e-01  1.59062371e-01  2.05271438e-01  4.95169759e-01  4.09069330e-01  7.76359737e-01  4.18540716e-01  1.66690782e-01 -9.86487269e-01  3.33358347e-01  1.63034499e-01]
 [ 8.86797383e-02  5.78693092e-01  1.71474546e-01 -4.01954323e-01  2.97381431e-01 -6.70758188e-01  6.90966666e-01 -3.98532808e-01  9.33564126e-01  5.13951004e-01  6.81485236e-02  9.96090829e-01]
 [-4.42985445e-01  1.12301469e+00 -1.35364607e-01 -5.22501290e-01 -5.59429154e-02 -6.94800079e-01 -5.50996996e-02 -3.59938629e-02 -5.75616717e-01 -3.16092148e-02  8.72183979e-01 -2.69607455e-01]]
R:
[[0.23604046 0.02457263 0.09294347 0.04982983 0.07152952 0.42276683 0.0247922  0.02457263 0.02837978 0.02457263]
 [0.500087   0.02536973 0.16513813 0.07040768 0.1016686  0.02536973 0.03096944 0.02536973 0.03025018 0.02536973]
 [0.4414239  0.03269564 0.16554132 0.07417632 0.1199765  0.03269564 0.03540374 0.03269564 0.03269564 0.03269564]
 [0.16273482 0.03414619 0.07078175 0.03414619 0.10300274 0.45860347 0.03414619 0.03414619 0.03414619 0.03414619]
 [0.3936303  0.02982816 0.06178952 0.05756339 0.06930759 0.24895513 0.04264377 0.02982816 0.03662587 0.02982816]
 [0.20902774 0.0412084  0.10079055 0.06599087 0.09073962 0.32598093 0.0412084  0.0412084  0.04263676 0.0412084 ]
 [0.22698833 0.01659928 0.07564771 0.04225583 0.06793578 0.50246394 0.01659928 0.01659928 0.01831128 0.01659928]
 [0.65139544 0.01079315 0.13199566 0.05360263 0.0935877  0.01079315 0.01202051 0.01079315 0.01422548 0.01079315]
 [0.43476132 0.0305161  0.04215223 0.05747246 0.07879861 0.22243972 0.03727883 0.0305161  0.03554861 0.0305161 ]
 [0.18170884 0.03799989 0.09877188 0.06481291 0.09487999 0.3698269  0.03799989 0.03799989 0.03799989 0.03799989]
 [0.42629275 0.03420514 0.03420514 0.06236519 0.08964915 0.2103364  0.03449639 0.03420514 0.04003957 0.03420514]
 [0.35717583 0.03276192 0.03473925 0.06173055 0.11099191 0.26924136 0.03276192 0.03276192 0.03507339 0.03276192]]
distance_matrix:
[[0.42020762 1.873618   1.630474   0.5337013  0.74639714 0.4831668  0.52128756 2.8831067  0.9342483  0.47198868 0.94739044 0.6650413 ]
 [2.9624035  4.5940666  4.2220035  2.97038    3.4037573  2.7859318  3.17927    6.0244946  3.6728175  2.7858734  3.6420932  3.3092763 ]
 [1.019594   2.3167179  2.0708828  1.1363535  1.2544141  1.0183618  1.1667585  3.3315427  1.4215055  1.0335535  1.4151895  1.1676574 ]
 [0.7764703  2.6736293  2.3299212  0.7441288  1.327792   0.7774378  0.87018526 3.934022   1.5787772  0.72887826 1.5771271  1.1909791 ]
 [1.9901478  1.3259063  1.3533866  2.4671881  1.1253562  1.9298275  2.3107708  1.5632763  1.0188475  2.147647   1.015542   1.1803861 ]
 [1.4848446  3.7640705  3.4950128  1.5666806  2.2446384  1.6992061  1.470395   4.955551   2.5490878  1.6078234  2.5984898  2.207017  ]
 [2.499738   4.6297755  4.494823   2.7519615  3.2109797  2.9262638  2.4103127  5.5474176  3.5122004  2.8339498  3.6369681  3.319933  ]
 [3.1827052  5.6793194  5.568712   3.418905   4.0887365  3.799656   2.962745   6.4812183  4.3908644  3.6452513  4.5350657  4.143444  ]
 [0.97870827 2.8205743  2.4076889  0.86214304 1.5618773  0.887666   1.102617   4.168421   1.7949226  0.8309692  1.7495706  1.3026826 ]
 [1.6322708  4.2816486  3.8708727  1.4894111  2.638029   1.791909   1.5724776  5.6405     2.9433858  1.6325303  2.9417632  2.3645086 ]
 [0.6410692  1.3496606  1.233072   0.935519   0.5538385  0.69500446 0.8174064  2.0877788  0.66664815 0.76768434 0.7001021  0.5989206 ]
 [1.8172433  2.7902164  2.408509   1.782062   1.9513917  1.5413787  2.0874636  4.0178437  2.0931234  1.5778338  2.019034   1.7074304 ]]
