hid1:
[[0.         0.01880345 0.00355849 0.         0.         0.         0.00692158 0.         0.         0.00453526 0.00941362 0.        ]
 [0.         0.         0.         0.         0.03868259 0.         0.00306139 0.00172746 0.         0.04157332 0.01795587 0.        ]
 [0.         0.00253328 0.         0.         0.0197409  0.         0.         0.         0.         0.01952755 0.02197981 0.        ]
 [0.00315909 0.01523644 0.00839206 0.         0.         0.         0.00146306 0.         0.         0.         0.01661015 0.0003355 ]
 [0.01152699 0.02783197 0.         0.         0.03299544 0.         0.02366523 0.         0.         0.         0.03150322 0.        ]
 [0.         0.         0.00099818 0.         0.         0.         0.00836364 0.         0.         0.         0.         0.        ]
 [0.         0.02571296 0.         0.         0.         0.00882382 0.01098027 0.         0.00159435 0.         0.         0.        ]
 [0.         0.01436026 0.01171983 0.         0.         0.         0.00092572 0.         0.01138913 0.         0.         0.        ]
 [0.         0.0179257  0.002731   0.         0.         0.         0.02671137 0.02846039 0.00016534 0.03491073 0.01270193 0.        ]
 [0.         0.0164068  0.01727602 0.         0.         0.         0.01353968 0.00552902 0.         0.         0.         0.        ]
 [0.         0.01722227 0.         0.         0.         0.         0.02958944 0.         0.         0.         0.         0.        ]
 [0.00285129 0.         0.         0.         0.03460947 0.         0.02563115 0.03066101 0.         0.00896849 0.04309822 0.        ]]
hid2:
[[ 1.56936180e-02  1.55259548e-02  7.21572340e-03  3.13568860e-03  1.45555148e-03 -1.41616911e-03  1.63806006e-02  1.23039121e-02  3.08871851e-03  3.50624463e-03  1.91383436e-02  6.34640874e-03]
 [ 1.88637618e-02  2.14660615e-02  1.14560788e-02 -1.95136270e-03  1.35719252e-03 -2.01677135e-03  1.92501415e-02  9.03385971e-03  4.93057957e-03  4.31049429e-03  2.01475434e-02  1.01365587e-02]
 [ 1.88525245e-02  2.12491844e-02  1.18977288e-02 -2.03999109e-03  2.23457161e-03 -1.52098259e-03  1.97646040e-02  8.85998271e-03  4.79724957e-03  3.51382676e-03  2.06303243e-02  9.78553761e-03]
 [ 1.46875838e-02  1.78106409e-02  9.51873697e-03  2.56428216e-03  7.30633037e-03 -6.72553651e-05  1.51401050e-02  9.73270182e-03  2.14793696e-03  5.00565395e-03  1.96872242e-02  6.76838169e-03]
 [ 1.49557460e-02  1.87039319e-02  9.80021618e-03  1.83201756e-03  8.01375415e-03 -2.05685719e-05  1.66119989e-02  9.81395505e-03  2.57239048e-03  5.21742366e-03  2.04475801e-02  7.47049833e-03]
 [ 1.59151964e-02  1.64349079e-02  8.09894037e-03  2.38317973e-03  2.76414375e-03 -1.05627778e-03  1.72522813e-02  1.17283361e-02  3.21526546e-03  3.41380690e-03  1.97872277e-02  6.75936649e-03]
 [ 1.57287307e-02  1.60875153e-02  7.69753614e-03  2.99937627e-03  1.43414841e-03 -1.55424280e-03  1.51560837e-02  1.14884553e-02  2.90952669e-03  4.09984589e-03  1.85340494e-02  6.53940160e-03]
 [ 2.29698066e-02  1.65768489e-02  8.25044140e-03 -2.19996693e-03 -1.41364215e-02 -5.04358998e-03  2.23568156e-02  1.33830588e-02  7.41413748e-03 -1.48446334e-03  1.87166333e-02  9.06122476e-03]
 [ 1.50715401e-02  1.86504051e-02  1.00811599e-02  1.81116944e-03  7.72632472e-03 -1.69131872e-05  1.60588957e-02  9.44422651e-03  2.45439634e-03  5.02356468e-03  2.01573707e-02  7.31926411e-03]
 [ 1.57691482e-02  1.72752738e-02  9.12792794e-03  2.08430341e-03  4.25006216e-03 -7.01977639e-04  1.63295735e-02  1.05141019e-02  2.86158035e-03  3.84308957e-03  1.96478199e-02  6.88402401e-03]
 [ 1.36876293e-02  1.91104058e-02  6.90218527e-03  2.58638430e-03  9.37176868e-03 -6.31978095e-04  1.92816984e-02  1.27741555e-02  3.32953455e-03  8.02232604e-03  2.16992609e-02  8.79102014e-03]
 [ 1.80186592e-02  1.11441109e-02  4.85083833e-03  4.01185453e-03 -9.80698597e-03 -3.51293222e-03  1.58681348e-02  1.47865871e-02  4.03650384e-03 -4.70894098e-04  1.68847255e-02  4.64406051e-03]]
topics:
[[ 0.02654587  0.02658492 -0.01308673  0.00251431 -0.07274588 -0.03389218 -0.01519306  0.01835013  0.01364856  0.0389479  -0.013858    0.02611381]
 [ 0.00517531  0.03697614  0.02214229 -0.00132061  0.0546836   0.00902869  0.01209454 -0.00443183 -0.00310672  0.02171656  0.02685671  0.01321519]
 [ 0.03632036  0.00505236  0.05799493 -0.00629239 -0.02567369  0.00885217 -0.04238035 -0.04259381 -0.01325118 -0.04508692 -0.0087392  -0.02028934]
 [ 0.05489131  0.00200781  0.09617966  0.08910897 -0.03339125  0.06166822  0.14943047  0.0633176   0.00466418 -0.05704016  0.02138168 -0.04121081]
 [-0.04782781 -0.03006913  0.03022962 -0.05796247  0.00894216  0.00163864 -0.05041308  0.06021267 -0.03445627  0.01055182  0.03958881 -0.02170612]
 [ 0.000154   -0.00723379 -0.0094201   0.02592299  0.00539766  0.00099252 -0.00415129  0.02224687 -0.00678095  0.0053325   0.01148376 -0.00933203]
 [ 0.08957074 -0.01855223 -0.11392338  0.03598115  0.02694826  0.04878517  0.12788662  0.05084413  0.02008397 -0.02235518  0.02999168  0.00874274]
 [ 0.07035999 -0.00165719 -0.01032259  0.00816573 -0.00985474 -0.0036573   0.11268552  0.06121814  0.08046283  0.03473241  0.05183347  0.12522696]
 [ 0.00162513  0.04948113  0.01514677 -0.05341091 -0.00548435 -0.07375756  0.08662155 -0.03430298  0.06888511  0.06641205  0.01650472  0.0949337 ]
 [-0.02953419  0.09606355 -0.00590956 -0.06957815  0.04139515 -0.02759911 -0.00346558 -0.00738051 -0.04509609 -0.10016318  0.10919704 -0.08615236]]
R:
[[0.1436159  0.2163171  0.10260522 0.05032001 0.05032001 0.23554163 0.05032001 0.05032001 0.05032001 0.05032001]
 [0.1837673  0.2927848  0.12527677 0.0568816  0.0568816  0.0568816  0.0568816  0.0568816  0.0568816  0.0568816 ]
 [0.1706296  0.29276255 0.12989435 0.05810193 0.05810193 0.05810193 0.05810193 0.05810193 0.05810193 0.05810193]
 [0.12457905 0.30359605 0.10142688 0.04381127 0.04381127 0.20753044 0.04381127 0.04381127 0.04381127 0.04381127]
 [0.12533416 0.31659502 0.09707561 0.04627457 0.04627457 0.18334776 0.04627457 0.04627457 0.04627457 0.04627457]
 [0.13840964 0.23612742 0.10484742 0.05161136 0.05161136 0.2109474  0.05161136 0.05161136 0.05161136 0.05161136]
 [0.15160508 0.23063459 0.10625079 0.04757339 0.04757339 0.22606918 0.04757339 0.04757339 0.04757339 0.04757339]
 [0.22958545 0.07599449 0.16245857 0.07599449 0.07599449 0.07599449 0.07599449 0.07599449 0.07599449 0.07599449]
 [0.12617758 0.31548065 0.10252485 0.04556562 0.04556562 0.18242326 0.04556562 0.04556562 0.04556562 0.04556562]
 [0.13577351 0.26473403 0.10937323 0.04883346 0.04883346 0.1971185  0.04883346 0.04883346 0.04883346 0.04883346]
 [0.13434209 0.32752785 0.04786089 0.04786089 0.04786089 0.2031039  0.04786089 0.04786089 0.04786089 0.04786089]
 [0.17490363 0.05843973 0.13496186 0.05843973 0.05843973 0.28105643 0.05843973 0.05843973 0.05843973 0.05843973]]
distance_matrix:
[[0.87655115 1.1866536  1.1876678  1.0262313  1.0856347  0.88558865 0.8710854  1.7566783  1.0790691  0.9191303  1.1754222  1.509058  ]
 [1.4792457  1.7450011  1.748008   1.5586238  1.610209   1.475553   1.46141    2.4991038  1.604795   1.486381   1.6843219  2.241024  ]
 [0.99191165 1.257071   1.2578344  1.0715208  1.1221285  0.986742   0.9759183  2.0072954  1.1168709  0.99808884 1.1989012  1.7530987 ]
 [0.81196153 1.16144    1.1624974  0.98995006 1.0553956  0.8292061  0.8115674  1.6664339  1.0486579  0.8725058  1.1457686  1.3941802 ]
 [1.0568445  0.88517547 0.88397765 0.6912434  0.6679046  0.9433181  0.9687679  2.723891   0.6684773  0.80816936 0.6961582  2.62348   ]
 [1.3253677  1.829561   1.8308461  1.6457179  1.7356038  1.378479   1.3495231  1.9933074  1.7277832  1.4697247  1.8349793  1.6538246 ]
 [2.0032732  2.4280324  2.4278145  2.249082   2.3254118  2.0367663  2.0160522  2.7700107  2.318523   2.103473   2.4195719  2.465865  ]
 [2.702147   3.1649559  3.1636653  2.9702137  3.0500166  2.7416122  2.7213438  3.46056    3.0442092  2.8174274  3.136988   3.1309881 ]
 [1.2881927  1.3151484  1.3121748  1.0910168  1.0958109  1.2169752  1.2327619  2.7570622  1.0966091  1.1405699  1.1256328  2.5614386 ]
 [0.7139716  0.94923973 0.9485483  0.7416992  0.78517103 0.69768476 0.69173145 1.8335373  0.78134537 0.69328    0.8507147  1.572252  ]
 [0.9116025  0.9529052  0.95104456 0.774528   0.78805923 0.8516383  0.86077595 2.2244744  0.78501654 0.79110074 0.8496094  2.0608752 ]
 [1.0984561  0.99770665 0.9970772  0.7984321  0.7858331  1.0014646  1.0218041  2.6811805  0.7862704  0.88866854 0.8148835  2.5503135 ]]
