hid1:
[[-3.05010140e-01 -1.13842301e-02  1.93102062e-01  3.21580619e-02 -2.05324441e-02  1.06456503e-02 -1.08659305e-02 -2.81319439e-01 -1.40668023e-02 -4.13681008e-03  3.72311771e-02  6.82946295e-04]
 [-5.07066883e-02  8.88297409e-02  3.95532340e-01 -2.26521775e-01 -5.24597540e-02  5.74316904e-02  2.55358848e-03  2.17934046e-02  5.61193377e-02  9.95041728e-02  1.09696418e-01  3.85734290e-02]
 [-7.27317389e-03  7.64467008e-03  1.32973149e-01 -2.37372369e-01  6.80257380e-03 -3.74219120e-02 -4.96346503e-04 -9.77227837e-03  2.78035402e-02  1.87132023e-02  5.15216216e-03 -3.82210799e-02]
 [ 9.31954309e-02  9.76374298e-02  5.66179827e-02  1.12864969e-03  3.59916985e-02 -8.08684379e-02 -1.80738233e-02  1.16516225e-01  3.53785455e-02 -7.85038620e-02  1.39229000e-02  2.71853898e-03]
 [ 9.29214433e-02 -2.95170071e-03  1.88505389e-02  1.46401256e-01 -2.50621289e-02 -1.55715067e-02  1.25209540e-02  4.18663621e-02  3.43837738e-02 -8.31054151e-03 -1.18196055e-01  3.41737308e-02]
 [-1.17702320e-01 -1.07265845e-01  1.46097839e-01 -5.84947504e-02 -4.14872915e-02 -2.52450183e-02 -4.10957262e-04  7.03419931e-03 -2.36177351e-04  1.35289133e-03 -4.11838293e-03 -1.44361407e-02]
 [-4.66335341e-02 -5.54865785e-03 -7.62234628e-02 -3.72908749e-02 -7.84749910e-02 -3.08828801e-03  1.45486891e-02 -3.39333750e-02  1.84220225e-02 -4.91342917e-02  1.01288408e-02 -3.76587058e-03]
 [-1.97612494e-01 -5.59650660e-02  3.10834125e-02 -4.77939993e-02 -5.46002015e-02  9.60513577e-02  1.75459310e-04  2.84877792e-02 -3.41049731e-02  1.31662823e-02  1.26599640e-01  4.77677584e-03]
 [ 1.73890032e-03 -3.17840651e-02  1.41970702e-02  3.83922756e-02 -1.38374180e-01 -3.40504199e-03  6.24046996e-02  2.84271985e-02 -2.85688564e-02 -1.07500441e-02  2.65395641e-03 -1.24571696e-01]
 [ 2.13076100e-02  8.28892291e-02 -3.22631001e-03  5.38362116e-02 -7.37898871e-02 -1.38005540e-02  9.13814828e-03 -2.15955023e-02  1.98569000e-02 -1.22875348e-01  6.65587261e-02 -1.11204132e-01]
 [ 1.71434879e-03  1.27134323e-02  4.32628319e-02  1.93501338e-02 -1.05932450e-05 -4.46904358e-03  4.26016226e-02  4.04043421e-02 -2.24167928e-02 -1.79387569e-01  3.91911715e-04 -5.36985695e-02]
 [-1.99049935e-02  2.32612193e-02  1.82935726e-02  5.93135953e-02  3.00321635e-03 -1.12982258e-01  2.98557162e-01 -2.16918364e-02 -4.44240719e-02  2.50010192e-03 -2.18151137e-03 -1.06271449e-03]]
hid2:
[[ 1.31374691e-03  4.05332930e-02  2.16392111e-02  3.32359746e-02 -1.02236003e-01 -3.03074159e-03  5.01223356e-02  5.64430207e-02 -1.18713900e-02  1.06220767e-02  8.65947530e-02  5.20174354e-02]
 [ 2.10737064e-03  6.83493167e-02  5.19464090e-02 -5.33821527e-03 -1.64572224e-01 -5.77302556e-03  4.91994731e-02  1.63694303e-02 -2.21962202e-02  2.50181053e-02  6.12675622e-02  4.56755087e-02]
 [ 4.02626917e-02  9.37991142e-02  5.22067957e-02  1.12215504e-02 -1.88287437e-01 -1.64840687e-02  5.18635400e-02  3.41008715e-02 -2.94110719e-02  2.47097760e-02  6.74958676e-02  4.98773940e-02]
 [-2.37891637e-02  3.66206989e-02  3.58323604e-02  4.24963906e-02 -9.10606533e-02  5.30748628e-04  1.53261202e-03  2.67088804e-02 -2.49952786e-02 -3.60585633e-03  7.93475807e-02  3.79819721e-02]
 [-3.10227871e-02  2.77549364e-02  2.48569641e-02  3.46437395e-02 -9.34848338e-02  4.25390527e-03  3.61231193e-02  4.20875698e-02 -1.69582032e-02  1.33586619e-02  7.84890428e-02  4.05803695e-02]
 [ 1.60409212e-02  5.51403202e-02  5.49985655e-03  2.43345331e-02 -1.04545504e-01 -2.20171679e-02  6.15071431e-02  6.22658543e-02  5.98138571e-03  1.76348723e-02  9.02512372e-02  7.06449151e-02]
 [-1.87536683e-02  3.79926972e-02  3.66118811e-02  4.11869772e-02 -1.06639609e-01  1.71308778e-03  4.16763872e-03  2.52528302e-02 -2.41002236e-02  1.01303542e-03  7.14614615e-02  3.80117558e-02]
 [ 9.74700004e-02  1.26818284e-01  3.81821617e-02 -3.64655405e-02 -1.55968681e-01 -6.32081032e-02  3.41899656e-02  5.26789576e-03  2.53624860e-02 -5.83942840e-03  8.52563754e-02  1.13936245e-01]
 [ 9.36580170e-03  6.55983090e-02  9.76324268e-03  3.59236710e-02 -1.17910504e-01 -2.67604273e-02  3.84160243e-02  5.45485280e-02 -6.04712963e-03  1.97668038e-02  8.45942944e-02  6.08949251e-02]
 [ 3.31597589e-03  5.63546941e-02  2.59372797e-02  3.35567929e-02 -1.06104612e-01 -1.24278404e-02  3.55724767e-02  4.45173569e-02 -1.44422799e-02  6.26054313e-03  8.67135525e-02  5.26626706e-02]
 [ 6.86405972e-03  6.73446059e-02 -3.02335825e-02  5.34794405e-02 -1.13036394e-01 -4.10563163e-02  8.65301937e-02  1.13713004e-01  1.76200643e-04  5.33149205e-02  1.03297070e-01  6.56364560e-02]
 [ 4.30711918e-02  9.49380696e-02 -2.22640894e-02  4.07269523e-02 -1.05968632e-01 -7.27766007e-02  1.55509673e-02  6.43581524e-02  2.31478140e-02  2.31469255e-02  9.70052332e-02  1.00093171e-01]]
topics:
[[ 0.14506814  0.17737564 -0.1019896   0.04629289 -0.4737959  -0.21851818 -0.19712584  0.08311867  0.03681685  0.23973885 -0.05865275  0.16163601]
 [-0.19414103 -0.09338227  0.13165545  0.03966515 -0.12421292  0.16480686  0.08810072  0.03455377 -0.1500638   0.03262353  0.04440296 -0.11892829]
 [ 0.0670269   0.13822348  0.33770716 -0.1033503  -0.12082127  0.04142597 -0.23872557 -0.36712903 -0.06243578 -0.21356428  0.00369068  0.06187887]
 [ 0.52313024 -0.07474803  0.39888066  0.39787894 -0.31944185  0.4711386   0.8362196   0.40035412 -0.18871923  0.07351451  0.03233181  0.04216927]
 [-0.38309455 -0.02950552 -0.23752393 -0.5418148  -0.04362572 -0.30657092 -0.41136745  0.41409254  0.05975681  0.19658646  0.08574386  0.13634181]
 [-0.06841587 -0.04158109 -0.08809603  0.1721909   0.06827863 -0.02308701 -0.02514348  0.14987107  0.01340623  0.01432885  0.12933783  0.06345315]
 [ 0.11484382  0.25720823 -0.6807626   0.49295956  0.01400832 -0.10165337  0.84432703  0.5043915   0.3476152  -0.19803873  0.20408548  0.0036691 ]
 [ 1.0581964  -0.81179255  0.10578473 -0.02172672  0.4327641   0.6584566   0.79405576  0.29614335  0.27409405 -0.63843846  0.49405065  0.28384998]
 [-0.04674349  0.4266551  -0.28685376 -0.69733685  0.22974135 -0.60584986  0.6130284  -0.335155    0.8210215   0.41110468  0.06064078  0.8967622 ]
 [-0.37944594  1.0484422   0.06258748 -0.3206376  -0.03373518 -0.6042962  -0.05708718  0.02382495 -0.5111442  -0.10712263  0.7709505  -0.32011756]]
R:
[[0.1587022  0.2531433  0.14047892 0.0426125  0.03057079 0.24203968 0.04074026 0.03057079 0.03057079 0.03057079]
 [0.22744608 0.35960522 0.17312443 0.03913831 0.02696564 0.02696564 0.04503581 0.02696564 0.04112064 0.03363258]
 [0.27189314 0.26565874 0.18223478 0.07098103 0.02787265 0.02787265 0.04962392 0.02787265 0.02787265 0.04811783]
 [0.13174048 0.25480568 0.18644696 0.01727798 0.01727798 0.30305982 0.03179599 0.01727798 0.01727798 0.02303912]
 [0.13478412 0.31766823 0.13639523 0.02095428 0.02095428 0.26004288 0.03548602 0.02095428 0.03180644 0.02095428]
 [0.18145034 0.2127177  0.13292554 0.04621786 0.03494715 0.23196827 0.04744913 0.03494715 0.04242973 0.03494715]
 [0.15375882 0.2716598  0.18722412 0.0180635  0.01708272 0.26231533 0.03650002 0.01708272 0.01708272 0.0192302 ]
 [0.27438653 0.05326973 0.28135163 0.06528819 0.05326973 0.05326973 0.05644837 0.05326973 0.05326973 0.05617663]
 [0.19904323 0.20825253 0.14396815 0.04150509 0.02436048 0.24466255 0.0453952  0.02436048 0.03189813 0.0365541 ]
 [0.16448069 0.22299735 0.1660705  0.04129287 0.02541991 0.24940881 0.04114667 0.02541991 0.02821442 0.0355488 ]
 [0.21662155 0.20880003 0.02598378 0.06302281 0.02598378 0.2940898  0.04599473 0.02598378 0.0422218  0.05129802]
 [0.2359573  0.02671319 0.15532288 0.0457716  0.02671319 0.35625014 0.04326191 0.02671319 0.03801991 0.04527662]]
distance_matrix:
[[2.2358632 2.623992  2.7989483 2.2628527 2.1876864 2.297864  2.2408013 3.4138198 2.2677045 2.2666087 2.449606  2.6951203]
 [3.811475  4.34284   4.4089956 3.7776253 3.824618  3.9012544 3.778287  4.8574314 3.858669  3.811575  4.1701765 4.179516 ]
 [1.971441  2.462068  2.5202432 1.9819134 2.0068178 2.0224884 1.9895066 2.87479   2.0004063 1.9571313 2.2811048 2.2991729]
 [2.2236052 2.749846  2.9255815 2.1457374 2.1464274 2.3377237 2.1601593 3.5387678 2.2881737 2.2247565 2.565167  2.7204046]
 [2.007371  2.5386384 2.5470471 2.0204856 2.050641  2.039558  2.0117407 2.9512331 1.985461  1.9884448 2.2092628 2.2077045]
 [2.3837295 2.8083844 2.9753048 2.4374673 2.3628128 2.4294634 2.4220428 3.4713416 2.4346411 2.4172726 2.6417966 2.8341925]
 [3.7377908 3.8810863 4.2314167 3.841124  3.6332178 3.8139453 3.781611  4.9390726 3.8671    3.824497  4.123476  4.600239 ]
 [2.860466  3.2174962 3.5184054 2.8668013 2.7717438 2.967035  2.8499231 4.10557   2.9973216 2.9192352 3.3212693 3.6134903]
 [2.2280006 2.6307383 2.8033698 2.0919998 2.1397574 2.3463428 2.080504  3.379011  2.2514753 2.20342   2.6446376 2.6772535]
 [1.872438  2.3828201 2.496166  1.780925  1.8396363 1.9603734 1.7877549 2.9500127 1.8894572 1.8490942 2.2202113 2.2085521]
 [1.6825476 2.27607   2.277229  1.7131121 1.7333765 1.6836146 1.7337642 2.625702  1.6340854 1.6512502 1.7554018 1.7746352]
 [2.4551535 3.1433215 3.1117105 2.4827285 2.5373075 2.4832616 2.523797  3.4278111 2.4521532 2.428807  2.6000633 2.607366 ]]
