hid1:
[[-0.3710267  -0.43693155 -0.43525928 -0.45112288 -0.5086479  -0.41670865 -0.39699674 -0.5408238  -0.50957376 -0.50605655 -0.35316563 -0.52209777]
 [-0.31355017 -1.4577388  -0.428797   -0.40497935 -0.45356512 -0.4208296  -0.49572992 -0.48449707 -0.53889424 -0.4837467  -0.20419392 -0.4524207 ]
 [-0.32955816 -1.4577388  -1.4577388  -0.27259687 -0.33601487 -0.25286067 -0.20029855 -0.4078129  -0.42142218 -1.4577388  -1.4577388  -0.24700749]
 [-0.29730648 -0.4619282  -0.43065363 -0.5162158  -0.5702889  -0.38964128 -0.3990748  -0.6476924  -0.5883671  -1.4577388  -1.4577388  -0.5680372 ]
 [-0.2961611  -0.51307654 -0.4209866  -0.5254077  -0.6213291  -0.44907224 -0.6063514  -0.77317274 -0.6161305  -0.8892826  -0.4852183  -0.65534896]
 [-0.41744685 -1.4577388  -0.4660439  -0.42861325 -0.525159   -0.41630942 -0.37599164 -0.63268983 -0.4944743  -0.5104146  -0.3695804  -0.49967802]
 [-1.4577388  -1.4577388  -0.3369069   0.05336776 -0.09510624 -0.09264946  0.22734633  0.11171915 -0.25562733  0.03421336 -0.01325943 -0.08981583]
 [-1.4577388   0.04714064 -0.05348395  0.26153648 -1.4577388   0.35532486  0.5890635   0.2582264  -0.00738841  0.3251145  -1.4577388   0.19398512]
 [-0.40769053 -1.4577388  -0.47795576 -0.49343657 -0.61077267 -1.4577388  -0.6160027  -0.8264391  -0.5598695  -1.4577388  -0.46650118 -0.65213025]
 [-0.46806163 -0.46749467 -0.3575797  -0.52977115 -0.5762239  -0.2919431  -0.49879646 -0.80469066 -0.50631255 -0.7890335  -0.5356367  -0.5880581 ]
 [-0.37682003 -0.5484877  -0.43221337 -0.571764   -0.6935017  -0.5797005  -0.68658507 -0.81774384 -0.5224024  -0.9827906  -0.44390637 -1.4577388 ]
 [-0.31158644 -0.3858741  -0.503727   -0.6534633  -0.5940321  -1.4577388  -0.63295853 -0.85284054 -0.6467904  -1.0017904  -0.3124451  -0.6558062 ]]
hid2:
[[-0.27020735 -0.46137944 -0.36073226 -0.49766806 -0.58515686 -0.414477   -0.54778564 -0.7194069  -0.5300896  -0.7463776  -0.4252943  -0.6009181 ]
 [-0.27003166 -0.49435303 -0.39228716 -0.5422977  -0.62600416 -0.45958346 -0.6049149  -0.7781572  -0.5601003  -0.81720424 -0.45914355 -0.64519817]
 [-0.26981837 -0.48656058 -0.38502625 -0.53195256 -0.61643416 -0.4492006  -0.5914837  -0.7643291  -0.55291814 -0.80074286 -0.45108688 -0.63472486]
 [-0.27008986 -0.4963488  -0.39414406 -0.54494447 -0.6284541  -0.46223882 -0.60835385 -0.78169805 -0.56194097 -0.8214165  -0.46120778 -0.6478807 ]
 [-0.27009937 -0.4963846  -0.39417082 -0.54498523 -0.6284952  -0.4622773  -0.6084132  -0.7817597  -0.561977   -0.82148284 -0.4612467  -0.64792913]
 [-0.24724384 -0.43378043 -0.3521213  -0.4786218  -0.5585112  -0.4018314  -0.5063012  -0.67530584 -0.49681583 -0.712186   -0.39177093 -0.5630488 ]
 [-0.2726771  -0.4535286  -0.35134912 -0.48511845 -0.57463896 -0.4010995  -0.53351814 -0.7048858  -0.52380085 -0.72687817 -0.4177804  -0.59045994]
 [-0.2683381  -0.49359137 -0.39286584 -0.5426117  -0.6256147  -0.46038598 -0.6040604  -0.7771728  -0.5588081  -0.81741136 -0.4579803  -0.6441161 ]
 [-0.27009937 -0.4963846  -0.39417082 -0.54498523 -0.6284952  -0.4622773  -0.6084132  -0.7817597  -0.561977   -0.82148284 -0.4612467  -0.64792913]
 [-0.27009937 -0.4963846  -0.39417082 -0.54498523 -0.6284952  -0.4622773  -0.6084132  -0.7817597  -0.561977   -0.82148284 -0.4612467  -0.64792913]
 [ 0.02672935  0.01446334 -0.13602704 -0.09086707 -0.09344061 -0.0889077   0.19458492  0.06268101  0.00866634 -0.04940519  0.13045728  0.04854313]
 [-0.27009937 -0.4963846  -0.39417082 -0.54498523 -0.6284952  -0.4622773  -0.6084132  -0.7817597  -0.561977   -0.82148284 -0.4612467  -0.64792913]]
topics:
[[ 0.14875875  0.20614016 -0.10448658  0.03176549 -0.55700934 -0.23150936 -0.19990435  0.05383045  0.05553575  0.26445776 -0.0489216   0.20295247]
 [-0.30673346 -0.0671518   0.04304986  0.06319176 -0.08555547  0.16221286  0.14467679 -0.00943899 -0.18343304  0.13779266 -0.02833074 -0.07271223]
 [-0.27009937 -0.4963846  -0.39417082 -0.54498523 -0.6284952  -0.4622773  -0.6084132  -0.7817597  -0.561977   -0.82148284 -0.4612467  -0.64792913]
 [ 0.5010834  -0.13438293  0.34891945  0.37942845 -0.31119776  0.44945243  0.9264334   0.54586565 -0.10259824  0.05389733  0.10362519 -0.00393271]
 [-0.37198064 -0.06900145 -0.3819002  -0.5612731  -0.01254035 -0.37976807 -0.38749465  0.44787616  0.02978599  0.18869197  0.09942119  0.15591133]
 [-0.03655273 -0.07798389 -0.19333816  0.14534429  0.08629508 -0.02110739 -0.00192908  0.17390187  0.09953703  0.07808179  0.16703838  0.12201983]
 [ 0.13362947  0.29841885 -0.7023315   0.48086438 -0.00284992 -0.10835245  0.8238233   0.35006335  0.2690089  -0.21005002  0.25657165  0.10383101]
 [ 1.086258   -0.7972411   0.24321356  0.0332545   0.40124694  0.69391626  0.74079186  0.21612848  0.2541498  -0.645618    0.26289213  0.19755232]
 [ 0.11129214  0.25771877 -0.49179766 -0.74698776  0.18515177 -0.65025675  0.6014049  -0.32300597  0.8575387   0.38068998  0.0702925   0.81833464]
 [-0.4293509   1.0976845   0.111996   -0.32741576 -0.01652238 -0.56656337 -0.04878775  0.01801777 -0.45863193 -0.08837016  1.0256138  -0.28186825]]
R:
[[7.7627460e-04 7.2957948e-02 9.2083186e-01 7.7627460e-04 7.7627460e-04 7.7627460e-04 7.7627460e-04 7.7627460e-04 7.7627460e-04 7.7627460e-04]
 [6.4986241e-05 4.0134350e-03 9.9546659e-01 6.4986241e-05 6.4986241e-05 6.4986241e-05 6.4986241e-05 6.4986241e-05 6.4986241e-05 6.4986241e-05]
 [3.0179284e-04 1.9546099e-02 9.7803968e-01 3.0179284e-04 3.0179284e-04 3.0179284e-04 3.0179284e-04 3.0179284e-04 3.0179284e-04 3.0179284e-04]
 [3.3924816e-06 4.5968944e-05 9.9992704e-01 3.3924816e-06 3.3924816e-06 3.3924816e-06 3.3924816e-06 3.3924816e-06 3.3924816e-06 3.3924816e-06]
 [2.4616045e-09 1.1251752e-08 1.0000000e+00 2.4616045e-09 2.4616045e-09 2.4616045e-09 2.4616045e-09 2.4616045e-09 2.4616045e-09 2.4616045e-09]
 [7.6016611e-03 6.1686352e-02 8.7750041e-01 7.6016611e-03 7.6016611e-03 7.6016611e-03 7.6016611e-03 7.6016611e-03 7.6016611e-03 7.6016611e-03]
 [2.9113560e-04 9.6619956e-02 9.0105110e-01 2.9113560e-04 2.9113560e-04 2.9113560e-04 2.9113560e-04 2.9113560e-04 2.9113560e-04 2.9113560e-04]
 [5.3906604e-04 5.3906604e-04 9.9514848e-01 5.3906604e-04 5.3906604e-04 5.3906604e-04 5.3906604e-04 5.3906604e-04 5.3906604e-04 5.3906604e-04]
 [2.1932529e-10 8.1250845e-10 1.0000000e+00 2.1932529e-10 2.1932529e-10 2.1932529e-10 2.1932529e-10 2.1932529e-10 2.1932529e-10 2.1932529e-10]
 [3.5151382e-10 3.3654486e-09 1.0000000e+00 3.5151382e-10 3.5151382e-10 3.5151382e-10 3.5151382e-10 3.5151382e-10 3.5151382e-10 3.5151382e-10]
 [9.1771021e-02 1.7406072e-01 9.1771021e-02 9.1771021e-02 9.1771021e-02 9.1771021e-02 9.1771021e-02 9.1771021e-02 9.1771021e-02 9.1771021e-02]
 [2.2082309e-09 2.2082309e-09 1.0000000e+00 2.2082309e-09 2.2082309e-09 2.2082309e-09 2.2082309e-09 2.2082309e-09 2.2082309e-09 2.2082309e-09]]
distance_matrix:
[[ 27.031815  27.473633  27.285492  27.530426  27.53125   27.455467  27.057678  27.490677  27.53125   27.53125   88.83937   27.53125 ]
 [ 36.76671   37.28061   37.073654  37.34221   37.343155  36.98176   36.790985  37.285034  37.343155  37.343155  95.61193   37.343155]
 [ 37.24626   40.1531    39.390617  40.35681   40.36      36.35285   36.60679   40.168022  40.36      40.36      73.14989   40.36    ]
 [ 26.79248   25.760849  25.915817  25.729782  25.729218  27.986275  27.217728  25.777939  25.729218  25.729218 103.86167   25.729218]
 [ 24.796112  22.917313  23.269974  22.835587  22.83429   26.476036  25.446503  22.937576  22.83429   22.83429  111.20149   22.83429 ]
 [ 19.646027  20.05777   19.875443  20.113068  20.113922  19.978355  19.691315  20.066925  20.113922  20.113922  80.37809   20.113922]
 [ 76.431335  85.18143   83.05788   85.7334    85.74222   72.45122   74.211075  85.19383   85.74222   85.74222   51.38918   85.74222 ]
 [155.19002  168.29533  165.15881  169.10654  169.11946  149.03929  151.7779   168.31549  169.11946  169.11946   86.40724  169.11946 ]
 [ 35.273773  32.692383  33.208664  32.568787  32.566742  37.325264  36.11418   32.712936  32.566742  32.566742 129.01428   32.566742]
 [ 23.831024  22.233673  22.519455  22.169022  22.167953  25.244942  24.417542  22.245178  22.167953  22.167953 105.78171   22.167953]
 [ 29.294632  26.490265  27.05806   26.353516  26.351303  31.421867  30.199966  26.507782  26.351303  26.351303 124.81494   26.351303]
 [ 28.379028  25.850098  26.352814  25.729935  25.728088  30.280586  29.21817   25.861633  25.728088  25.728088 119.98754   25.728088]]
