hid1:
[[0.         0.29209024 0.23754725 0.27438024 0.13173723 0.         0.11208513 0.10415395 0.10036107 0.13079804 0.1621733  0.19774143]
 [0.13934164 0.24510956 0.18813926 0.08196798 0.08790761 0.21214846 0.2671115  0.03289446 0.31195927 0.16664416 0.13557364 0.7407055 ]
 [0.05137875 0.2731893  0.34329858 0.06871406 0.15562603 0.         0.3918103  0.05365181 0.3848703  0.19199362 0.33390608 0.42541385]
 [0.20383395 0.12676764 0.3083089  0.21752091 0.05637504 0.5077587  0.03882218 0.05334268 0.01590753 0.14462343 0.37785304 0.22578005]
 [0.31032747 0.2943196  0.33998567 0.35912973 0.2672288  0.         0.34108838 0.13960911 0.3776613  0.3387059  0.17667228 0.5669884 ]
 [0.4434539  0.10311861 0.20477298 0.17623319 0.02586238 0.4036065  0.07155462 0.03043187 0.18354724 0.31181556 0.20826744 0.09204736]
 [0.30032152 0.03096403 0.05275483 0.         0.         0.8583741  0.         0.         0.         0.35396573 0.         0.        ]
 [0.4464874  0.         0.15706664 0.03036922 0.         0.4752295  0.         0.         0.         0.06835613 0.2073616  0.        ]
 [0.18965013 0.17813437 0.         0.08273811 0.04369417 0.19634902 0.19246754 0.0517172  0.1378243  0.38307577 0.09949417 0.29571903]
 [0.         0.10662184 0.         0.         0.         0.         0.         0.05351284 0.0491248  0.         0.         0.        ]
 [0.         0.21363913 0.10897063 0.         0.2231998  0.         0.2074238  0.07235894 0.2775003  0.         0.21706285 0.23276317]
 [0.5344103  0.1493158  0.02372805 0.46917138 0.16373481 0.         0.12088585 0.33381835 0.190668   0.11150184 0.14836827 0.7655035 ]]
hid2:
[[ 0.12513253  0.22735132  0.08005116  0.01418636  0.1378269  -0.00274787  0.1513834   0.04375356  0.26066902  0.13324235  0.11331515  0.24541236]
 [ 0.17318685  0.21100335  0.12475751 -0.01630484 -0.03506804  0.01991636  0.0238717  -0.01738538  0.1754231   0.10404686  0.04924328  0.19029975]
 [ 0.19914526  0.1851525   0.13089484  0.01327054 -0.06726208  0.08065113 -0.01668294  0.0072145   0.10241865  0.03007925  0.07558379  0.12156389]
 [ 0.0990295   0.1893885   0.07223292  0.01618748  0.07220125  0.03030122  0.13829061  0.07195292  0.17482787  0.09770027  0.12159057  0.18707007]
 [ 0.12139153  0.13841848  0.10277956  0.11085849  0.01453572  0.12548669 -0.02196458  0.08209417  0.08867669  0.07091128  0.09329416  0.11366703]
 [ 0.12261168  0.18675679  0.06123216  0.04461719  0.08317471  0.03555178  0.12103111  0.0888067   0.17976567  0.09177302  0.12868813  0.18474579]
 [ 0.10882106  0.20540436  0.07550764  0.02464681  0.097689    0.01780664  0.12688343  0.0584722   0.21133868  0.11943692  0.11120429  0.2122444 ]
 [ 0.18308233  0.21971157  0.10030529 -0.02519546  0.02592654 -0.00340152  0.10546721  0.01107293  0.2153992   0.0976069   0.08771742  0.21482728]
 [ 0.11321032  0.16850932  0.08190913  0.09224433  0.07135728  0.07973031  0.03691352  0.08356706  0.14983185  0.09711955  0.10657317  0.1598892 ]
 [ 0.11739569  0.19276199  0.07979304  0.05192639  0.08262408  0.04369961  0.08268676  0.06493312  0.18559009  0.10595809  0.10803575  0.18892615]
 [ 0.09078623  0.21689679  0.01561094  0.04150962  0.14430316 -0.0387084   0.18374847  0.10691716  0.2611742   0.16878618  0.12731569  0.25802237]
 [ 0.11712814  0.242222    0.09012625  0.01512807  0.1724157  -0.01395682  0.14859474  0.02421271  0.29927847  0.16218144  0.10095581  0.27432427]]
topics:
[[ 1.68283850e-01  1.99476674e-01 -1.08671010e-01  4.33331281e-02 -3.59991103e-01 -1.98896646e-01 -1.65142611e-01  1.23661235e-01  9.39095244e-02  2.88642049e-01 -4.92156036e-02  2.12401688e-01]
 [-2.18542665e-01  2.66249757e-02  6.12514652e-02 -2.87762703e-03 -1.79518148e-01  1.53984487e-01  1.02920853e-01  1.28024668e-01 -1.69242650e-01  7.11348951e-02  7.45157748e-02 -1.28428144e-02]
 [ 2.90956646e-01  2.06589073e-01  4.59966570e-01 -2.21421327e-02  2.75040679e-02  3.27054888e-01 -2.20062688e-01 -2.65171289e-01  1.04118638e-01 -1.11571044e-01  2.34025531e-02  5.37549928e-02]
 [ 6.96415722e-01 -2.43422482e-02  4.17447358e-01  3.51993203e-01 -2.38769576e-01  6.27162457e-01  9.36360240e-01  4.03033584e-01 -2.97929179e-02  9.35683474e-02  2.03802049e-01  9.58634838e-02]
 [-3.65716785e-01  6.65115118e-02 -1.34331062e-01 -5.21718979e-01  2.74749827e-02 -3.29156697e-01 -3.88246149e-01  4.42062318e-01  7.22604990e-02  2.61498183e-01  1.53252304e-01  2.61112988e-01]
 [ 5.28148236e-03  8.94779786e-02  3.88565683e-03  2.82049328e-01  1.84007689e-01  1.78061932e-01 -2.08529382e-04  2.45380327e-01  7.32324570e-02  9.54540446e-02  1.71775907e-01  9.17310491e-02]
 [ 9.35546532e-02  3.19927841e-01 -7.05974460e-01  4.71798211e-01 -5.58550283e-02 -1.32507965e-01  7.88761735e-01  4.70406383e-01  2.50046760e-01 -1.63562149e-01  1.47535950e-01  1.38703302e-01]
 [ 9.15947199e-01 -9.11790252e-01  8.54721889e-02  1.58946574e-01  4.40789551e-01  4.83673334e-01  6.76135242e-01  4.09901500e-01  1.46012992e-01 -7.65346169e-01  4.09808129e-01 -9.11524221e-02]
 [ 1.04845621e-01  5.22089839e-01  1.34945661e-01 -2.83101559e-01  5.71292818e-01 -3.97972405e-01  5.66455483e-01 -2.26645425e-01  9.13132071e-01  4.86599833e-01  3.84308100e-02  7.59064853e-01]
 [-2.92427510e-01  1.05879223e+00 -5.47520593e-02 -4.51030016e-01 -1.22139782e-01 -3.81399274e-01 -3.67974751e-02 -8.06409121e-02 -4.30707425e-01 -1.30284622e-01  8.35418344e-01 -2.07087606e-01]]
R:
[[0.12359272 0.03276949 0.17229855 0.03276949 0.03276949 0.26171038 0.0436035  0.03276949 0.2349474  0.03276949]
 [0.30501145 0.08795188 0.3250963  0.02618521 0.02036787 0.02036787 0.03464054 0.02655039 0.13346058 0.02036787]
 [0.27813745 0.04307186 0.39573157 0.03732229 0.03732229 0.03732229 0.05747623 0.03897145 0.03732229 0.03732229]
 [0.11978576 0.13564824 0.1616795  0.04029394 0.04029394 0.2074521  0.04731807 0.04029394 0.16694057 0.04029394]
 [0.19127372 0.07131809 0.24672972 0.02266548 0.00983968 0.38706666 0.01275471 0.01894847 0.02956375 0.00983968]
 [0.13937682 0.05334717 0.16336103 0.0409309  0.0409309  0.278435   0.05119443 0.04362065 0.14787225 0.0409309 ]
 [0.13536395 0.08356546 0.16854161 0.03154865 0.03154865 0.2547547  0.04110488 0.03154865 0.19047488 0.03154865]
 [0.24445707 0.04027287 0.2688928  0.04370391 0.04027287 0.04027287 0.05433759 0.04861069 0.17890649 0.04027287]
 [0.15942681 0.04233213 0.197787   0.02213269 0.01770548 0.3988295  0.02397147 0.02143075 0.0986787  0.01770548]
 [0.15234834 0.05405203 0.19492956 0.02677123 0.02677123 0.30602217 0.03711973 0.02758045 0.14763403 0.02677123]
 [0.15123677 0.03886017 0.03409101 0.03409101 0.03409101 0.3532559  0.04365099 0.03409101 0.24254112 0.03409101]
 [0.11589853 0.02083918 0.16927706 0.02083918 0.02083918 0.30778813 0.02975337 0.02083918 0.273087   0.02083918]]
distance_matrix:
[[ 3.3227696  4.019527   4.5644464  2.847884   2.706573   2.4954865  2.8016949  3.8889422  2.183807   2.3784866  3.444026   3.854929 ]
 [ 5.7900887  9.023863  11.908928   7.2295837  9.538742   7.0100937  6.357632   7.9790015  7.405361   6.725904   5.3998823  5.257442 ]
 [ 5.221678   9.48527   13.321564   7.3231544 11.642679   7.521244   6.3136525  7.8679986  8.709928   7.2798676  5.18946    4.3172793]
 [10.799444  10.213306   9.270883  10.059728   6.3468504  8.984748   9.830952  11.125538   6.9730835  8.361168  11.331936  11.442823 ]
 [10.097367  14.924561  18.978613  12.828263  16.579363  12.780475  11.437071  13.343393  13.516809  12.266102  10.135111   8.820745 ]
 [11.881601  10.01439    9.015892  11.153938   7.153823  10.161835  10.903493  11.343424   8.072368   9.380007  13.028484  12.549727 ]
 [22.448185  19.027971  17.202847  21.13435   15.949876  20.16904   21.099976  21.029821  17.614555  19.233889  24.25166   23.399975 ]
 [11.318945   7.7001424  6.1476755  9.622746   6.161074   9.006258   9.943729   9.260407   7.5089135  8.531454  12.84297   12.6057   ]
 [ 2.3893576  3.3329062  4.7623916  2.6237614  3.7751007  2.5323508  2.325007   3.0002828  2.696785   2.3077416  2.88721    2.5495372]
 [ 3.6055248  2.6758938  2.5511205  2.2000012  1.9514985  2.085864   2.6358685  2.9269161  1.9856687  2.1503086  4.0309534  4.68213  ]
 [ 1.8697243  4.8320136  7.34591    2.7142093  6.073208   2.9172943  2.300138   3.5713544  3.9676948  2.9232564  1.9543467  1.6846137]
 [15.07766   17.017267  18.679333  16.026423  15.335003  15.245475  15.124235  16.888805  14.267469  14.624882  14.794233  14.757124 ]]
