hid1:
[[0.2500656  0.0468175  0.         0.         0.         0.41277966 0.31696853 0.         0.         0.         0.         0.23557687 0.41644853 0.         0.        ]
 [0.         0.05447858 0.         0.         0.         0.24678646 0.         0.         0.         0.         0.         0.44216543 0.6174774  0.         0.        ]
 [0.         0.         0.         0.         0.         0.387619   0.29897526 0.         0.         0.         0.         0.34120867 0.3096969  0.         0.        ]
 [0.         0.         0.         0.         0.         0.31051365 0.09083791 0.         0.         0.         0.         0.08574052 0.4069132  0.         0.        ]
 [0.         0.         0.         0.10597138 0.         0.15289173 0.         0.         0.         0.         0.         0.0088748  0.16906759 0.         0.        ]
 [0.         0.         0.         0.         0.         0.0725171  0.05582822 0.         0.         0.         0.11193179 0.0086007  0.24088152 0.         0.        ]
 [0.1278873  0.         0.         0.         0.         0.05993709 0.         0.         0.         0.         0.         0.         0.26564437 0.         0.        ]
 [0.00935444 0.10183563 0.         0.         0.         0.2846542  0.         0.         0.         0.         0.         0.4730384  0.         0.         0.        ]
 [0.07430088 0.         0.         0.05848243 0.         0.24937214 0.07879478 0.         0.         0.         0.         0.47586182 0.30194828 0.00574071 0.        ]
 [0.         0.04186159 0.         0.         0.         0.19241259 0.         0.         0.         0.         0.         0.03854248 0.         0.         0.        ]
 [0.02246453 0.         0.         0.         0.         0.         0.         0.         0.         0.         0.08086676 0.         0.0935836  0.         0.        ]
 [0.         0.         0.         0.         0.         0.         0.         0.         0.         0.         0.         0.         0.         0.         0.08332516]
 [0.353725   0.         0.         0.         0.037938   0.         0.         0.03814046 0.         0.         0.         0.         0.         0.         0.        ]
 [0.15292287 0.         0.         0.         0.         0.10415146 0.         0.         0.         0.         0.         0.07452274 0.10024507 0.         0.        ]
 [0.05603363 0.         0.         0.         0.         0.00768702 0.         0.         0.         0.         0.16255158 0.         0.         0.         0.        ]]
hid2:
[[ 0.11349135 -0.08465493  0.02399396  0.01981737 -0.00782875  0.08398936  0.09811858  0.04291081  0.00325436 -0.27536634  0.03591313 -0.00258911  0.13142057  0.05580327  0.10433964]
 [-0.08293878 -0.00517534 -0.25674015 -0.10548897 -0.17071876  0.08516122 -0.06025228  0.20503153 -0.23530248  0.02205542  0.09877415  0.0663251   0.2516034   0.23599923 -0.11883128]
 [ 0.1641994  -0.08635279 -0.08292861  0.01981227 -0.01210131  0.12123308  0.05349055 -0.05339452 -0.04922111 -0.18218371  0.016032    0.01942318  0.17836343  0.01848493  0.04681667]
 [ 0.12473094 -0.08310689 -0.1114224  -0.01304715 -0.01001502  0.11911174  0.03345272 -0.02749767 -0.07064804 -0.16920713  0.01396061  0.02269373  0.19255733  0.05278007  0.02643909]
 [ 0.14723256 -0.09233309 -0.11033935 -0.01194748  0.01586365  0.12660804  0.03884668 -0.06092914 -0.05413697 -0.18251602 -0.00262929  0.02837508  0.19500086  0.03582775  0.03147225]
 [ 0.15646906 -0.08546196 -0.11034375  0.00455946 -0.00560412  0.12592438  0.03497579 -0.05845047 -0.06498821 -0.16640054  0.00835327  0.03009424  0.19406047  0.0322749   0.03097064]
 [ 0.16637625 -0.09747317 -0.10356247  0.00391261  0.0023545   0.13151334  0.0689472  -0.08073089 -0.03784074 -0.17664094  0.00544401  0.00687675  0.17944062 -0.00912498  0.03110926]
 [ 0.17014304 -0.09218056 -0.12558931 -0.00052312  0.00972851  0.13500014  0.03743235 -0.08755161 -0.05898663 -0.1619599  -0.00386916  0.03335119  0.20038944  0.01595191  0.02252798]
 [ 0.13232064 -0.08729214 -0.09994125 -0.00990132 -0.0048049   0.11962043  0.05366775 -0.03469381 -0.05067478 -0.17869142  0.01247762  0.01940766  0.18420053  0.03519941  0.02914584]
 [ 0.15226987 -0.08825147 -0.09979042 -0.00269324  0.01322168  0.12315588  0.03325054 -0.05480167 -0.05553714 -0.18677633 -0.00052717  0.03743911  0.19503401  0.04506492  0.03955534]
 [ 0.13765815 -0.07712726 -0.0980984   0.00656147 -0.02511277  0.11609406  0.03654407 -0.02362042 -0.0698477  -0.16540594  0.02294357  0.02865005  0.1877013   0.04899018  0.0331139 ]
 [ 0.15917312 -0.09823002 -0.11427314 -0.00647897  0.0088275   0.13291107  0.0616932  -0.08076587 -0.04277565 -0.17402159  0.00067814  0.01020962  0.1857942  -0.00094952  0.0250323 ]
 [ 0.14692563 -0.08733294  0.0219752   0.04022278 -0.00750089  0.0920576   0.09440786  0.00866872  0.00123889 -0.2693962   0.03216333 -0.00204575  0.1329924   0.03318095  0.11077302]
 [ 0.20971188 -0.07846588 -0.13745269  0.02098257  0.03629766  0.13805272 -0.0489997  -0.11141222 -0.10387905 -0.15970162 -0.02853661  0.10557459  0.24389124  0.08287074  0.04195728]
 [ 0.15720557 -0.08818074 -0.10484556  0.00638532 -0.00972814  0.12614627  0.05121419 -0.05991872 -0.05483337 -0.16820917  0.01211437  0.01883479  0.18554212  0.01614157  0.03072737]]
topics:
[[ 1.06467828e-02 -1.82636738e-01 -4.57160443e-01 -7.11751590e-03 -4.22180086e-01  2.35744536e-01  2.69756466e-01  9.70406532e-02 -3.25298399e-01 -3.83200794e-02  3.36787343e-01 -9.48423684e-01 -3.14962626e-01 -2.51328766e-01 -1.69933245e-01]
 [-6.14901960e-01  6.71084642e-01  5.30510060e-02  5.74379504e-01 -1.97355020e+00 -3.45575482e-01 -2.86330581e-01  1.84780061e+00 -1.07191384e+00  9.23670650e-01  1.19798529e+00  9.37150419e-02  3.13604847e-02  9.04417753e-01 -1.86586112e-01]
 [-2.07772478e-01 -8.54086280e-02 -1.93430170e-01 -4.56818432e-01  5.70293844e-01  5.74017242e-02 -3.90077740e-01  1.89588249e-01 -1.12103820e-01 -5.00765622e-01 -3.16671759e-01  4.97460306e-01  4.89389837e-01  8.31524849e-01  3.80926766e-02]
 [-3.20740014e-01 -1.59940943e-01  1.03583485e-01  1.09989524e-01 -3.23346674e-01  5.05060181e-02 -2.14539051e-01  6.02235854e-01 -6.64687872e-01 -3.63182396e-01  7.79585123e-01 -7.68991530e-01  1.51854143e-01  5.95188677e-01  5.21146417e-01]
 [ 3.94654244e-01 -1.51611283e-01  1.13406023e-02  1.22712843e-01  1.30416721e-01  1.67026326e-01  1.02761433e-01 -3.11324418e-01  7.03274831e-02 -3.15532923e-01 -7.04385936e-02  9.88138374e-03  1.51039124e-01 -1.52770802e-01  1.64791569e-01]
 [ 2.46326804e-01 -1.18290767e-01 -7.71497786e-01 -1.93139508e-01  8.81139785e-02  3.19763243e-01 -2.26193860e-01 -4.93706733e-01 -3.39435369e-01  2.93493420e-01 -1.59838155e-01  1.58607110e-01  4.91946459e-01 -4.46321182e-02 -3.52225453e-01]
 [-1.58235699e-01 -1.19157515e-01  2.54294097e-01 -1.15278214e-02 -3.01830560e-01  1.78451254e-03  6.50597334e-01  3.62891525e-01  2.71439731e-01 -3.27765375e-01  2.87719190e-01 -4.66213822e-01 -2.06060737e-01 -2.98070312e-01  7.24081174e-02]
 [-3.56920362e-01 -2.32266739e-01  6.13288701e-01 -2.94742733e-01 -1.75019018e-02 -5.16128838e-01  1.88452452e-01  7.23029315e-01 -2.16432326e-02 -7.21969187e-01  1.54667258e-01 -1.83674917e-01  3.01777095e-01  5.04056573e-01  5.65559208e-01]
 [ 1.42925987e-02 -1.88248053e-01 -7.79153705e-01 -3.62807959e-01  3.99999976e-01  1.86120167e-01 -1.09112239e+00 -5.89804053e-02 -7.02642202e-01 -2.57007390e-01 -1.59757003e-01  4.34362948e-01  8.23412061e-01  7.78519273e-01  4.10593241e-01]
 [-3.76175642e-01  6.73588932e-01  1.73351213e-01  7.52319515e-01 -1.41544724e+00  1.30728289e-01 -1.03515005e+00  5.43338716e-01 -1.41097391e+00  4.95399594e-01  1.74618766e-01 -7.25359857e-01 -3.15955818e-01  3.01591903e-01  3.00889537e-02]]
R:
[[2.72328826e-03 5.72831444e-02 1.72260135e-01 2.72328826e-03 5.53392529e-01 2.72328826e-03 2.00724468e-01 2.72328826e-03 2.72328826e-03 2.72328826e-03]
 [3.83626483e-03 1.31291509e-01 2.39999369e-01 3.83626483e-03 3.83626483e-03 3.60718191e-01 2.44973451e-01 3.83626483e-03 3.83626483e-03 3.83626483e-03]
 [1.50748016e-03 5.77708259e-02 1.13767296e-01 1.50748016e-03 5.41380167e-01 1.37154251e-01 1.42390102e-01 1.50748016e-03 1.50748016e-03 1.50748016e-03]
 [4.29402525e-03 5.49194403e-02 1.43376678e-01 4.29402525e-03 4.47085559e-01 1.70506582e-01 1.62641615e-01 4.29402525e-03 4.29402525e-03 4.29402525e-03]
 [2.46302248e-03 4.59899269e-02 1.39654964e-01 2.46302248e-03 4.81428862e-01 1.67580277e-01 1.53030902e-01 2.46302248e-03 2.46302248e-03 2.46302248e-03]
 [1.99282891e-03 5.66540770e-02 1.23502485e-01 1.99282891e-03 5.05248070e-01 1.67642415e-01 1.36988774e-01 1.99282891e-03 1.99282891e-03 1.99282891e-03]
 [8.45618953e-04 4.30157334e-02 1.03396766e-01 8.45618953e-04 5.04636049e-01 1.74436718e-01 1.70286655e-01 8.45618953e-04 8.45618953e-04 8.45618953e-04]
 [3.87983717e-04 4.95340638e-02 1.16441928e-01 3.87983717e-04 5.07092178e-01 1.89077094e-01 1.35914847e-01 3.87983717e-04 3.87983717e-04 3.87983717e-04]
 [1.33833918e-03 5.23505695e-02 1.39247894e-01 1.33833918e-03 4.62879509e-01 1.62540227e-01 1.76290035e-01 1.33833918e-03 1.33833918e-03 1.33833918e-03]
 [1.75189890e-03 5.26360497e-02 1.43484980e-01 1.75189890e-03 5.09878635e-01 1.48704216e-01 1.36536688e-01 1.75189890e-03 1.75189890e-03 1.75189890e-03]
 [2.04937859e-03 6.61713630e-02 1.33158132e-01 2.04937859e-03 4.90705341e-01 1.52978644e-01 1.46739587e-01 2.04937859e-03 2.04937859e-03 2.04937859e-03]
 [1.43589964e-03 4.03671116e-02 1.11973174e-01 1.43589964e-03 4.81902331e-01 1.86107948e-01 1.72469988e-01 1.43589964e-03 1.43589964e-03 1.43589964e-03]
 [2.94581079e-03 5.73368147e-02 1.44002840e-01 2.94581079e-03 6.11309826e-01 2.94581079e-03 1.69675604e-01 2.94581079e-03 2.94581079e-03 2.94581079e-03]
 [1.28494389e-03 6.99248016e-02 1.43845156e-01 1.28494389e-03 6.22614384e-01 1.55906007e-01 1.28494389e-03 1.28494389e-03 1.28494389e-03 1.28494389e-03]
 [1.33970485e-03 5.39158247e-02 1.14259675e-01 1.33970485e-03 5.02568603e-01 1.68518409e-01 1.54039040e-01 1.33970485e-03 1.33970485e-03 1.33970485e-03]]
distance_matrix:
[[ 7.277088   9.745679   5.876459   5.9030676  5.9319296  5.7954783  5.985915   5.830593   5.940967   5.9011726  5.7949443  5.985632   7.053399   6.1803675  5.8372507]
 [ 6.4928994  6.522999   4.950268   4.6604614  4.871415   4.742671   5.0039854  4.8231993  4.789436   4.913669   4.6490035  4.9391603  6.4426517  5.4697537  4.789533 ]
 [11.226303  11.751047   9.345985   9.181884   9.298432   9.109821   9.499168   9.149375   9.356689   9.267275   9.102148   9.443214  11.002728   9.13294    9.235538 ]
 [ 4.822784   6.096021   3.2803283  3.1530724  3.2365603  3.120088   3.3271115  3.142744   3.2171793  3.248737   3.1008134  3.2876148  4.682106   3.6319656  3.1638403]
 [ 3.0987244  5.3792067  1.8700664  1.8249552  1.8829967  1.7972817  1.9024972  1.8364837  1.8278152  1.8986286  1.7669941  1.8916132  2.9724836  2.5539377  1.7951553]
 [ 2.3668196  6.0435147  1.5730617  1.6482893  1.6455336  1.5917716  1.6941655  1.6647204  1.5951672  1.6020216  1.5437917  1.7144784  2.246317   2.2587578  1.5920299]
 [ 2.631888   5.703023   1.7327654  1.7421114  1.777744   1.7273245  1.7765489  1.7872305  1.6892095  1.7819974  1.6733289  1.7850358  2.5453167  2.6363297  1.6983657]
 [ 5.050317   9.119152   3.8446972  4.031763   3.918634   3.833687   3.9404597  3.8177395  3.977189   3.8589349  3.8975067  3.9653397  4.779084   4.091728   3.8612602]
 [ 5.327605   8.857502   3.9427207  4.0432816  3.912384   3.8458033  4.057742   3.8059452  4.0401363  3.8403008  3.9388084  4.044009   5.060817   3.7694232  3.9330516]
 [ 3.4539404  7.4251404  2.3947935  2.529371   2.4352782  2.3889556  2.4493132  2.3803883  2.4530556  2.401618   2.4291172  2.4655747  3.2548447  2.8740954  2.3921146]
 [ 2.6496296  7.0086713  1.8482155  1.9939446  1.9238781  1.8906882  1.931817   1.9260126  1.9068826  1.8846147  1.8924413  1.9612252  2.4850588  2.527924   1.8778607]
 [ 3.0040393  7.8962536  2.4072812  2.5692096  2.4915266  2.5021188  2.4184663  2.5364995  2.4321415  2.4906373  2.5012877  2.4584725  2.8770356  3.489145   2.43437  ]
 [ 3.5618968  8.902597   2.765312   3.0194685  2.8582096  2.8472414  2.8084047  2.8356898  2.8838692  2.818839   2.912594   2.854485   3.3333018  3.435649   2.816693 ]
 [ 3.4506187  6.897621   2.2829127  2.3399353  2.2779582  2.232241   2.3317     2.2285824  2.3103943  2.2591245  2.2729094  2.326755   3.2618914  2.6826398  2.2535584]
 [ 2.4986188  6.747869   1.756517   1.8746529  1.8243437  1.8019251  1.8248372  1.8467915  1.7839714  1.79822    1.7875793  1.8514     2.365481   2.5591955  1.77711  ]]
