hid1:
[[0.01219817 0.19932684 0.13551487 0.         0.72571373 0.         0.30880627 0.27794588 0.         0.01298726 0.17503333 0.68048996 0.05100391 0.         0.07178611]
 [0.         0.         0.         0.         0.         0.         0.         0.         0.         0.         0.07691449 0.         0.39171878 0.         0.        ]
 [0.         0.         0.         0.         0.         0.06758223 0.         0.         0.         0.         0.16304885 0.         0.18567221 0.         0.        ]
 [0.         0.         0.         0.         0.         0.         0.         0.         0.         0.         0.05575226 0.         0.19293466 0.         0.        ]
 [0.         0.         0.         0.06621366 0.         0.         0.         0.         0.         0.         0.         0.00690298 0.14686334 0.         0.        ]
 [0.         0.         0.         0.09432432 0.         0.         0.         0.         0.         0.         0.17407852 0.         0.28432927 0.         0.        ]
 [0.         0.         0.         0.04627873 0.         0.         0.         0.         0.         0.         0.         0.         0.         0.         0.        ]
 [0.0197426  0.19766834 0.         0.         0.         0.         0.         0.         0.         0.         0.         0.         0.         0.         0.        ]
 [0.         0.         0.         0.         0.         0.         0.         0.05226082 0.         0.07602169 0.         0.11094876 0.04033575 0.         0.12111237]
 [0.         0.         0.         0.         0.3451893  0.         0.         0.         0.         0.         0.         0.22742295 0.         0.         0.07730538]
 [0.         0.         0.         0.         0.         0.         0.         0.         0.         0.         0.         0.         0.12479813 0.         0.        ]
 [0.         0.         0.01470122 0.         0.         0.         0.         0.         0.         0.0092409  0.         0.         0.         0.         0.        ]
 [0.         0.         0.         0.         0.         0.         0.         0.12330372 0.         0.         0.         0.06870104 0.         0.         0.        ]
 [0.         0.         0.         0.03131714 0.00768477 0.         0.         0.         0.         0.         0.         0.05840183 0.         0.         0.04638029]
 [0.         0.         0.         0.05035382 0.         0.         0.         0.         0.         0.00918366 0.         0.         0.02457301 0.         0.        ]]
hid2:
[[-0.08221374 -0.18308023  0.03210474  0.01806643  0.10453863 -0.01748689  0.00874669 -0.00494    -0.16235527  0.01738223  0.09235483  0.10223905  0.1423042  -0.09638153  0.02372187]
 [-0.16001467 -0.17076427  0.05771637  0.03187297  0.3063822  -0.09165606  0.18376392 -0.09507924 -0.40500808  0.01732675  0.00220595  0.19523884 -0.00489186 -0.0819897   0.05000317]
 [-0.0892401  -0.17859016  0.03192072  0.02214403  0.11580823 -0.01867154  0.01452806 -0.00703125 -0.1762564   0.01724529  0.08660008  0.10934296  0.13566977 -0.09504303  0.02980132]
 [-0.09478331 -0.18155095  0.02816312  0.02818496  0.13319328 -0.02048419  0.0292849  -0.00933797 -0.19243751  0.00632945  0.07936598  0.11357577  0.11985134 -0.08632835  0.03543391]
 [-0.1014604  -0.17993167  0.02342554  0.03817132  0.1448822  -0.01898615  0.03665045 -0.0079109  -0.19884767 -0.00592108  0.06705403  0.11659001  0.10992911 -0.0764225   0.04805856]
 [-0.09830761 -0.17659554  0.02964987  0.02900092  0.13567609 -0.02088128  0.02888865 -0.0102003  -0.19705908  0.010671    0.07735488  0.11766754  0.12199131 -0.08883625  0.03796029]
 [-0.07064829 -0.1855634   0.04449245  0.0031959   0.08343333 -0.02656986  0.00215246 -0.01382745 -0.13869864  0.03224677  0.0913635   0.09306549  0.1568968  -0.10862037  0.01032978]
 [-0.10252716 -0.17514127  0.01750415  0.04372502  0.13746537 -0.00886947  0.02292625  0.00313026 -0.19091462 -0.00759393  0.07387291  0.11588814  0.11968011 -0.07530112  0.0535121 ]
 [-0.10036383 -0.17882735  0.01932933  0.04161622  0.13894784 -0.01282055  0.0301791  -0.00061467 -0.18871836 -0.00980217  0.0698992   0.11346778  0.11900893 -0.07412936  0.05092768]
 [-0.10503061 -0.17211679  0.01670946  0.04206767  0.14482981 -0.00715306  0.03119235  0.00551365 -0.2003826  -0.00179254  0.08382357  0.12082251  0.13611822 -0.07997391  0.04747794]
 [-0.08394185 -0.18406446  0.03331737  0.01959138  0.11055185 -0.02142903  0.01665305 -0.00919873 -0.16515973  0.0133536   0.08295055  0.10286956  0.13584565 -0.09307103  0.02698643]
 [-0.09806259 -0.18033028  0.0208821   0.03617786  0.13576001 -0.01307033  0.02498547 -0.00149669 -0.19402672 -0.00221654  0.08090732  0.11447739  0.11636618 -0.07977404  0.04319619]
 [-0.11195784 -0.16868877  0.01854345  0.04704505  0.15460163 -0.01168821  0.03489305 -0.00073887 -0.21190794 -0.00463749  0.06843361  0.12655847  0.11673161 -0.07603867  0.05817413]
 [-0.10719912 -0.17758483  0.00420832  0.05557325  0.14252797  0.00340009  0.01012539  0.01476932 -0.20404659 -0.02184249  0.08312851  0.11858393  0.09338901 -0.06382623  0.06396679]
 [-0.08965091 -0.18309377  0.02889689  0.02541659  0.12328647 -0.01937572  0.02495024 -0.00721128 -0.1781205   0.00722819  0.08184645  0.10784833  0.1310187  -0.08802675  0.03179895]]
topics:
[[-8.58348489e-01  3.69237781e-01 -7.37263680e-01 -4.31869216e-02  4.80116040e-01 -2.87812382e-01 -5.14775515e-01 -2.94125825e-01 -5.75433612e-01 -9.38312784e-02 -1.28487781e-01  1.01332152e+00 -2.25034192e-01 -1.77658185e-01  6.27088130e-01]
 [-5.17521501e-02 -2.53378034e-01  2.04489887e-01 -2.04229921e-01  1.37561679e-01 -2.16088519e-01 -2.96597518e-02 -2.62582183e-01 -5.43319166e-01  3.03679258e-01  2.07177758e-01  2.00260460e-01 -3.38803351e-01 -2.84155697e-01 -1.93236530e-01]
 [-8.96954015e-02 -3.98779660e-01 -3.89808044e-02  1.81386843e-01  4.10401642e-01 -1.46940142e-01  5.21229923e-01 -1.16821192e-01 -9.92019475e-02 -5.05247891e-01 -4.06269670e-01 -2.00720131e-02 -1.91138044e-01  2.78130919e-01  2.14802042e-01]
 [-9.63533968e-02  6.72274709e-01  1.89685330e-01  1.18002389e-02  5.59663713e-01 -2.39473253e-01 -2.57635504e-01 -2.14135170e-01 -6.44833744e-01 -3.26414049e-01  8.42376292e-01  1.10545278e-01 -2.95115076e-02  5.10168187e-02 -6.07649758e-02]
 [ 1.10315287e-03 -1.99215174e-01  1.45580331e-02 -6.47617644e-03 -1.06596954e-01  4.93476912e-02 -1.75698400e-01  7.58993700e-02  7.81955197e-02  2.95775551e-02  1.86784819e-01  8.03261250e-03  2.73734063e-01 -1.19296320e-01 -1.20611172e-02]
 [-7.34099746e-02 -4.03716415e-01  1.22147880e-01  9.31987822e-01  4.32088822e-01  7.75495112e-01 -1.15942091e-01  7.70439684e-01 -9.81824756e-01  6.42618597e-01 -2.62982130e-01  9.52475816e-02 -2.52048373e-01  1.97110131e-01  5.89154780e-01]
 [-1.01710528e-01 -4.33234945e-02  3.52379352e-01 -2.34786913e-01  2.06875131e-01 -3.27469230e-01  3.90191674e-01 -3.25111270e-01 -2.31345743e-01  4.40152943e-01 -1.01837933e-01  2.11063504e-01  6.14977598e-01 -4.05897647e-01 -1.89436898e-01]
 [-3.38928878e-01 -1.83146626e-01 -3.91409770e-02  7.93793440e-01  5.72292745e-01  8.16202700e-01  4.40786541e-01  6.49497509e-01 -1.21251547e+00  7.24414527e-01 -1.53032288e-01  2.66757816e-01  7.40340829e-01 -7.24440396e-01  3.21211636e-01]
 [-1.23533380e+00  6.94224238e-01 -1.03124557e-02  5.25495922e-03  6.44282997e-01 -2.34249949e-01 -3.69533114e-02 -2.31790334e-01 -8.95987153e-01 -4.47243690e-01 -1.03635915e-01  1.23136640e+00 -3.64879847e-01  2.48213828e-01  7.98552811e-01]
 [-1.63890943e-01 -2.91954547e-01 -5.35994351e-01  3.37605953e-01  4.98056740e-01  5.27743638e-01  2.84074455e-01  6.38751686e-01 -4.28771794e-01 -4.77547616e-01  8.42681527e-01  1.32957503e-01  7.42577195e-01  2.10414127e-01 -3.14312615e-02]]
R:
[[0.01909552 0.13545607 0.13662761 0.01909552 0.51679564 0.01909552 0.08246514 0.01909552 0.01909552 0.03317793]
 [0.03650602 0.29829225 0.26481184 0.03650602 0.03650602 0.03650602 0.15828635 0.03650602 0.03650602 0.05957337]
 [0.02152067 0.13735248 0.14168431 0.02152067 0.49600652 0.02152067 0.08471233 0.02152067 0.02152067 0.03264108]
 [0.02264803 0.14768468 0.16027206 0.02264803 0.46080258 0.02264803 0.08048984 0.02264803 0.02264803 0.03751069]
 [0.02517112 0.1389755  0.17791136 0.02517112 0.4479329  0.02517112 0.0742608  0.02517112 0.02517112 0.0350639 ]
 [0.02412363 0.14415766 0.157029   0.02412363 0.45740837 0.02412363 0.08535841 0.02412363 0.02412363 0.03542833]
 [0.01520667 0.13086447 0.12476938 0.01520667 0.547706   0.01520667 0.0973675  0.01520667 0.01520667 0.02325923]
 [0.02661058 0.12255569 0.16764648 0.02661058 0.4758558  0.02661058 0.06614684 0.02661058 0.02661058 0.03474219]
 [0.0252993  0.12438755 0.17459023 0.0252993  0.46882722 0.0252993  0.07040039 0.0252993  0.0252993  0.03529816]
 [0.02643695 0.12313541 0.15740483 0.02643695 0.45675436 0.02643695 0.08276767 0.02643695 0.02643695 0.04775292]
 [0.01946289 0.13522999 0.14818351 0.01946289 0.50459355 0.01946289 0.08420362 0.01946289 0.01946289 0.03047491]
 [0.02429915 0.1415939  0.16322961 0.02429915 0.46617803 0.02429915 0.06828639 0.02429915 0.02429915 0.03921622]
 [0.0293894  0.12620486 0.17144838 0.0293894  0.44034994 0.0293894  0.07725463 0.0293894  0.0293894  0.03779515]
 [0.02913473 0.13852648 0.17190383 0.02913473 0.47599524 0.02913473 0.02913473 0.02913473 0.02913473 0.0387661 ]
 [0.02099848 0.13792442 0.15546247 0.02099848 0.48186558 0.02099848 0.08318314 0.02099848 0.02099848 0.03657203]]
distance_matrix:
[[7.6975327 9.478706  7.6270905 7.589307  7.562694  7.562096  7.896757  7.5336947 7.569434  7.5123134 7.6925035 7.5445824 7.4839177 7.4987655 7.6339264]
 [2.646522  4.8020997 2.6388805 2.62819   2.6641989 2.6405818 2.7233367 2.6898918 2.6845446 2.6888185 2.6405263 2.6370878 2.7171721 2.7319665 2.6314263]
 [2.9220147 5.2719064 2.93415   2.9817066 3.0850444 2.9849894 2.906402  3.1211433 3.1142912 3.0825474 2.9361386 3.0373294 3.1544015 3.2603483 2.9623065]
 [1.8923529 4.2248187 1.8945476 1.9230968 1.9851636 1.9261459 1.9033376 2.0122056 2.0041738 2.0040507 1.8903815 1.9587313 2.0448961 2.130611  1.9074754]
 [2.0709138 4.4562488 2.0582647 2.0476532 2.029352  2.054541  2.1488209 2.0287938 2.02005   2.068436  2.0432043 2.03528   2.064685  2.0932956 2.036344 ]
 [2.0250416 4.5119295 2.0395617 2.078041  2.1624212 2.087535  2.0376153 2.1807804 2.1773024 2.155282  2.0388803 2.1116729 2.2257102 2.2818832 2.0574985]
 [2.4919655 4.7649765 2.4760964 2.4555779 2.4373481 2.464033  2.5803974 2.4442723 2.4343224 2.4792109 2.4633853 2.443557  2.474327  2.4991832 2.4505038]
 [3.3348699 4.8510027 3.2904387 3.2519095 3.266727  3.242917  3.424956  3.324381  3.3109872 3.291987  3.3074584 3.2793024 3.287752  3.4261684 3.276466 ]
 [1.9172955 4.4176655 1.9052465 1.8944161 1.8719008 1.9036565 2.0185497 1.8536565 1.8558824 1.9071524 1.8969588 1.8642855 1.8993487 1.8671994 1.8877497]
 [3.364131  5.629945  3.3285975 3.3043993 3.2583714 3.2972417 3.4970672 3.2324107 3.2370336 3.2486963 3.3372283 3.2680151 3.2356815 3.2770114 3.3047597]
 [1.8889027 4.256827  1.8793106 1.8670776 1.8511317 1.8771856 1.9581525 1.8589058 1.8457184 1.9037478 1.8584867 1.8597531 1.8992074 1.9282224 1.8547988]
 [1.8010418 4.1958694 1.7982454 1.7901316 1.7917488 1.8043659 1.8666246 1.8024383 1.7897582 1.8351417 1.779037  1.7872696 1.8475375 1.8664157 1.7768984]
 [2.3971276 4.619059  2.3715003 2.3370645 2.3065448 2.344169  2.5320787 2.2977924 2.299035  2.3273542 2.37396   2.3037522 2.3183026 2.3015027 2.344164 ]
 [1.8502588 4.154251  1.83342   1.8116169 1.7871549 1.819876  1.9455802 1.7882924 1.7799854 1.8266351 1.8211651 1.7938912 1.8192763 1.8360941 1.8064303]
 [2.030504  4.3101034 2.0180495 2.0067492 2.0052981 2.0149689 2.1046026 2.0171251 2.0093756 2.0522258 2.0076625 2.003152  2.0507271 2.071603  2.0025346]]
