hid1:
[[ 1.00569583e-01 -3.67617965e-01 -7.81037956e-02  8.75508264e-02  8.30208659e-02 -3.79878879e-01 -2.08060563e-01 -3.79351020e-01  3.13528299e-01  2.11432964e-01  1.17308527e-01  4.25800145e-01 -2.75612235e-01 -9.35287774e-02 -3.31437856e-01]
 [-4.27162647e-03  1.07073188e-02  1.34467959e-01 -2.70520151e-02  1.56856775e-01  5.68436921e-01  3.08891535e-01 -2.26103067e-01  4.52749729e-01  4.55041118e-02  2.72930682e-01  3.20251584e-01 -7.03391731e-02 -2.89291352e-01  5.00974655e-02]
 [-1.90665275e-02 -1.75299555e-01 -1.40333921e-02 -3.53001088e-01  4.21062917e-01  1.97557032e-01 -3.24829817e-01  9.30680037e-02  9.55162048e-02 -1.36248469e-02  1.24874085e-01  2.67567992e-01 -1.35988519e-01 -9.70481634e-02  4.33329865e-03]
 [-4.39078733e-03 -2.02762455e-01 -3.90202999e-02  1.01264477e-01  2.39610523e-02 -1.84852540e-01 -8.40957880e-01  9.81276035e-02 -9.26627517e-01  1.28759503e-01  3.48959863e-01  5.42443633e-01  5.62242866e-02 -1.45472214e-01 -3.08590592e-03]
 [-2.60364056e-01  1.50146201e-01  2.14613676e-02  9.95262265e-02  2.70783976e-02 -9.06750858e-02 -7.95240626e-02 -3.55052948e-03 -9.47645307e-03  8.28071833e-02 -1.21040225e-01 -8.71917903e-02 -3.23318988e-02 -8.81329477e-02  3.47554684e-04]
 [-1.60408333e-01  2.11783350e-01  1.71371810e-02  3.44239771e-02  2.18740851e-02  8.83816481e-02 -2.43905902e-01 -7.23150074e-02 -5.82421422e-02  2.95464575e-01  1.41851336e-01  2.51706243e-01  1.31637901e-02  4.33348119e-03 -3.86595428e-02]
 [-7.79933035e-01  3.60399544e-01  1.85239792e-01  5.67823648e-02  7.21729398e-02 -2.80658782e-01  4.70355034e-01 -5.31381726e-01  1.66887164e-01 -8.27455297e-02 -1.95708156e-01  2.56754577e-01 -2.21478641e-02  5.54183006e-01  1.17547274e-01]
 [ 4.05554771e-01 -1.62626803e-01 -2.70758748e-01 -3.24673474e-01 -1.22023225e-02  3.64148378e-01 -1.07908964e-01 -3.73376757e-01 -6.20015800e-01  1.60166621e-02  7.55338371e-02  1.24298483e-02 -3.71758670e-01 -3.34762037e-03 -2.27299750e-01]
 [ 1.43696576e-01 -3.10858667e-01  2.06734866e-01 -1.48627460e-02 -1.43233705e-02 -1.57232642e-01 -7.96983957e-01 -1.62733734e-01  4.99966145e-01  1.92751229e-01  1.53673440e-01 -4.88839090e-01 -6.64855167e-02  1.65961981e-01 -4.15651500e-03]
 [-1.25514016e-01 -5.11316597e-01 -1.43710867e-01  5.39426684e-01  1.44993082e-01 -3.69414955e-01  1.60809815e-01 -1.90061226e-01 -3.06196451e-01  4.19850171e-01  1.51585683e-01  4.10583079e-01  9.55194831e-02  2.26038799e-01  1.88943475e-01]
 [ 4.04100120e-03 -3.46082866e-01  1.09135866e-01  6.09253794e-02  9.08146203e-02 -3.92272472e-01 -4.09266561e-01 -5.09095192e-03 -3.65135789e-01  4.77320135e-01  9.86588001e-03  1.38725996e-01  1.07621290e-02 -4.05474097e-01  1.06587261e-02]
 [-2.95186937e-02 -1.97299629e-01  1.33930415e-01  4.85921800e-02 -3.30824405e-03 -1.08521461e-01 -3.74031246e-01  1.23308897e-02 -4.34101582e-01 -1.49576068e-02 -1.42507076e-01 -1.10018909e-01 -3.59439850e-02 -1.47827223e-01  4.11891639e-02]
 [ 2.73445070e-01  1.90767348e-02  5.34301996e-02 -2.48139024e-01 -1.75016336e-02 -1.02842569e-01 -4.51563537e-01 -2.59916067e-01 -4.79530454e-01 -1.20602906e-01  7.51914084e-03  5.01177460e-02 -6.87508136e-02  3.48067820e-01 -1.35104835e-01]
 [-2.43115529e-01 -1.35596305e-01  1.33755177e-01  5.26030734e-03 -1.74868926e-02  2.30053067e-02 -2.28213012e-01 -3.49868536e-01 -2.30500102e-01 -7.28929639e-02 -8.36293399e-02  1.34200513e-01 -1.07172914e-02 -1.37133710e-03  4.98248544e-03]
 [ 5.32107521e-03 -3.84071648e-01  2.35847175e-01  2.00523734e-02  3.14163148e-01 -3.03480864e-01 -7.53496289e-01 -1.36881024e-01 -7.18205929e-01 -1.02947354e-02  9.43858624e-02  4.12923694e-01 -1.34283118e-03 -2.08736688e-01 -5.42804599e-02]]
hid2:
[[-9.33062658e-02 -2.58716106e-01  9.11280215e-02  1.84522346e-02  1.15773164e-01 -1.09400600e-02 -3.32335919e-01 -5.20774424e-02 -2.03553647e-01  1.16168581e-01  4.26356457e-02  9.93725657e-02 -1.71197832e-01 -1.67649522e-01  1.73011478e-02]
 [-1.81718692e-01 -1.36383519e-01  1.04286790e-01  2.03636270e-02  2.87281930e-01 -7.57434070e-02 -2.64899939e-01 -1.13068812e-01 -4.19452727e-01  1.71324641e-01 -1.87000185e-02  2.08340153e-01 -6.85546026e-02 -1.91456392e-01  4.44703847e-02]
 [-1.22588478e-01 -2.26675034e-01  8.35048854e-02  3.29863727e-02  1.54182434e-01 -5.33428695e-03 -3.07265580e-01 -4.52933908e-02 -2.59575158e-01  1.27028644e-01  4.39544916e-02  1.31262258e-01 -1.39177665e-01 -1.72579810e-01  3.56358886e-02]
 [-1.20562330e-01 -2.28065223e-01  8.49435553e-02  2.65673585e-02  1.35679871e-01 -1.15835574e-03 -3.11975807e-01 -4.08032723e-02 -2.43195161e-01  1.33513242e-01  6.38902783e-02  1.31452203e-01 -1.42800570e-01 -1.80002198e-01  3.05500440e-02]
 [-1.21102057e-01 -2.26458728e-01  8.44261050e-02  2.60589905e-02  1.52767345e-01 -1.51494918e-02 -3.13234121e-01 -5.33712991e-02 -2.53083438e-01  1.18666708e-01  4.45245206e-02  1.30528882e-01 -1.49576038e-01 -1.64297700e-01  3.36466581e-02]
 [-1.44735500e-01 -1.91943079e-01  8.53873491e-02  3.01687159e-02  1.81558207e-01 -1.12152770e-02 -2.86112279e-01 -5.11318222e-02 -3.17520976e-01  1.50821328e-01  5.89541942e-02  1.63472280e-01 -1.15169801e-01 -1.84206471e-01  3.86684984e-02]
 [-8.09295326e-02 -2.65230149e-01  1.06561616e-01 -3.66059318e-03  9.84023958e-02 -2.92498432e-02 -3.47822547e-01 -7.10348114e-02 -1.78575158e-01  1.29963025e-01  4.20406088e-02  9.14149731e-02 -1.79810196e-01 -1.81600690e-01 -2.71423161e-03]
 [-1.05048686e-01 -2.62920320e-01  6.73545524e-02  4.58388664e-02  1.48978397e-01 -9.62926913e-03 -3.31480056e-01 -4.44718376e-02 -2.04754531e-01  5.56678623e-02  7.90528860e-03  9.60697383e-02 -1.84295863e-01 -1.16993755e-01  5.10857254e-02]
 [-1.26639158e-01 -2.39532128e-01  6.17932640e-02  5.28261438e-02  1.46461695e-01  1.30999070e-02 -3.13741535e-01 -2.17129681e-02 -2.26629421e-01  8.27911869e-02  4.78685647e-02  1.23224378e-01 -1.56551048e-01 -1.40698999e-01  5.91793656e-02]
 [-1.13095291e-01 -2.49804139e-01  7.29574561e-02  3.95826958e-02  1.38160646e-01 -1.51394028e-03 -3.25215459e-01 -3.76742408e-02 -2.10568443e-01  8.75532329e-02  3.54069732e-02  1.10989787e-01 -1.65676802e-01 -1.45625234e-01  4.47052866e-02]
 [-1.13349445e-01 -2.40515307e-01  8.41796249e-02  3.55482697e-02  1.36736885e-01  5.79627790e-03 -3.12026232e-01 -3.60038280e-02 -2.38078952e-01  1.30551964e-01  4.63929325e-02  1.19427055e-01 -1.40948460e-01 -1.79990187e-01  3.18427160e-02]
 [-1.43991902e-01 -2.07657039e-01  6.66298866e-02  4.81864698e-02  1.80333540e-01 -2.67204829e-04 -2.93394983e-01 -3.59206200e-02 -2.90593356e-01  1.04135886e-01  4.97982875e-02  1.50609836e-01 -1.36006504e-01 -1.48148850e-01  5.90616129e-02]
 [-1.40533388e-01 -2.22036883e-01  5.86125515e-02  5.89103922e-02  1.78128228e-01  5.58930682e-03 -3.00889939e-01 -2.82458179e-02 -2.65814394e-01  8.00456107e-02  3.52091603e-02  1.38334617e-01 -1.45229399e-01 -1.32881835e-01  6.88651055e-02]
 [-1.37084201e-01 -2.27866307e-01  4.54323813e-02  6.72895461e-02  1.58543751e-01  2.77737472e-02 -2.96543509e-01 -6.09222427e-03 -2.62967020e-01  6.60081804e-02  6.77491277e-02  1.34477779e-01 -1.60538122e-01 -1.17267713e-01  7.50407130e-02]
 [-1.07305460e-01 -2.48549998e-01  8.21588561e-02  2.73226816e-02  1.30403519e-01 -8.86026770e-03 -3.27348232e-01 -4.67810780e-02 -2.12277606e-01  1.03404365e-01  4.20412198e-02  1.10663816e-01 -1.66369811e-01 -1.57129154e-01  3.18371132e-02]]
topics:
[[-9.98813570e-01 -1.44003397e-02 -6.42466247e-01  8.80082697e-02  4.78326648e-01 -1.61180288e-01 -3.95085007e-01 -3.06445718e-01 -6.04715347e-01  7.31136799e-02 -8.26645643e-02  1.06555343e+00 -4.60441977e-01 -3.18824559e-01  6.56461418e-01]
 [-2.30336618e-02 -1.32150024e-01  2.53867269e-01 -2.20806196e-01  1.16428778e-01 -2.12272808e-01 -2.89173841e-01 -2.88156986e-01 -5.31438470e-01  3.96856517e-01  1.72590733e-01  1.68098703e-01 -1.94113046e-01 -2.95461953e-01 -2.12855622e-01]
 [-7.75672644e-02 -4.06395823e-01 -2.94177495e-02  1.94067359e-01  3.79130036e-01 -9.64462832e-02 -4.03629094e-01 -1.01231344e-01 -1.01624988e-01 -3.76282543e-01 -4.49703664e-01 -5.57365417e-02 -3.25562447e-01  2.28282839e-01  2.11238667e-01]
 [-9.57212448e-02  6.91654325e-01  1.46539956e-01 -1.87484473e-02  5.50937474e-01 -2.26451769e-01  2.23185290e-02 -2.06560969e-01 -6.57020330e-01 -3.66817266e-01  8.47533643e-01  1.26899093e-01 -1.87950637e-02  9.03028250e-02 -6.22828975e-02]
 [-9.03645996e-03 -3.77844065e-01  8.24078843e-02 -9.96740055e-05 -1.31312147e-01  8.90526772e-02 -4.08935100e-01  4.42724563e-02  7.38263279e-02  1.10011458e-01  1.96295768e-01  3.65166878e-03 -2.61603981e-01 -1.98684663e-01 -2.48532407e-02]
 [-5.83093874e-02 -1.77611142e-01  3.17295045e-02  9.70085800e-01  4.33347970e-01  7.65471816e-01  2.76659012e-01  7.61762559e-01 -9.33395863e-01  6.13849461e-01 -2.77779907e-01  9.49987322e-02  1.94132090e-01  2.34687686e-01  5.98777056e-01]
 [-1.09413899e-01 -1.35541633e-01  3.42841834e-01 -2.15742394e-01  1.87499046e-01 -2.78102458e-01 -3.83109301e-01 -3.39302599e-01 -2.38837779e-01  5.51591218e-01 -1.17553368e-01  1.97764501e-01  6.41817972e-02 -5.73256493e-01 -1.97536334e-01]
 [-3.27884078e-01 -1.47645891e-01 -7.95155689e-02  7.55785644e-01  5.72759032e-01  8.37653041e-01  3.58563334e-01  6.46561027e-01 -1.24640787e+00  7.12870002e-01 -1.35785222e-01  2.64221698e-01  7.82781720e-01 -6.89532876e-01  3.28369707e-01]
 [-1.29779160e+00  4.14617032e-01 -4.81444933e-02 -1.08774798e-02  6.69246197e-01 -2.33736128e-01 -1.12321533e-01 -2.18199596e-01 -9.56937134e-01 -4.71696645e-01 -8.50924328e-02  1.17101824e+00 -3.20975244e-01  2.68777072e-01  8.53749275e-01]
 [-1.54092550e-01 -2.22909257e-01 -3.29174429e-01  2.11339369e-01  4.94891971e-01  3.48679245e-01 -2.02302888e-01  6.33035958e-01 -4.27663177e-01 -4.85648811e-01  8.27852726e-01  1.20434910e-01  5.75540841e-01  2.17287078e-01 -3.99765931e-02]]
R:
[[0.01962833 0.1625637  0.17098759 0.01962833 0.4290093  0.01962833 0.11158472 0.0277131  0.01962833 0.01962833]
 [0.04522496 0.23124671 0.19211914 0.04522496 0.04522496 0.04522496 0.26005942 0.04522496 0.04522496 0.04522496]
 [0.02917571 0.16029507 0.15690748 0.02917571 0.36581972 0.02917571 0.13125739 0.03984182 0.02917571 0.02917571]
 [0.02984504 0.14852256 0.1290734  0.02984504 0.40656635 0.02984504 0.13233976 0.03427273 0.02984504 0.02984504]
 [0.02975816 0.16738887 0.16228487 0.02975816 0.36280996 0.02975816 0.12896733 0.02975816 0.02975816 0.02975816]
 [0.037339   0.19437945 0.12646662 0.037339   0.30287752 0.037339   0.14513223 0.04444917 0.037339   0.037339  ]
 [0.01544371 0.16336654 0.1631666  0.01544371 0.44161603 0.01544371 0.13918865 0.01544371 0.01544371 0.01544371]
 [0.02394188 0.13747601 0.24185954 0.02394188 0.39134687 0.02394188 0.08566634 0.02394188 0.02394188 0.02394188]
 [0.0327071  0.10969335 0.17265934 0.0327071  0.42087504 0.0327071  0.10052975 0.0327071  0.0327071  0.0327071 ]
 [0.02721099 0.1209809  0.18662985 0.02721099 0.41703022 0.02721099 0.11209307 0.02721099 0.02721099 0.02721099]
 [0.02533413 0.14251554 0.15147641 0.02533413 0.406811   0.02533413 0.12778008 0.04474634 0.02533413 0.02533413]
 [0.03839121 0.16406058 0.1624319  0.03839121 0.3333503  0.03839121 0.10981002 0.03839121 0.03839121 0.03839121]
 [0.03691143 0.13119483 0.18918408 0.03691143 0.35404533 0.03691143 0.10410719 0.03691143 0.03691143 0.03691143]
 [0.03836026 0.15347454 0.16974944 0.03836026 0.4082542  0.03836026 0.03836026 0.03836026 0.03836026 0.03836026]
 [0.025238   0.14225453 0.17343657 0.025238   0.41585076 0.025238   0.11703008 0.025238   0.025238   0.025238  ]]
distance_matrix:
[[13.28937   14.445692  13.200131  13.16457   13.146831  13.220865  13.242216  13.852988  13.578123  13.4851265 13.292564  13.31003   13.544     13.751205  13.301708 ]
 [18.513786  18.790575  18.172081  18.260164  18.189434  18.12029   18.616823  18.832685  18.528196  18.50996   18.296417  18.171265  18.340084  18.718626  18.425407 ]
 [10.910421  11.8278885 10.627163  10.542984  10.640153  10.582724  10.93972   11.481732  10.903116  10.9349    10.6871605 10.673714  10.879875  11.140047  10.818901 ]
 [10.204672  10.961085   9.873105  10.031845   9.911407   9.987127  10.513457  10.119226   9.921587   9.993722   9.964675   9.71822    9.711391   9.927379  10.045425 ]
 [ 9.693354  10.972047   9.599243   9.62732    9.530745   9.754496   9.759958   9.8661785  9.716699   9.670964   9.700649   9.574176   9.64337    9.836409   9.608282 ]
 [ 9.486555  10.515825   9.188732   9.172752   9.216223   9.126545   9.660944   9.927998   9.434404   9.510721   9.264678   9.133796   9.342092   9.415362   9.415091 ]
 [19.480438  24.029747  19.939152  19.876015  19.910328  20.960133  19.683804  19.132545  19.21007   19.206459  19.690016  20.02124   19.56067   19.384949  19.389574 ]
 [13.34589   15.543898  13.59265   13.764939  13.482388  14.197582  13.424011  13.041669  13.47851   13.285812  13.625778  13.649303  13.446081  13.656099  13.316195 ]
 [11.036486  14.018105  11.2184    11.233521  11.188449  11.843456  11.221729  10.875384  10.880993  10.866127  11.129345  11.235704  11.00682   10.993673  10.950811 ]
 [20.688988  23.276955  20.744709  20.819283  20.716148  21.328701  20.98146   20.297703  20.308159  20.358255  20.705847  20.617102  20.337431  20.341043  20.514582 ]
 [ 8.381424  10.780848   8.3978815  8.365716   8.432604   8.785663   8.523373   8.6105175  8.340864   8.348236   8.309028   8.496278   8.449261   8.506428   8.341496 ]
 [ 9.243717  11.395534   9.168378   9.255096   9.197979   9.527132   9.580923   9.128429   8.995321   9.073601   9.1479225  9.058202   8.957117   8.88977    9.145115 ]
 [ 8.223444  10.35587    8.38153    8.55073    8.323259   8.929516   8.371794   7.975308   8.283874   8.150077   8.390858   8.420838   8.242299   8.409686   8.189861 ]
 [10.220783  11.740767  10.053565  10.092704  10.056079  10.237848  10.437788  10.31493   10.053582  10.106989  10.096676   9.970161   9.987461  10.06477   10.109347 ]
 [ 5.2337246  6.7339964  5.158863   5.245301   5.137153   5.45117    5.3785777  5.240461   5.1750956  5.1379805  5.200975   5.150769   5.10863    5.3201923  5.1432943]]
