hid1:
[[0.00000000e+00 0.00000000e+00 0.00000000e+00 0.00000000e+00 3.08042675e-01 4.26244050e-01 3.07112813e-01 6.41112700e-02 0.00000000e+00 0.00000000e+00 0.00000000e+00 6.70639724e-02 7.94845670e-02 7.55430013e-02 4.62601870e-01]
 [0.00000000e+00 0.00000000e+00 9.01598930e-02 4.05598134e-02 2.57631689e-01 0.00000000e+00 4.09702808e-01 9.50752869e-02 0.00000000e+00 0.00000000e+00 0.00000000e+00 7.42957667e-02 1.31496102e-01 2.05836937e-01 1.04240470e-01]
 [0.00000000e+00 0.00000000e+00 3.68336187e-04 0.00000000e+00 2.61025101e-01 2.45845899e-01 5.36401212e-01 2.91772366e-01 0.00000000e+00 0.00000000e+00 0.00000000e+00 1.28320292e-01 2.26429984e-01 1.84153855e-01 2.96435773e-01]
 [0.00000000e+00 0.00000000e+00 1.18467264e-01 0.00000000e+00 2.86108822e-01 1.20393306e-01 3.84301841e-01 0.00000000e+00 0.00000000e+00 0.00000000e+00 0.00000000e+00 1.60251200e-01 6.00507371e-02 2.48005494e-01 3.20018083e-02]
 [0.00000000e+00 0.00000000e+00 2.24611714e-01 0.00000000e+00 2.07337260e-01 0.00000000e+00 3.43603462e-01 1.50434058e-02 0.00000000e+00 0.00000000e+00 6.83169365e-02 4.64973040e-02 0.00000000e+00 3.38472813e-01 1.49073154e-01]
 [0.00000000e+00 0.00000000e+00 1.33471712e-01 0.00000000e+00 3.44868481e-01 1.36181459e-01 3.26317251e-01 0.00000000e+00 0.00000000e+00 0.00000000e+00 7.16268942e-02 1.35891765e-01 3.64309140e-02 1.91763178e-01 9.56642330e-02]
 [0.00000000e+00 0.00000000e+00 6.78338408e-02 4.56126258e-02 1.27205148e-01 4.96204011e-02 2.72774130e-01 0.00000000e+00 0.00000000e+00 2.38263644e-02 7.56861940e-02 3.66212204e-02 9.10045877e-02 2.69944310e-01 0.00000000e+00]
 [0.00000000e+00 0.00000000e+00 2.30290890e-01 8.02405551e-02 1.69496223e-01 1.38431579e-01 4.00989980e-01 6.99552596e-02 0.00000000e+00 0.00000000e+00 3.55995595e-02 5.28606363e-02 0.00000000e+00 3.55043650e-01 0.00000000e+00]
 [0.00000000e+00 0.00000000e+00 7.38678053e-02 0.00000000e+00 1.48662239e-01 0.00000000e+00 3.77416372e-01 0.00000000e+00 0.00000000e+00 0.00000000e+00 1.07855843e-02 2.55075186e-01 1.24706410e-01 2.32081518e-01 0.00000000e+00]
 [0.00000000e+00 2.75407434e-02 1.25056326e-01 2.35609666e-01 1.05323203e-01 0.00000000e+00 2.33243763e-01 0.00000000e+00 0.00000000e+00 3.45404260e-02 0.00000000e+00 6.48715533e-03 2.24006623e-02 3.66207957e-01 5.85107505e-02]
 [0.00000000e+00 0.00000000e+00 7.54494742e-02 0.00000000e+00 1.70470372e-01 0.00000000e+00 4.28236037e-01 0.00000000e+00 3.69089730e-02 0.00000000e+00 4.68876325e-02 7.69305080e-02 0.00000000e+00 2.69731700e-01 7.19658807e-02]
 [0.00000000e+00 0.00000000e+00 1.24374911e-01 0.00000000e+00 1.90904081e-01 0.00000000e+00 2.96464950e-01 0.00000000e+00 0.00000000e+00 0.00000000e+00 8.02751482e-02 7.70605132e-02 4.14473973e-02 3.15164000e-01 0.00000000e+00]
 [0.00000000e+00 0.00000000e+00 2.43916199e-01 0.00000000e+00 6.93041906e-02 0.00000000e+00 2.78702050e-01 0.00000000e+00 0.00000000e+00 1.89171582e-02 1.31843582e-01 7.14157745e-02 7.90527649e-03 3.29447836e-01 0.00000000e+00]
 [0.00000000e+00 0.00000000e+00 1.81952313e-01 9.84267239e-03 2.00938091e-01 0.00000000e+00 3.29695672e-01 0.00000000e+00 0.00000000e+00 8.50357208e-03 9.51094478e-02 1.30132243e-01 2.41146423e-02 2.86268651e-01 9.73191205e-03]
 [0.00000000e+00 0.00000000e+00 1.69613853e-01 1.36988871e-02 1.78642854e-01 0.00000000e+00 3.32371920e-01 0.00000000e+00 0.00000000e+00 0.00000000e+00 4.09553312e-02 9.86713823e-03 6.02132455e-02 3.68441224e-01 4.08438370e-02]]
hid2:
[[-9.65097100e-02 -2.14626029e-01  1.35115355e-01  7.08744675e-02  1.70661986e-01 -3.08348611e-03  3.31016690e-01  4.45336960e-02 -1.71675071e-01  1.47047248e-02  5.80093414e-02  9.06106681e-02  6.08511753e-02  2.87626565e-01  4.49344851e-02]
 [-1.50145531e-01 -1.99723542e-01  7.50958920e-02  4.24685515e-02  3.32702488e-01 -5.88192418e-02  2.36514896e-01 -4.42851335e-03 -3.71155947e-01  4.19097431e-02 -4.85014915e-03  1.64082557e-01  9.99912620e-04  9.84420031e-02  4.77781035e-02]
 [-1.12737231e-01 -2.09513068e-01  1.13841131e-01  8.25458318e-02  2.03827694e-01 -3.20706517e-03  3.20377082e-01  4.73224558e-02 -2.02994913e-01 -1.66435726e-03  3.71982381e-02  1.03602819e-01  4.45867702e-02  2.76923180e-01  6.44541830e-02]
 [-1.04285710e-01 -2.21767500e-01  1.10151537e-01  8.60040188e-02  1.99008882e-01  3.21425498e-04  3.27632427e-01  5.44813983e-02 -1.84983104e-01 -2.19810307e-02  2.92318296e-02  9.03409645e-02  3.45198475e-02  2.96070635e-01  6.48479536e-02]
 [-9.70373824e-02 -1.97629958e-01  1.64620802e-01  5.55962473e-02  1.40271634e-01 -6.59151562e-03  3.13987076e-01  2.95090340e-02 -1.77061185e-01  6.92811757e-02  9.22595710e-02  1.03836015e-01  7.92284012e-02  2.56261349e-01  2.83050835e-02]
 [-1.07458830e-01 -2.11972371e-01  1.19301870e-01  7.87210763e-02  1.95148230e-01 -2.10628659e-03  3.23317438e-01  4.76662517e-02 -1.94934458e-01  2.98101641e-03  4.56710309e-02  9.95871201e-02  5.08682653e-02  2.78570920e-01  5.71180917e-02]
 [-7.85650536e-02 -2.05291525e-01  1.81835517e-01  4.71405685e-02  1.11547053e-01 -1.42843556e-02  3.48101169e-01  2.43079308e-02 -1.26291364e-01  6.67255670e-02  9.01628509e-02  8.16560090e-02  9.69596654e-02  2.97271967e-01  1.71941947e-02]
 [-9.79158357e-02 -1.93540037e-01  1.64011449e-01  5.99705018e-02  1.39654696e-01 -5.32994792e-03  3.33393186e-01  3.21194641e-02 -1.64680272e-01  6.37647212e-02  9.15186703e-02  1.01318963e-01  9.59989950e-02  2.78165936e-01  3.32791544e-02]
 [-9.37807560e-02 -2.17455924e-01  1.34943292e-01  7.99512044e-02  1.59649402e-01  2.00964138e-03  3.40262294e-01  5.10017984e-02 -1.51091993e-01 -1.15553848e-03  4.96768281e-02  8.21826831e-02  5.39647490e-02  3.14766914e-01  5.46162836e-02]
 [-8.26296285e-02 -1.92673415e-01  1.94488361e-01  2.95629762e-02  1.13220066e-01 -2.05191616e-02  3.34997773e-01  1.13816969e-02 -1.53302848e-01  1.11143149e-01  1.20214969e-01  9.83012021e-02  1.23388782e-01  2.53134370e-01 -3.01487395e-03]
 [-1.00265816e-01 -2.21498057e-01  1.16325647e-01  8.41624737e-02  1.90115973e-01 -5.52295893e-03  3.40808958e-01  4.96725552e-02 -1.67172909e-01 -2.31049806e-02  2.18014549e-02  8.41809958e-02  3.84709425e-02  3.13083589e-01  6.54482618e-02]
 [-1.06530696e-01 -2.07343861e-01  1.30907193e-01  7.39256740e-02  1.80790663e-01 -3.81396711e-03  3.15381885e-01  4.18995135e-02 -1.93395287e-01  2.03526374e-02  5.42521626e-02  1.02509476e-01  5.08922301e-02  2.69653082e-01  5.26120290e-02]
 [-9.98466313e-02 -1.88471228e-01  1.68564498e-01  5.34311384e-02  1.41114488e-01 -9.27724317e-03  3.29272211e-01  2.60141976e-02 -1.74378008e-01  7.95675814e-02  9.95223969e-02  1.07538439e-01  1.04568414e-01  2.62792826e-01  2.69576274e-02]
 [-1.06630571e-01 -2.31687412e-01  9.46721435e-02  1.26690298e-01  1.75041780e-01  4.92151380e-02  3.07405949e-01  1.00663796e-01 -1.69993222e-01 -6.61676377e-02  4.42262441e-02  8.21151063e-02 -6.63220882e-04  3.31210375e-01  9.37685668e-02]
 [-9.95902866e-02 -2.14736059e-01  1.29174858e-01  7.42735267e-02  1.78815931e-01 -3.29527259e-03  3.30442488e-01  4.57434990e-02 -1.76630825e-01  7.48869777e-03  5.05970456e-02  9.20052677e-02  5.58355078e-02  2.88552135e-01  5.03158420e-02]]
topics:
[[-1.2648599   0.55505043 -0.5433592   0.46155095  0.72381926 -0.2898938   0.09490281 -0.2961808  -0.7447463  -0.10814651 -0.03636643  1.3446872  -0.4197093   0.3224604   0.85363144]
 [-0.04195942 -0.28256404  0.30888566 -0.24294123  0.12981094 -0.20925611 -0.28330082 -0.2303457  -0.58230305  0.47800565  0.11842     0.21081987 -0.35453612 -0.58856016 -0.2552809 ]
 [-0.07355776 -0.42019686 -0.1321666   0.22812426  0.406945   -0.03444608  0.415971    0.13475005 -0.05321851 -0.58828264 -0.4755937  -0.0786348  -0.3842329   0.62709177  0.27232045]
 [-0.2362018   0.7741219   0.06300636  0.02327942  0.73827744 -0.25952363  0.35855964 -0.20751342 -0.81165    -0.43769115  0.9594261   0.24099624 -0.2360708   0.15450478  0.04148597]
 [-0.01959162 -0.19916306  0.2834792   0.06733728 -0.11315507  0.06483916  0.43542016  0.07855438  0.08938999  0.10594206  0.23586898  0.01747525  0.21031418  0.47336358 -0.01059582]
 [-0.19615416 -0.37676483 -0.15561436  0.9799626   0.61155915  0.8907657  -0.2652567   0.88302976 -1.3208799   0.6692952  -0.2080472   0.20607394  0.73292595 -0.17392553  0.7628917 ]
 [-0.09559037 -0.00888227  0.41831082 -0.3045438   0.18438308 -0.38454857  0.48046058 -0.37925762 -0.2758163   0.6539929   0.1555392   0.23064147  0.5389822  -0.06767877 -0.24700558]
 [-0.36158353 -0.32698885 -0.23470129  0.91387683  0.6383218   1.0693604   0.14958374  0.82453233 -1.3830283   0.84746915 -0.19690786  0.27736276  0.7770915  -0.8531506   0.48003507]
 [-1.396122    0.80210453 -0.06267393  0.0214806   0.7203902  -0.28630927 -0.5438669  -0.2862826  -1.0864173  -0.4749521  -0.10721131  1.3767016  -0.54521286  0.20463777  0.9804483 ]
 [-0.1775286  -0.3508844  -0.41730148  0.44824642  0.6339921   0.8081902   0.45266223  0.88167715 -0.5671737  -0.45600852  0.97938794  0.13472626  0.76880014  0.339206   -0.01096416]]
R:
[[0.01290438 0.10506646 0.25335428 0.01290438 0.39697972 0.01290438 0.13259995 0.01290438 0.01290438 0.04747767]
 [0.02300076 0.20860125 0.33247766 0.02300076 0.02300076 0.02300076 0.24349894 0.02300076 0.02300076 0.07741764]
 [0.01713131 0.10548888 0.27925393 0.01713131 0.3430951  0.01713131 0.13729243 0.01713131 0.01713131 0.04921304]
 [0.01458436 0.10262601 0.2963209  0.01458436 0.35288644 0.01458436 0.12484469 0.01458436 0.01458436 0.05040023]
 [0.01451076 0.12465306 0.19016919 0.01451076 0.446598   0.01451076 0.12861994 0.01451076 0.01451076 0.037406  ]
 [0.01559586 0.10672245 0.27109113 0.01559586 0.35619137 0.01559586 0.13667665 0.01559586 0.01559586 0.05133909]
 [0.00925604 0.09505071 0.19397804 0.00925604 0.494967   0.00925604 0.1403347  0.00925604 0.00925604 0.02938929]
 [0.01462106 0.09796169 0.19383442 0.01462106 0.4568671  0.01462106 0.14107181 0.01462106 0.01462106 0.03715974]
 [0.01284554 0.09087826 0.26105303 0.01284554 0.4296642  0.01284554 0.11476786 0.01284554 0.01284554 0.03940899]
 [0.00992701 0.11406438 0.15434992 0.00992701 0.47570664 0.00992701 0.1677018  0.00992701 0.00992701 0.03854216]
 [0.01363579 0.08751163 0.30130213 0.01363579 0.36931866 0.01363579 0.13119704 0.01363579 0.01363579 0.04249161]
 [0.01612041 0.11589538 0.25030625 0.01612041 0.3806885  0.01612041 0.12841754 0.01612041 0.01612041 0.04409036]
 [0.01500235 0.10353313 0.18181795 0.01500235 0.44789532 0.01500235 0.152777   0.01500235 0.01500235 0.03896483]
 [0.01788876 0.11349925 0.28153118 0.01788876 0.44764477 0.01788876 0.01788876 0.01788876 0.01788876 0.04999228]
 [0.01364117 0.10321981 0.26336965 0.01364117 0.38391525 0.01364117 0.13361783 0.01364117 0.01364117 0.04767175]]
distance_matrix:
[[5.062148   6.13091    4.7805157  4.674068   5.8759484  4.8469834  6.0189056  5.785      5.0550222  6.643294   4.7208476  5.0736966  5.973249   5.0045357  4.957041  ]
 [1.2097135  3.2636032  1.2487926  1.2460122  1.4660807  1.2294769  1.4417906  1.3945239  1.2223935  1.7962968  1.2425976  1.2491412  1.493504   1.6530833  1.2047083 ]
 [4.0158553  6.3044653  3.87884    3.7225242  4.716128   3.9211893  4.6769147  4.5875206  3.8639674  5.4479933  3.6857514  4.070478   4.827711   3.744011   3.9404624 ]
 [1.3017182  2.740017   1.2396202  1.2640729  1.627368   1.2453218  1.7091799  1.570823   1.3689413  2.0232518  1.2970076  1.3029094  1.6530185  1.7867298  1.2740977 ]
 [0.9960027  3.1717215  1.1440077  1.1947446  1.0205436  1.092155   0.9847655  0.98829865 1.052113   1.1877573  1.198133   1.0291939  1.037344   1.6671629  1.029372  ]
 [1.173986   2.3250403  1.1182833  1.203845   1.3779469  1.1182203  1.5286093  1.3513448  1.3063135  1.7052395  1.2683544  1.1436081  1.386663   1.8279433  1.1583798 ]
 [0.9171426  3.0139444  1.0393007  1.1121762  0.92277455 0.995383   0.9290798  0.8894415  0.98131967 1.1112442  1.1276114  0.92914605 0.9312513  1.5654461  0.9472585 ]
 [1.5422082  4.4019704  1.631043   1.537332   1.8630028  1.607409   1.7383657  1.7763507  1.4247189  2.3031666  1.4901714  1.6170349  1.9514427  1.5907927  1.5381014 ]
 [1.0875959  2.5918174  1.1302676  1.2087655  1.2059679  1.1008487  1.2743955  1.1773446  1.2121634  1.4209163  1.2532816  1.0928321  1.204946   1.8395834  1.0969565 ]
 [1.6538105  3.7621288  1.8775704  2.0117493  1.443883   1.7946875  1.4711614  1.4461505  1.7933302  1.4545915  2.061095   1.6662798  1.4259429  2.5449235  1.7227013 ]
 [0.90960693 2.8850899  0.9543805  0.9668169  1.1109748  0.93196917 1.1303968  1.0696676  0.94058895 1.4445655  0.98470736 0.9306574  1.1566844  1.3407497  0.910465  ]
 [0.79450226 2.8961382  0.90945053 0.95465994 0.8596935  0.86619043 0.8567152  0.8289163  0.84795904 1.0809934  0.9702358  0.81851864 0.88614464 1.3795795  0.8190501 ]
 [1.0545766  3.448694   1.251178   1.3214805  0.9714782  1.1874197  0.92868733 0.9481363  1.1048787  1.0945978  1.323497   1.0816972  0.9862988  1.733197   1.1046896 ]
 [0.83585787 2.731382   0.94484425 1.0153332  0.88145876 0.90026855 0.8929591  0.84991527 0.9268379  1.054209   1.0385637  0.85603476 0.88414764 1.5617456  0.8617847 ]
 [0.85504246 3.214386   0.99726915 1.0237675  0.9158511  0.9484372  0.8775234  0.87806916 0.8767395  1.1422436  1.0259404  0.89190483 0.9505811  1.3645797  0.8842275 ]]
