hid1:
[[0.6430065  0.4430625  0.2496669  0.4570824  0.42949924 0.         0.         0.01684446 0.12521437 0.01067199 0.24894026 0.31678447 0.         0.16679952 0.24905472]
 [0.28111932 0.41944185 0.38879877 0.36871913 0.42107135 0.36578652 0.         0.14387824 0.4550344  0.03843874 0.         0.3653547  0.05663718 0.         0.36051953]
 [0.6393554  0.31522745 0.39659122 0.24484362 0.49608806 0.         0.02213567 0.182026   0.28704283 0.03091715 0.26123342 0.36722952 0.         0.08790977 0.3121388 ]
 [0.7173178  0.23564146 0.2883921  0.14198944 0.5219613  0.66418755 0.50239635 0.22032365 0.432411   0.         0.         0.17197298 0.45867833 0.04738833 0.35631025]
 [0.4836343  0.5322682  0.32684264 0.15074462 0.6955247  0.2578263  0.         0.29589605 0.588148   0.         0.03191663 0.46777332 0.33972096 0.         0.38035807]
 [0.38968596 0.4169054  0.2495757  0.15207411 0.47671106 0.         0.30168444 0.33584943 0.3297276  0.04932816 0.09395505 0.35183144 0.         0.23909037 0.25452724]
 [0.         0.46312913 0.3135699  0.         0.25831908 0.34369966 0.06920927 0.4621806  0.34886333 0.         0.12231272 0.25529444 0.42021734 0.10058598 0.04641253]
 [0.28782883 0.         0.         0.41522756 0.         0.3928372  0.07094345 0.         0.         0.19281831 0.04080535 0.         0.4286777  0.04174049 0.        ]
 [0.         0.58525926 0.         0.65911436 0.05123353 0.2624341  0.         1.0208166  0.03161734 0.43303648 0.         0.45455086 0.14214018 0.         0.        ]
 [0.         0.         0.         0.0111432  0.         0.3447242  0.         0.         0.         0.         0.1369575  0.         0.7494706  0.23269778 0.        ]
 [0.35403505 0.         0.23937915 0.2955789  0.         0.31300008 0.14279857 0.         0.         0.21667236 0.17757231 0.         0.35961404 0.31535262 0.18957503]
 [0.         0.07514054 0.07835299 0.         0.59942746 0.77215105 0.24100928 0.4485221  0.43076834 0.         0.03070739 0.46558845 0.31863877 0.07258419 0.21901767]
 [0.         0.5327499  0.07525042 0.09199101 0.1085875  0.28837818 0.         0.25568455 0.10174862 0.31721452 0.         0.00297888 0.7268111  0.         0.31896886]
 [0.         0.         0.15845779 0.         0.17141756 0.         0.47527108 0.26753664 0.3521832  0.3338274  0.29393685 0.02257392 0.         0.5699899  0.05524549]
 [0.24195237 0.         0.16789691 0.00659054 0.         0.20912604 0.21852003 0.         0.         0.1679405  0.13122648 0.         0.5025554  0.3029257  0.14215407]]
hid2:
[[ 0.31893444  0.09634178  0.12873992  0.11322157  0.15335229  0.20721519  0.18432629 -0.08461647  0.11370069 -0.18723144 -0.00119224 -0.01890125  0.17880909  0.05537326  0.15154769]
 [-0.05931585  0.00632561 -0.25923827 -0.02541577 -0.29171976  0.08077973 -0.14730257  0.25421515 -0.37278998  0.09344127  0.17468406 -0.00416576  0.2751932   0.22924517 -0.07847337]
 [ 0.3349096   0.09952857  0.11664973  0.11441696  0.15753335  0.2148127   0.18788931 -0.10521508  0.11692695 -0.17009802 -0.00573494 -0.01185695  0.18486041  0.04116042  0.14055412]
 [ 0.35240915  0.09398426  0.11986396  0.11153717  0.18917441  0.22322775  0.19535543 -0.13700908  0.13521872 -0.18511373 -0.02362742 -0.01424104  0.18537185  0.0281176   0.14747685]
 [ 0.30739567  0.09355581  0.08190978  0.10373893  0.12599474  0.20624214  0.15478276 -0.08345856  0.07415137 -0.14609122  0.00523695 -0.00890967  0.19585998  0.0587694   0.1224248 ]
 [ 0.34879333  0.09613924  0.12022772  0.11205523  0.18422455  0.22123238  0.19284695 -0.12900661  0.13190386 -0.18261679 -0.02064398 -0.01060955  0.1863393   0.03370404  0.14616805]
 [ 0.38672772  0.10433882  0.1499231   0.12519564  0.22345662  0.2348451   0.22229816 -0.16651915  0.17394765 -0.20228603 -0.03696571 -0.01365083  0.17870654  0.01296667  0.1641724 ]
 [ 0.27667606  0.10356449  0.02718161  0.0965038   0.05983468  0.1964479   0.11331405 -0.04138751  0.01308128 -0.07486135  0.02944959  0.02381728  0.21848395  0.08003078  0.07287973]
 [ 0.15923122  0.11976232 -0.00809     0.09740082 -0.0993734   0.1469451   0.02994706  0.12778175 -0.11583071 -0.01088269  0.10917529  0.03155752  0.22252251  0.1750534   0.04032944]
 [ 0.25612324  0.09801824  0.05037469  0.09458669  0.06167338  0.18511137  0.11269993 -0.01204558  0.0150696  -0.10761236  0.03538693  0.01366136  0.20971331  0.10322598  0.09448067]
 [ 0.25000617  0.11032733  0.06621373  0.10894383  0.03323236  0.17931455  0.11975825  0.01597843  0.01057785 -0.10008088  0.05629515  0.0063297   0.2005394   0.11039075  0.09968252]
 [ 0.38708997  0.10445096  0.15039757  0.1253512   0.22401826  0.23495792  0.22252515 -0.16683201  0.17441492 -0.20270628 -0.03719335 -0.01365299  0.17862223  0.01296672  0.16451798]
 [ 0.2520808   0.11260746  0.10669951  0.11906449  0.05272571  0.17716102  0.13161412  0.02128695  0.03147946 -0.14085573  0.05301354 -0.01099744  0.1848717   0.12043724  0.13260697]
 [ 0.37381002  0.10306223  0.13870402  0.12147471  0.20863949  0.23012504  0.2100286  -0.15260465  0.15736364 -0.19316332 -0.03073933 -0.01095704  0.18247652  0.02229932  0.15722084]
 [ 0.28872707  0.09874462  0.0590416   0.10096426  0.08811104  0.19868599  0.13847627 -0.05356904  0.04515872 -0.11238652  0.0228198   0.00598924  0.205086    0.07149562  0.09972727]]
topics:
[[ 0.05084388 -0.24990615 -0.4693777   0.37375328 -0.3786329   0.26684058  0.28841227  0.06129391 -0.29857048 -0.14379817  0.28089464 -0.96782386 -0.2933582  -0.2721544  -0.14459401]
 [-0.5544886   0.71041197  0.08549257  0.56755054 -1.9732374  -0.26257944 -0.2266277   1.9048684  -1.0262793   0.9576297   1.2472082   0.11977835  0.11194907  0.8984518  -0.2214909 ]
 [-0.19439662 -0.21502769 -0.1911356  -0.40297392  0.5241875   0.033649   -0.35853702  0.2114616  -0.13282444 -0.5172591  -0.3029639   0.48563614  0.49288866  0.64573485  0.01653176]
 [-0.3273034   0.0719962   0.12584546  0.14990763 -0.29201582  0.06077619 -0.19429211  0.55129665 -0.6391876  -0.38524252  0.813757   -0.8025137   0.13061342  1.0868388   0.55320364]
 [ 0.38839802  0.10499913  0.15175922  0.12603885  0.2251923   0.23536699  0.22355765 -0.16775614  0.1758702  -0.20337498 -0.03757624 -0.013675    0.17829806  0.01254717  0.16528474]
 [ 0.25062752 -0.13545595 -0.7779967  -0.22094701  0.05677029  0.27674598 -0.20134513 -0.4544371  -0.33750594  0.36880592 -0.13401292  0.17521831  0.509537   -0.14849672 -0.39357272]
 [-0.11879742 -0.20595314  0.23098223 -0.04958418 -0.325312    0.03136852  0.6296087   0.36091846  0.23776487 -0.3485912   0.28970814 -0.41563812 -0.1375854  -0.34612143  0.10016298]
 [-0.36650845 -0.25937247  0.6085467  -0.36267492  0.01266788 -0.55506897  0.191822    0.6854977  -0.00789206 -0.73849916  0.11897387 -0.17591797  0.3208456   0.482094    0.5777036 ]
 [ 0.01450772 -0.28411627 -0.8151214  -0.42403117  0.41646296  0.16558258 -1.0820376  -0.08107708 -0.69552416 -0.3353444  -0.18680236  0.43368664  0.8295394   0.8128017   0.4572922 ]
 [-0.35664156  0.7186137   0.20210202  0.765086   -1.4168364   0.17172182 -1.0287805   0.51793003 -1.2645288   0.5381856   0.1389874  -0.58680207 -0.3370831   0.26350763 -0.01939153]]
R:
[[6.80529047e-03 2.13977918e-02 2.80757062e-02 6.80529047e-03 8.85900736e-01 6.80529047e-03 2.37940270e-02 6.80529047e-03 6.80529047e-03 6.80529047e-03]
 [4.55222577e-02 1.40395716e-01 1.31533161e-01 4.55222577e-02 4.55222577e-02 3.39203656e-01 1.15733981e-01 4.55222577e-02 4.55222577e-02 4.55222577e-02]
 [3.86891933e-03 2.19821297e-02 1.63339935e-02 3.86891933e-03 8.99216652e-01 2.69441996e-02 1.61783453e-02 3.86891933e-03 3.86891933e-03 3.86891933e-03]
 [3.85134341e-03 8.19047261e-03 1.24936784e-02 3.85134341e-03 9.22288001e-01 2.55685989e-02 1.22025870e-02 3.85134341e-03 3.85134341e-03 3.85134341e-03]
 [7.88696576e-03 3.04612648e-02 2.41244622e-02 7.88696576e-03 8.35409224e-01 5.59181236e-02 1.46521041e-02 7.88696576e-03 7.88696576e-03 7.88696576e-03]
 [3.39468429e-03 1.20291999e-02 1.63935684e-02 3.39468429e-03 9.19908226e-01 2.38900315e-02 1.08055929e-02 3.39468429e-03 3.39468429e-03 3.39468429e-03]
 [1.38618620e-04 3.61641578e-04 5.14315325e-04 1.38618620e-04 9.95991409e-01 1.66074710e-03 7.78827642e-04 1.38618620e-04 1.38618620e-04 1.38618620e-04]
 [3.01972148e-03 6.31525964e-02 3.72741334e-02 3.01972148e-03 7.61724174e-01 1.12853646e-01 5.49684186e-03 3.01972148e-03 3.01972148e-03 7.41973519e-03]
 [1.06991194e-02 1.23067923e-01 8.19013715e-02 1.06991194e-02 5.90555906e-01 1.22305356e-01 1.73833221e-02 1.06991194e-02 1.06991194e-02 2.19896678e-02]
 [8.04920215e-03 6.15309589e-02 5.51049300e-02 8.04920215e-03 7.51481593e-01 7.60553554e-02 1.47335455e-02 8.04920215e-03 8.04920215e-03 8.89676996e-03]
 [8.49935506e-03 7.37222657e-02 4.58303839e-02 8.49935506e-03 7.59265006e-01 6.12220615e-02 1.74635015e-02 8.49935506e-03 8.49935506e-03 8.49935506e-03]
 [1.26459650e-04 2.15872802e-04 5.06235287e-04 1.26459650e-04 9.96935368e-01 1.15890463e-03 5.51388017e-04 1.26459650e-04 1.26459650e-04 1.26459650e-04]
 [1.24911657e-02 6.37747869e-02 4.91205342e-02 1.24911657e-02 7.93872893e-01 1.24911657e-02 1.82848126e-02 1.24911657e-02 1.24911657e-02 1.24911657e-02]
 [1.23297924e-03 5.72662940e-03 6.13449607e-03 1.23297924e-03 9.70732689e-01 1.00082709e-02 1.23297924e-03 1.23297924e-03 1.23297924e-03 1.23297924e-03]
 [5.72930090e-03 4.96826991e-02 3.08355559e-02 5.72930090e-03 7.97496200e-01 7.91943073e-02 1.41448369e-02 5.72930090e-03 5.72930090e-03 5.72930090e-03]]
distance_matrix:
[[14.062188  25.690765  13.9644    14.386536  13.499653  14.265793  15.100039  12.830326  14.016728  13.014981  12.989838  15.111242  13.296583  14.71505   13.093593 ]
 [11.679428  31.697071  11.638747  11.776094  11.862108  11.69668   11.824978  12.327549  15.28216   12.316122  12.294575  11.826367  12.01786   11.704666  12.011762 ]
 [14.711622  31.60781   14.52712   14.740597  14.480102  14.657169  15.010778  14.385332  16.948555  14.641619  14.663343  15.016502  14.774509  14.799894  14.376117 ]
 [17.043142  48.168015  16.741959  16.334345  17.832558  16.374414  15.447526  19.618683  26.004421  19.873924  20.070877  15.437907  19.468115  15.717672  18.700531 ]
 [13.21087   38.28177   13.001841  12.887676  13.633838  12.868586  12.50409   14.656248  19.310867  14.841092  14.925299  12.501122  14.583931  12.569035  14.083661 ]
 [11.249097  34.867615  11.006069  10.915394  11.493257  10.898727  10.638133  12.336201  16.763153  12.592694  12.691441  10.636638  12.45396   10.659023  11.871718 ]
 [11.423079  26.579094  11.470334  11.791173  11.385304  11.699593  12.273856  11.454948  13.388614  11.3653755 11.302879  12.281806  11.239922  12.019388  11.287627 ]
 [16.661423  24.552414  16.692638  17.273586  15.9534855 17.139143  18.317417  15.057648  15.199658  15.089086  14.965553  18.33258   15.290836  17.818558  15.402722 ]
 [21.898338  18.405018  22.18692   23.44198   20.578217  23.160433  25.42091   18.153816  14.356077  17.950602  17.423733  25.447758  18.09241   24.51242   19.181374 ]
 [ 8.3336315 14.267206   8.459649   9.109825   7.6212745  8.969531  10.351528   6.6601224  6.388634   6.5613375  6.4439697 10.369316   6.798347   9.800374   7.002656 ]
 [10.411974  29.86761   10.216755  10.254529  10.374582  10.229153  10.328788  10.846794  14.379338  11.0800085 11.163944  10.331935  11.091179  10.225002  10.561613 ]
 [14.752945  35.919495  14.664089  14.699121  14.999218  14.654913  14.661791  15.689302  19.278313  15.741565  15.798077  14.662713  15.527088  14.599543  15.268678 ]
 [21.506903  34.65078   21.425133  21.886967  21.0523    21.76111   22.446651  20.529945  21.59417   20.679642  20.448988  22.45555   20.560877  22.097624  20.707859 ]
 [14.957482  28.03422   14.929657  15.37177   14.600961  15.246485  15.971942  14.165878  15.353413  14.221831  14.069124  15.981352  14.176041  15.62775   14.278877 ]
 [ 9.553816  27.484844   9.383858   9.444284   9.430665   9.427208   9.656566   9.847071  13.174586  10.056357  10.160648   9.661595  10.138174   9.515146   9.585018 ]]
