hid1:
[[-3.73811066e-01  1.66165680e-02  4.92967069e-01  1.66889831e-01 -1.50180548e-01 -5.90300679e-01  2.61111975e-01  5.23156047e-01  3.22122037e-01 -8.84278297e-01  2.97509074e-01 -1.13898063e+00 -9.00780916e-01 -1.45773876e+00 -2.88264036e-01]
 [-3.09853792e-01 -1.45773876e+00  2.23785162e-01  1.91377059e-01 -5.36090732e-02 -3.43550265e-01  6.23238444e-01  3.43471289e-01  3.78463537e-01 -8.59217048e-01 -1.55536741e-01 -9.05265450e-01 -1.45773876e+00 -6.55417144e-01 -4.01818395e-01]
 [-1.43445343e-01 -1.45773876e+00 -1.45773876e+00  2.40153164e-01 -2.47371316e-01 -4.50144708e-01  5.31271577e-01  5.56032777e-01  5.18730402e-01 -1.45773876e+00 -1.45773876e+00 -1.07134390e+00 -8.89586449e-01 -7.28764594e-01 -2.15030253e-01]
 [-2.82613486e-01 -1.29761964e-01  3.05413514e-01 -6.82350546e-02 -2.38906294e-01 -2.53895491e-01  7.03535140e-01  3.23517799e-01 -2.46075541e-02 -1.45773876e+00 -1.45773876e+00 -8.64939213e-01 -7.35721648e-01 -5.74225128e-01  8.87267739e-02]
 [-1.62262142e-01 -1.97763890e-01  2.29176044e-01 -7.94063359e-02 -3.94460082e-01 -5.26797533e-01  5.11475205e-01  2.39640802e-01  1.79621652e-01 -4.02378976e-01  3.05741817e-01 -7.09269047e-01 -7.23059237e-01 -4.87466991e-01 -4.33342606e-02]
 [-2.25908428e-01 -1.45773876e+00  3.44155610e-01 -6.99397922e-03 -5.47736883e-02 -4.08059359e-01  3.00475121e-01  2.92738914e-01  2.84124732e-01 -6.41658187e-01  2.27970660e-01 -8.69076490e-01 -1.45773876e+00 -5.10294139e-01 -7.74928331e-02]
 [-1.45773876e+00 -1.45773876e+00  7.33984649e-01 -3.89764667e-01 -1.74010068e-01 -1.58922106e-01  4.76798892e-01  2.54644454e-01  3.35628152e-01 -4.68053222e-01  3.52327228e-01 -7.14443326e-01 -9.71829653e-01 -1.81440294e-01 -2.13883132e-01]
 [-1.45773876e+00 -6.04116142e-01  4.08304453e-01 -4.07127142e-01 -1.45773876e+00 -2.51093954e-01  5.34973264e-01  3.65875036e-01  7.31329173e-02 -1.02736926e+00 -1.45773876e+00 -7.64052749e-01 -6.74268544e-01 -7.68593490e-01  5.23747131e-02]
 [-1.11532915e+00 -1.45773876e+00 -9.19523120e-01  4.82429832e-01  8.26458097e-01 -1.45773876e+00 -4.82647836e-01  2.53995478e-01  4.57134843e-01 -1.45773876e+00  8.53093326e-01 -7.81025410e-01 -7.02717006e-01 -2.00628787e-01 -6.71346664e-01]
 [-2.90463060e-01 -4.39499915e-01  1.98492080e-01 -1.14407808e-01 -3.41949522e-01 -4.27109480e-01  3.97794843e-01  3.34364802e-01  1.69389144e-01 -6.97385967e-01  2.20177770e-01 -7.58824766e-01 -5.85755408e-01 -4.86272275e-01 -3.10009271e-02]
 [ 1.14922225e-03 -3.99686217e-01  3.71181995e-01  1.24118753e-01 -1.46680802e-01 -2.19718069e-02  4.73913997e-01  2.00250626e-01 -1.78320408e-01 -7.68384457e-01  2.02555284e-01 -1.45773876e+00 -8.02808762e-01 -3.38474512e-01 -1.12794280e-01]
 [-6.90941662e-02  5.47412485e-02  2.15872169e-01  1.17839456e-01 -1.92747355e-01 -1.45773876e+00  5.87817907e-01  1.80680752e-01  3.60272080e-02 -4.03732181e-01  3.26507211e-01 -6.10322893e-01 -4.54935670e-01 -5.55074453e-01 -1.45773876e+00]
 [ 2.33292133e-02 -2.31366754e-01  2.18154401e-01 -7.18361497e-01 -3.72233689e-01  1.95336804e-01  7.59616613e-01  1.02482833e-01  6.08693480e-01 -2.67189264e-01  2.76377797e-01 -9.72357392e-03 -2.04790145e-01 -7.67709315e-02 -5.72596073e-01]
 [-2.00797290e-01 -4.24150825e-01 -1.83123857e-01 -4.83559966e-02 -5.27432144e-01 -3.95002246e-01  3.45082343e-01  2.20980421e-01  3.63851845e-01 -1.45773876e+00  3.15236151e-02 -8.94432306e-01 -4.66767550e-01 -3.79185379e-01  3.58074993e-01]
 [-3.05166632e-01  1.46680459e-01 -1.45773876e+00 -1.45773876e+00 -1.89899594e-01 -1.45773876e+00  3.84827554e-01 -3.08167458e-01  2.16126427e-01 -4.39708889e-01 -1.45773876e+00 -5.89747667e-01 -2.51368523e-01 -5.03109217e-01  1.63782850e-01]]
hid2:
[[-0.2685937  -0.25544056  0.19325715 -0.05569687 -0.28202996 -0.34038958  0.4957774   0.2499397   0.22493042 -0.425223    0.18586099 -0.8069426  -0.59798646 -0.4158651  -0.10527953]
 [-0.26837456 -0.2553645   0.1927422  -0.0556651  -0.2820901  -0.33996186  0.49550906  0.249798    0.22448988 -0.42489126  0.18591647 -0.80687976 -0.59762967 -0.41566613 -0.10530132]
 [-0.26858386 -0.25543863  0.19324704 -0.0556978  -0.28202635 -0.34037328  0.4957655   0.24993733  0.22491556 -0.4252176   0.18586138 -0.806931   -0.59796655 -0.41584966 -0.10527004]
 [-0.26832935 -0.25537926  0.19311991 -0.05575051 -0.28183886 -0.33999825  0.49537614  0.24990551  0.22455639 -0.42515603  0.18581688 -0.8064225  -0.59733206 -0.41531807 -0.10490777]
 [-0.26832452 -0.25536263  0.19308025 -0.05578134 -0.2818322  -0.33992764  0.49529436  0.24997336  0.22442928 -0.42513373  0.18583812 -0.80635566 -0.5971974  -0.41514933 -0.10481951]
 [-0.26854402 -0.2554324   0.1932503  -0.0557027  -0.28198832 -0.3403323   0.49571383  0.24992202  0.22488813 -0.42522192  0.18584505 -0.8068441  -0.5978824  -0.41578692 -0.10521727]
 [-0.2670821  -0.25520125  0.19248383 -0.05570555 -0.28099614 -0.33881515  0.49410942  0.24882284  0.22391997 -0.42474648  0.18529457 -0.8044451  -0.59543574 -0.41445518 -0.10431872]
 [-0.26860857 -0.25544327  0.1932659  -0.05569575 -0.28203854 -0.34040996  0.49579513  0.24994479  0.22494702 -0.42522725  0.18586308 -0.8069648  -0.5980157  -0.41588664 -0.10529494]
 [-0.2683586  -0.2553968   0.19309843 -0.05570434 -0.2819105  -0.34006637  0.49550605  0.24984595  0.22467023 -0.425139    0.18583244 -0.8066187  -0.5975483  -0.41555524 -0.10506453]
 [-0.26858237 -0.25543833  0.19325162 -0.0556994  -0.28202182 -0.34037253  0.49576116  0.24993876  0.22491455 -0.42522073  0.1858595  -0.8069213  -0.5979589  -0.41584182 -0.10526303]
 [-0.26847923 -0.25542152  0.19319078 -0.05569311 -0.28197062 -0.34024912  0.4956578   0.24987708  0.22483207 -0.42518693  0.1858396  -0.8067903  -0.5977982  -0.41574842 -0.1051932 ]
 [-0.26775998 -0.25532058  0.19264342 -0.0555805  -0.28166708 -0.33950427  0.49506852  0.24920958  0.22445096 -0.42484263  0.18564276 -0.8060353  -0.5969492  -0.41550985 -0.10504777]
 [-0.2584901  -0.251358    0.18948491 -0.05514055 -0.27688277 -0.3272729   0.47889364  0.24831475  0.21189195 -0.4209987   0.18431158 -0.78436416 -0.57390374 -0.39651    -0.09307279]
 [ 0.03556357 -0.20555316  0.14334546 -0.09032058 -0.03321541  0.01523664  0.11050207  0.14361681 -0.03901465 -0.41494864  0.09326608 -0.21777844  0.03495595  0.05962738  0.27277416]
 [-0.2685671  -0.255435    0.19323811 -0.05570076 -0.28201476 -0.34034884  0.49574143  0.24993443  0.22489294 -0.4252133   0.18585876 -0.8068999  -0.5979269  -0.41581723 -0.10524768]]
topics:
[[ 2.46649198e-02 -1.91573620e-01 -4.65561777e-01 -1.79331168e-03 -4.07457650e-01  2.52406865e-01  2.83115864e-01  9.26793441e-02 -3.08721900e-01 -3.90735194e-02  3.18936795e-01 -9.28487659e-01 -2.55125493e-01 -2.56523609e-01 -1.27321646e-01]
 [-6.80190861e-01  6.70562685e-01  1.04771918e-02  5.91701806e-01 -1.98039913e+00 -3.27294797e-01 -3.79158169e-01  1.81657839e+00 -1.07216108e+00  9.54431951e-01  1.17652524e+00  1.25712514e-01  9.86343846e-02  9.12546873e-01 -1.83886155e-01]
 [-2.15022802e-01 -1.32471532e-01 -1.95456579e-01 -4.35842842e-01  5.81837893e-01 -2.12985009e-01 -3.84539694e-01  1.79589808e-01 -1.12554975e-01 -5.45546770e-01 -3.61385882e-01  3.98595124e-01  4.33730930e-01  8.40648651e-01  4.47687283e-02]
 [-2.82085150e-01 -1.39646843e-01  1.22407526e-01  4.88166288e-02 -3.18061978e-01  1.08271927e-01 -1.90128371e-01  6.24949098e-01 -6.17837667e-01 -3.58030200e-01  7.83540308e-01 -7.53680170e-01  4.03398097e-01  5.86894155e-01  5.34833550e-01]
 [ 4.24157828e-01 -1.86621860e-01  7.10650906e-03  6.09396324e-02  1.18036680e-01  2.58259356e-01 -1.98631119e-02 -3.51347357e-01  6.80272803e-02 -3.26894134e-01 -5.26135601e-02  4.00780179e-02  1.77889973e-01 -1.89882234e-01  1.99962556e-01]
 [ 2.15198696e-01 -1.55811101e-01 -8.08493793e-01 -1.89571276e-01  8.17269161e-02  1.95180327e-01 -2.21002162e-01 -5.00798702e-01 -3.34026814e-01  2.70419359e-01 -1.70093238e-01  1.57957196e-01  4.05251354e-01 -6.30529672e-02 -3.52153361e-01]
 [-2.68608689e-01 -2.55443305e-01  1.93265945e-01 -5.56957163e-02 -2.82038659e-01 -3.40410173e-01  4.95795310e-01  2.49944806e-01  2.24947199e-01 -4.25227284e-01  1.85863107e-01 -8.06965053e-01 -5.98016083e-01 -4.15886939e-01 -1.05295137e-01]
 [-3.94591957e-01 -2.45259494e-01  6.24632120e-01 -3.13357770e-01 -2.70978292e-03 -3.81738245e-01  1.94756031e-01  7.28895128e-01 -2.56749871e-03 -7.26290822e-01  1.42317891e-01 -1.58613786e-01  1.03074051e-02  4.91392106e-01  5.70019901e-01]
 [ 2.16892622e-02 -2.06020579e-01 -7.93774188e-01 -3.61474454e-01  4.11799431e-01  1.79887235e-01 -1.09042692e+00 -6.28881380e-02 -6.80661619e-01 -2.71602899e-01 -1.74756885e-01  4.23620403e-01  8.11144888e-01  7.81009078e-01  3.75991791e-01]
 [-3.32614958e-01  6.77696288e-01  1.81055650e-01  7.68478990e-01 -1.41521406e+00  1.57539845e-01 -1.09373868e+00  5.26337266e-01 -1.44595718e+00  5.20558119e-01  1.46419361e-01 -5.78247905e-01 -3.00670236e-01  2.89568633e-01  6.39028475e-02]]
R:
[[1.8948665e-05 6.9142160e-08 6.9142160e-08 6.9142160e-08 1.6475624e-05 6.9142160e-08 9.9994791e-01 1.6149501e-05 6.9142160e-08 6.9142160e-08]
 [6.2119379e-04 1.3293621e-05 1.3293621e-05 1.3293621e-05 1.3293621e-05 9.5767471e-05 9.9919003e-01 1.3293621e-05 1.3293621e-05 1.3293621e-05]
 [3.9241793e-05 1.0648421e-07 1.0648421e-07 1.0648421e-07 2.4035362e-05 2.2982410e-07 9.9990845e-01 2.7436839e-05 1.0648421e-07 1.0648421e-07]
 [3.7917355e-04 5.5982987e-06 5.5982987e-06 5.5982987e-06 3.1040708e-04 1.9699097e-05 9.9882120e-01 4.4158130e-04 5.5982987e-06 5.5982987e-06]
 [5.2652135e-04 9.0498743e-06 9.0498743e-06 9.0498743e-06 2.7826059e-04 2.5165049e-05 9.9853814e-01 5.8663078e-04 9.0498743e-06 9.0498743e-06]
 [4.6492627e-05 4.6294758e-07 4.6294758e-07 4.6294758e-07 8.6872329e-05 1.3184717e-06 9.9978584e-01 7.7090524e-05 4.6294758e-07 4.6294758e-07]
 [4.2572373e-04 2.0614187e-05 1.1380545e-05 1.1380545e-05 1.8423918e-03 4.7302843e-04 9.9641466e-01 7.7796541e-04 1.1380545e-05 1.1380545e-05]
 [1.7468685e-07 7.8656803e-11 7.8656803e-11 7.8656803e-11 1.3396578e-07 2.5704386e-10 9.9999940e-01 2.3481388e-07 7.8656803e-11 7.8656803e-11]
 [3.1738888e-04 2.4576743e-06 2.4576743e-06 2.4576743e-06 2.6646099e-04 2.8950583e-06 9.9917346e-01 2.2748053e-04 2.4576743e-06 2.4576743e-06]
 [3.6186586e-05 1.3171869e-07 1.3171869e-07 1.3171869e-07 2.9050074e-05 1.3655649e-07 9.9989867e-01 3.5383568e-05 1.3171869e-07 1.3171869e-07]
 [1.2083269e-04 1.2192345e-06 1.2192345e-06 1.2192345e-06 1.4969692e-04 2.6762611e-06 9.9963498e-01 8.5742227e-05 1.2192345e-06 1.2192345e-06]
 [4.1742573e-04 8.7341950e-06 5.6983090e-06 5.6983090e-06 9.3695935e-04 1.6535632e-04 9.9844307e-01 5.6983090e-06 5.6983090e-06 5.6983090e-06]
 [6.1722659e-03 1.9893625e-03 5.5625674e-04 5.5625674e-04 1.4566451e-02 5.5625674e-04 9.6352679e-01 1.0963859e-02 5.5625674e-04 5.5625674e-04]
 [1.8747561e-01 2.0968746e-03 2.0968746e-03 2.0968746e-03 4.2487377e-01 3.9508678e-03 2.0968746e-03 3.7111855e-01 2.0968746e-03 2.0968746e-03]
 [6.2074105e-05 3.6789862e-07 3.6789862e-07 3.6789862e-07 4.2700234e-05 1.0579168e-06 9.9983966e-01 5.2620606e-05 3.6789862e-07 3.6789862e-07]]
distance_matrix:
[[ 64.16962   64.16501   64.1697    64.174484  64.17575   64.170525  64.176544  64.169464  64.171715  64.16987   64.170395  64.16701   64.344574  92.55918   64.169945]
 [ 65.35651   65.37041   65.35706   65.37062   65.3744    65.35832   65.39859   65.355804  65.3671    65.35711   65.36067   65.378044  65.806854  99.82507   65.35792 ]
 [ 64.64828   64.643875  64.648384  64.6537    64.65516   64.64926   64.65518   64.64807   64.65078   64.64853   64.64912   64.64569   64.85265   93.527275  64.6487  ]
 [ 46.523262  46.528492  46.52349   46.529724  46.53135   46.52413   46.54226   46.52297   46.527985  46.52353   46.525146  46.532516  46.761787  75.036644  46.52391 ]
 [ 50.763878  50.778553  50.76448   50.775185  50.77945   50.76497   50.779884  50.76331   50.772514  50.764427  50.766907  50.774796  51.052452  80.76191   50.76513 ]
 [ 30.848206  30.851208  30.84848   30.857933  30.860321  30.849762  30.87761   30.84779   30.85421   30.848633  30.850624  30.857903  31.220764  63.088966  30.84906 ]
 [ 52.800545  52.80318   52.80069   52.803253  52.804756  52.80069   52.796295  52.800465  52.802277  52.80069   52.800964  52.798256  52.847504  76.910515  52.80088 ]
 [ 68.49876   68.51042   68.49943   68.51913   68.52327   68.50199   68.57262   68.49782   68.51311   68.499664  68.5049    68.53112   69.25095  111.11756   68.5007  ]
 [150.48982  150.48904  150.48999  150.49258  150.49362  150.49014  150.47737  150.48965  150.49219  150.49002  150.49048  150.48553  150.48213  175.66122  150.49019 ]
 [ 45.790993  45.796215  45.79135   45.802322  45.804985  45.792694  45.825577  45.79044   45.798615  45.791435  45.794083  45.804718  46.178406  79.39881   45.79206 ]
 [ 54.602837  54.600086  54.60273   54.59928   54.59803   54.60237   54.590637  54.602932  54.600998  54.60267   54.60211   54.599625  54.50518   74.93977   54.6025  ]
 [ 41.869034  41.866894  41.86915   41.874634  41.875526  41.870087  41.88765   41.86878   41.872208  41.869263  41.870422  41.873764  42.088257  71.33239   41.86947 ]
 [ 75.601524  75.60617   75.60165   75.602165  75.602425  75.60142   75.59888   75.601425  75.60314   75.601585  75.602135  75.605064  75.60511   98.29273   75.60171 ]
 [ 56.60018   56.60374   56.60044   56.606987  56.608757  56.60119   56.616882  56.599888  56.604942  56.600525  56.602066  56.60733   56.828964  85.67237   56.600853]
 [ 59.83874   59.836742  59.83883   59.840675  59.84323   59.83864   59.81395   59.83875   59.8384    59.838875  59.837887  59.8219    59.857426  82.35916   59.83893 ]]
