hid1:
[[0.         0.05876675 0.00295006 0.         0.07025541 0.12267095 0.13593605 0.05920854 0.07155907 0.10263336 0.02579026 0.05841107 0.02105937 0.00259082 0.        ]
 [0.         0.06910665 0.09259249 0.04565115 0.04352814 0.01925515 0.08265401 0.0871202  0.11554365 0.04219509 0.         0.00428317 0.07139549 0.08222142 0.        ]
 [0.         0.02029452 0.07493739 0.04737172 0.         0.15391219 0.15345132 0.0954493  0.07919753 0.14295214 0.08248267 0.01326343 0.11470441 0.1472447  0.07505151]
 [0.         0.05624516 0.07187032 0.         0.         0.07625309 0.10439326 0.0919512  0.0506959  0.08737343 0.0284236  0.018683   0.05764414 0.06922138 0.00954338]
 [0.         0.00039524 0.04269349 0.         0.04847064 0.07491557 0.0073578  0.05240444 0.03748015 0.04157979 0.04381368 0.00247048 0.0670663  0.11632341 0.03912573]
 [0.         0.01717406 0.08144508 0.         0.         0.05826711 0.10269157 0.09445384 0.04635844 0.07568574 0.05844358 0.04468378 0.06514037 0.0543559  0.03595958]
 [0.01357155 0.00090988 0.1188124  0.         0.02275119 0.07501498 0.0671633  0.10291383 0.00919202 0.06914619 0.         0.10419217 0.11018875 0.13411622 0.05416097]
 [0.         0.         0.04174346 0.         0.06942693 0.15708931 0.13497856 0.06919251 0.07924473 0.07266513 0.12334343 0.07013589 0.03816368 0.09700997 0.        ]
 [0.         0.10730733 0.07087488 0.0023454  0.02174829 0.         0.12451383 0.05012921 0.03669921 0.09111904 0.0159532  0.00221101 0.05645637 0.03827682 0.        ]
 [0.         0.12228025 0.1157641  0.00933289 0.08235566 0.11656641 0.05750476 0.22485705 0.03704959 0.04577278 0.         0.08445676 0.1290933  0.08943436 0.        ]
 [0.         0.00490924 0.0324045  0.00286413 0.07214109 0.04757646 0.00778116 0.06305371 0.05364425 0.         0.00546261 0.         0.08122669 0.10047317 0.02082846]
 [0.         0.05197806 0.06168478 0.02001921 0.02043737 0.08890764 0.04496824 0.10365582 0.05716886 0.0781894  0.         0.         0.08589922 0.11369602 0.01643187]
 [0.05223561 0.01689509 0.02438812 0.         0.03369938 0.0843249  0.04449852 0.1286411  0.         0.10660157 0.         0.0948073  0.03296157 0.00030047 0.05372829]
 [0.         0.07932557 0.0257918  0.01646158 0.01981286 0.09647287 0.03602217 0.09835771 0.01359428 0.13321935 0.00963571 0.00290756 0.08140081 0.05169753 0.01491595]
 [0.04122199 0.02837425 0.         0.13892078 0.08278551 0.0273133  0.03016429 0.07660455 0.10536516 0.         0.         0.         0.02282213 0.13779831 0.02998575]]
hid2:
[[-0.01231994  0.05658865  0.07138147  0.02355309  0.02407807  0.04562212  0.1003681   0.05005319 -0.01998598  0.06157765  0.04118676  0.03448245  0.05550793  0.09470408  0.03293547]
 [-0.07980345 -0.03298701 -0.00055473  0.04172294  0.16867152 -0.02653578  0.12471736  0.03066326 -0.17693219  0.01357162 -0.05312033  0.09355161  0.01684711  0.02747778  0.05372842]
 [-0.02254213  0.04913563  0.06160313  0.02582387  0.04061397  0.03767246  0.0996041   0.04691008 -0.03887629  0.05872814  0.03062381  0.04356834  0.0517018   0.08777314  0.03751159]
 [-0.01987603  0.0447482   0.06358986  0.02567497  0.04019822  0.03759528  0.10506316  0.04816218 -0.03786333  0.05479854  0.03152467  0.04059911  0.04819807  0.08500578  0.03507156]
 [-0.01804862  0.04842427  0.06499558  0.02722621  0.0342757   0.04206301  0.1009524   0.0496908  -0.03177666  0.05654132  0.03458159  0.03889464  0.04807048  0.08949141  0.03747324]
 [-0.02276747  0.03948922  0.05970158  0.02675677  0.04982915  0.0325104   0.10468047  0.04649159 -0.0486909   0.05338962  0.02375903  0.04439655  0.04966666  0.08207046  0.03548411]
 [-0.00426078  0.06468239  0.07958075  0.02135182  0.00834128  0.05209392  0.09686578  0.05112344 -0.00341943  0.06805971  0.04902727  0.02790034  0.05951912  0.10164809  0.03043647]
 [-0.01255682  0.05245603  0.06949173  0.02619346  0.02901204  0.04462636  0.09896682  0.05052568 -0.02608076  0.05952622  0.03686254  0.03574012  0.0554942   0.09391364  0.03430346]
 [-0.01608961  0.04646904  0.06523754  0.02694724  0.03677222  0.03965362  0.10106441  0.04921808 -0.03310379  0.05630936  0.02985874  0.03823613  0.05228008  0.09130494  0.03559664]
 [-0.01012385  0.05558836  0.07305814  0.02169118  0.02504337  0.042867    0.10069206  0.04846346 -0.02114691  0.06361556  0.03819314  0.03398568  0.06009377  0.09440895  0.02959748]
 [-0.01930876  0.05188231  0.06409054  0.02380456  0.03602241  0.03782152  0.10005909  0.04686667 -0.0310857   0.06025931  0.03052725  0.04041328  0.05526235  0.09283262  0.03537622]
 [-0.02183868  0.04146907  0.06124683  0.02717405  0.04540033  0.03582356  0.10442352  0.04772511 -0.04467232  0.05357115  0.02831505  0.04298009  0.04734868  0.0824052   0.03624485]
 [-0.02193857  0.04782297  0.06197289  0.02552645  0.04074148  0.03655742  0.09936267  0.04616329 -0.03933889  0.05948628  0.02893729  0.04338529  0.05166028  0.08729637  0.03705253]
 [-0.03170661  0.03636254  0.05076179  0.03941051  0.05091805  0.0455226   0.10541718  0.05632477 -0.05012884  0.03753236  0.03476107  0.04618892  0.02484557  0.08032169  0.05173071]
 [-0.01731697  0.05381839  0.06666175  0.02344105  0.03172497  0.04067273  0.10069465  0.04793095 -0.02734323  0.06070157  0.03524519  0.03855871  0.05478012  0.09263558  0.03440908]]
topics:
[[-0.5712554   0.23921436 -0.3217787  -0.01038656  0.280337   -0.12374981 -0.05389149 -0.11329986 -0.26243508  0.17935897 -0.05690099  0.41187477 -0.15480061  0.041731    0.34303376]
 [-0.07591777 -0.19214204  0.1294223  -0.09630679  0.07574755 -0.13375966  0.27860668 -0.10085654 -0.27228603  0.14016879  0.05821376  0.09505323 -0.24743268 -0.39974332 -0.08157569]
 [-0.03738579 -0.24655399 -0.04628875  0.08941384  0.20705879 -0.08798305  0.26806176  0.07522158 -0.06464109 -0.18758029 -0.23513249 -0.01504206 -0.18055102  0.1114405   0.09000324]
 [-0.06962401  0.12797396  0.03652733 -0.00626209  0.22739361 -0.13547353 -0.12798259 -0.12081191 -0.2849326  -0.19586693  0.39560446  0.00590046 -0.13453987  0.06634635 -0.06347829]
 [ 0.01931549  0.09702843  0.10542766  0.01743646 -0.04189515  0.08197685  0.08792753  0.06048492  0.04749502  0.08305024  0.08850066  0.00815173  0.07243987  0.12162276  0.02380323]
 [-0.07571057 -0.2424811  -0.11852884  0.4528022   0.17970069  0.32394907 -0.21068247  0.35009384 -0.40886304  0.29221746 -0.16231133  0.01006335  0.34320137 -0.09339028  0.21861956]
 [ 0.0021534   0.08267889  0.09391057 -0.09054101  0.09749626 -0.12017443  0.06508658 -0.06711704 -0.09604977  0.21934652 -0.11924088  0.07939547  0.29624447  0.09929433 -0.08693758]
 [-0.17066833 -0.16721623 -0.06672353  0.33106524  0.27534717  0.3795799   0.14494078  0.2472105  -0.5804973   0.29633746 -0.07346294  0.14661746  0.24923839 -0.1677797   0.1627161 ]
 [-0.06452186  0.2350517   0.03497546 -0.0217548   0.25597125 -0.10799878 -0.12970732 -0.112201   -0.36926684 -0.2585543  -0.07607669  0.5708869  -0.20791425  0.11221741  0.32906866]
 [-0.06399064  0.2333814   0.02504302  0.11656523  0.21517229  0.2728636   0.27605128  0.2726626  -0.19364396 -0.2409898   0.40823892  0.07879056  0.2560725   0.07580798 -0.01296964]]
R:
[[0.02447589 0.02633039 0.09509061 0.01312149 0.7007749  0.01312149 0.07750094 0.01312149 0.01312149 0.02334131]
 [0.06980852 0.09484322 0.28765693 0.04838043 0.04838043 0.04838043 0.22787724 0.04838043 0.04838043 0.07791198]
 [0.03462047 0.03128544 0.11107096 0.01813423 0.6297255  0.01813423 0.0941463  0.01813423 0.01813423 0.02661445]
 [0.02888746 0.03878993 0.11875144 0.01669245 0.62766683 0.01669245 0.08862853 0.01669245 0.01669245 0.03050607]
 [0.02872803 0.03099496 0.11165377 0.01722    0.66168195 0.01722    0.07463534 0.01722    0.01722    0.02342596]
 [0.02925676 0.03953184 0.129254   0.02004254 0.5818705  0.02004254 0.1076434  0.02004254 0.02004254 0.03227331]
 [0.01813137 0.01926949 0.07532932 0.00997041 0.7698902  0.00997041 0.06437963 0.00997041 0.00997041 0.01311835]
 [0.02184006 0.02420311 0.10264459 0.01662802 0.6808214  0.01662802 0.0820175  0.01662802 0.01662802 0.02196121]
 [0.02462636 0.02674206 0.11780142 0.0177886  0.64602005 0.0177886  0.09035334 0.0177886  0.0177886  0.02330238]
 [0.02024741 0.0269004  0.09506895 0.01305468 0.68777984 0.01305468 0.09462651 0.01305468 0.01305468 0.02315817]
 [0.03260889 0.02503904 0.11025197 0.0152156  0.6473142  0.0152156  0.09915751 0.0152156  0.0152156  0.02476605]
 [0.02922258 0.04051637 0.12363135 0.01932825 0.6051038  0.01932825 0.09325562 0.01932825 0.01932825 0.03095729]
 [0.0333531  0.03207636 0.11215706 0.01848723 0.6271958  0.01848723 0.09710833 0.01848723 0.01848723 0.02416052]
 [0.04197843 0.03975531 0.14339879 0.02388707 0.6197948  0.02388707 0.02388707 0.02388707 0.02388707 0.0356373 ]
 [0.03048132 0.02736755 0.10377675 0.0141441  0.6662509  0.0141441  0.09011026 0.0141441  0.0141441  0.02543677]]
distance_matrix:
[[3.8127925 9.532972  3.9168568 3.9208827 3.8715148 4.05069   3.837192  3.8360884 3.8820686 3.8130524 3.864818  3.9845614 3.9204893 4.196453  3.8380547]
 [2.213607  7.3796663 2.2686925 2.2581587 2.2401109 2.3524513 2.3019643 2.2197206 2.231081  2.2058666 2.2217622 2.3071127 2.2733064 2.5051527 2.211554 ]
 [2.559541  8.577747  2.7048764 2.6980505 2.6359925 2.8482227 2.5521202 2.5877497 2.649704  2.5628288 2.6448617 2.7712479 2.7089462 2.9759421 2.6067472]
 [1.0554898 5.9446516 1.0744653 1.0650396 1.0537639 1.1409903 1.1683106 1.0477574 1.0491204 1.0474331 1.0513539 1.0980282 1.0753002 1.2784033 1.0445695]
 [1.4882398 6.228612  1.4855072 1.4836843 1.4825594 1.5487287 1.6218054 1.4797869 1.477978  1.4783797 1.4699695 1.511338  1.4891832 1.6982095 1.4666245]
 [1.482717  6.5227776 1.5240161 1.5082457 1.49207   1.5934556 1.580498  1.4769273 1.4869926 1.474668  1.4959676 1.546077  1.5256398 1.72738   1.4833443]
 [2.1910574 6.686666  2.1604056 2.1578498 2.169529  2.2084045 2.3478522 2.1795447 2.1612153 2.176957  2.1485453 2.1793056 2.1613827 2.3766093 2.153563 ]
 [2.8330224 7.9357357 2.8687649 2.8712502 2.8544583 2.957303  2.924738  2.8359888 2.853507  2.8220246 2.8402557 2.9111757 2.8712544 3.1305442 2.828395 ]
 [1.3985283 5.5740957 1.3388991 1.3312068 1.3524852 1.3559661 1.5863976 1.3668745 1.3258991 1.377692  1.3279505 1.3408494 1.3370109 1.5294108 1.3466096]
 [2.9571388 7.5434313 2.9331408 2.9405413 2.952983  2.994155  3.111424  2.9531267 2.942038  2.9416134 2.912693  2.9676175 2.9390903 3.1846857 2.9179873]
 [1.1546934 5.672243  1.1359191 1.1254191 1.1409163 1.1727209 1.308186  1.1399109 1.1197686 1.1316092 1.1133404 1.1489539 1.1356316 1.3752704 1.1199899]
 [1.1703405 5.6536007 1.1421368 1.1372154 1.1449463 1.1865304 1.3277686 1.1542959 1.1295788 1.1577015 1.1221616 1.1598585 1.142864  1.3412969 1.1316054]
 [2.2549808 5.7776465 2.1199002 2.1188822 2.1901956 2.0966449 2.5176086 2.219714  2.1468349 2.2114913 2.1192446 2.1117287 2.118392  2.3824124 2.1580348]
 [1.1136622 5.8688354 1.1200674 1.1089332 1.1080582 1.1759317 1.2404997 1.105792  1.0965579 1.1001344 1.092974  1.1406181 1.1200182 1.3402188 1.0923364]
 [1.5302315 5.7537584 1.4749467 1.4689691 1.4947336 1.4959567 1.7125719 1.5058565 1.4684036 1.5040169 1.4605029 1.4819047 1.4724767 1.7066891 1.4777777]]
