hid1:
[[ 8.69834647e-02  4.77819264e-01  7.56512046e-01 -1.55149162e-01  7.38994160e-04  3.18779707e-01 -5.73294982e-02 -2.43054301e-01 -3.59051466e-01 -1.20696867e+00 -2.69233644e-01 -4.20248508e-02  3.95498812e-01 -1.17795393e-02  4.69478369e-01]
 [ 1.76928401e-01  4.64005098e-02 -4.25352544e-01 -7.14681983e-01  2.09715843e-01  3.11483741e-01 -4.13546059e-03 -1.93325639e-01 -3.35878953e-02 -3.20483387e-01 -6.82941303e-02 -1.08169258e+00  7.84716755e-02  1.62735701e-01 -1.97328538e-01]
 [-9.20826383e-03  6.94056630e-01 -1.41251370e-01  5.06539464e-01  3.98735106e-02  5.14803886e-01  5.15723825e-02 -2.03706920e-01 -1.01560280e-02 -2.80307055e-01 -1.98861703e-01 -1.76503420e-01  6.39339328e-01  2.38874093e-01  3.15662205e-01]
 [-2.76082397e-01 -1.49139225e-01 -7.11090088e-01 -2.90455073e-01 -1.88635454e-01 -2.83286095e-01  2.30225474e-02  2.65317559e-02 -2.71033086e-02  2.17534006e-02 -2.37942860e-03 -1.43216896e+00 -5.52789569e-02  5.19763112e-01 -1.17449649e-01]
 [ 2.34796703e-01  3.04725230e-01 -1.37589499e-01 -7.91935205e-01 -3.50030065e-02 -2.27671087e-01 -7.67941475e-02 -7.82088488e-02 -2.04337835e-02 -4.26785648e-02 -1.60670698e-01  7.06583261e-02  7.94430263e-03 -8.62652659e-02  2.11815417e-01]
 [ 1.82253778e-01 -2.06578046e-01  1.44088292e+00  3.67836505e-02 -3.87839675e-02  2.37180546e-01 -2.20807865e-02  6.78128451e-02  2.86865801e-01 -1.04158759e-01 -1.00628763e-01 -1.11923814e-02  3.75880063e-01 -2.77308747e-02  5.62244952e-02]
 [-1.36454046e+00 -3.13231647e-02  2.01625109e-01  4.08581376e-01  1.33860791e-02  8.70995969e-02  3.69594455e-01 -4.32333946e-02  1.23085350e-01  1.52762055e-01 -2.09854841e-02  5.85878372e-01  1.29067510e-01 -9.94926691e-03 -9.16550159e-02]
 [-5.25014997e-01  9.40489173e-02 -8.08345795e-01  7.56483972e-02  9.49418545e-01 -2.04645872e-01  5.43566525e-01 -5.83118439e-01  4.37139273e-02  4.24340554e-03  6.26711845e-01  6.53269947e-01  1.58755076e+00 -2.38904849e-01 -8.21202695e-01]
 [ 1.26398057e-01  8.81527960e-01 -6.57259345e-01 -3.13422054e-01 -2.27628648e-01  4.77924854e-01 -2.40530148e-01 -2.81893462e-01  1.64263219e-01 -2.27274653e-02 -3.03229868e-01 -1.02735326e-01 -2.39806771e-02 -1.43036097e-01 -7.27334559e-01]
 [ 6.99168071e-02  7.22117424e-02 -2.69251764e-01  6.27356023e-02 -5.99029303e-01  1.53713644e-01  2.30681837e-01 -1.95210576e-02 -9.70568478e-01 -1.10373810e-01 -4.73787665e-01 -9.63863373e-01  1.42211080e-01 -2.09545657e-01  1.09043121e-01]
 [ 4.99109626e-02 -1.76717937e-01  2.65672803e-04 -1.29020423e-01 -5.09807348e-01  2.53850192e-01  8.50135088e-03 -5.31143069e-01  5.26875257e-03 -4.37894404e-01 -4.99267578e-02 -2.54284620e-01  2.28204548e-01  5.63855767e-02 -1.13209292e-01]
 [-1.64459848e+00  1.01700217e-01  1.19435251e+00  7.23384738e-01 -4.51782495e-02  3.83842885e-02  4.31729674e-01 -4.38245893e-01  1.50999904e-01  3.84132445e-01 -2.42502272e-01  4.60167944e-01 -5.92278838e-02 -9.96790767e-01  5.20647883e-01]
 [-6.61513329e-01 -7.37223029e-01  8.05104822e-02  8.90759379e-02  3.53685439e-01  1.79398894e-01 -8.40092152e-02  5.11810422e-01  3.11724573e-01 -3.58222038e-01 -2.01112956e-01  1.09660089e-01  6.20964646e-01 -8.92038107e-01  2.29634732e-01]
 [-2.43925571e-01  4.18208301e-01  1.02100277e+00  7.98014641e-01 -7.67705739e-01 -9.67758179e-01  7.04608440e-01 -4.75147486e-01  9.72547755e-02 -1.65620148e-01 -7.80532837e-01  3.63080710e-01 -1.46622404e-01 -8.77159014e-02  8.26638341e-02]
 [ 4.27137077e-01 -1.04280651e-01 -8.75055268e-02 -7.13327825e-02 -3.16912651e-01  7.92550445e-02 -3.60560775e-01 -6.02842391e-01 -5.63226342e-02 -1.92317128e-01 -1.09370708e-01 -2.29802579e-02  1.54475391e-01  3.44896615e-01  8.18572491e-02]]
hid2:
[[ 4.86902632e-02 -1.41657889e-01  4.18126993e-02 -3.12290434e-02  9.20782313e-02  7.04098344e-02 -2.78832298e-02 -7.06080645e-02  1.89358760e-02 -3.34835887e-01 -3.95866558e-02  2.12808847e-02  1.19148530e-01  8.71608481e-02  1.13664843e-01]
 [-8.01856741e-02 -4.36307378e-02 -2.55699903e-01 -1.15021907e-01 -1.46858633e-01  7.25762621e-02 -1.26269072e-01  1.15508892e-01 -2.32324690e-01  5.50173484e-02  7.84911737e-02  4.14230376e-02  2.18118995e-01  1.76403388e-01 -1.32729158e-01]
 [ 3.62278819e-02 -1.19373672e-01 -3.38603917e-04 -1.67038422e-02 -1.73298654e-03  7.02487752e-02 -1.14403171e-02 -3.46495062e-02 -2.34569851e-02 -2.42341042e-01  1.05593512e-02 -9.90358088e-03  1.07943214e-01  5.72190769e-02  6.24163598e-02]
 [ 8.16796720e-02 -1.29240781e-01 -1.03907049e-01 -2.77782567e-02 -1.93664432e-03  1.04320489e-01 -2.94859800e-02 -1.25345334e-01 -5.68788536e-02 -1.64101765e-01 -6.58975216e-03 -1.95161309e-02  1.32221401e-01 -1.60409871e-03  7.54463766e-03]
 [ 6.48612157e-02 -1.24783032e-01 -1.12471461e-01 -4.00939770e-02 -1.95329525e-02  1.01582348e-01 -1.41841006e-02 -1.00105800e-01 -6.16334751e-02 -1.43397450e-01  6.35253591e-03 -3.09886821e-02  1.28712341e-01 -4.09036689e-03 -1.30776763e-02]
 [ 1.04550585e-01 -1.35439247e-01 -8.88898000e-02 -1.25267431e-02  3.28939557e-02  1.06933296e-01 -5.81119545e-02 -1.61145583e-01 -4.70805503e-02 -2.00429693e-01 -3.07238232e-02  9.39449295e-03  1.42585456e-01  1.26718832e-02  4.06878181e-02]
 [ 1.07544839e-01 -1.46966279e-01 -7.01562166e-02 -1.58578549e-02  1.13372570e-02  1.09481312e-01  2.35377997e-02 -1.61235124e-01 -9.62513871e-03 -1.95955902e-01 -1.12724015e-02 -5.17143346e-02  1.00368381e-01 -6.13370128e-02  1.78359803e-02]
 [ 8.23688656e-02 -1.40680343e-01 -7.47228861e-02 -4.17314321e-02  6.25186339e-02  1.01093031e-01 -4.58705798e-02 -1.37941867e-01 -2.90521104e-02 -2.25310192e-01 -4.05041799e-02  1.38468537e-02  1.45141900e-01  3.27433869e-02  4.02113236e-02]
 [ 2.01975200e-02 -1.09157443e-01 -3.58932354e-02 -2.85170972e-02 -3.68543267e-02  7.12973326e-02 -8.26549716e-03 -1.09664779e-02 -4.92523350e-02 -1.90767094e-01  2.96271052e-02 -2.02930644e-02  1.12468250e-01  5.38652167e-02  2.59077381e-02]
 [ 5.86506575e-02 -1.30299971e-01 -6.68826923e-02 -5.12559712e-02  9.10658911e-02  8.94816816e-02 -1.06564961e-01 -1.06326103e-01 -4.93531786e-02 -2.51608819e-01 -5.61790802e-02  6.81714937e-02  1.77899584e-01  1.17110491e-01  6.75242543e-02]
 [-5.81593718e-03 -1.01235010e-01 -4.26056087e-02 -5.31493723e-02  9.74344369e-03  6.26349002e-02 -7.91865438e-02  1.46305552e-02 -7.19099641e-02 -2.15706155e-01  2.67340080e-03  4.54953052e-02  1.57694891e-01  1.48763537e-01  4.66518998e-02]
 [ 1.11135773e-01 -1.50258392e-01 -7.05782697e-02 -2.07688063e-02  3.79799157e-02  1.10733271e-01  2.50754831e-03 -1.73276275e-01 -9.12190601e-03 -2.13424250e-01 -2.79135127e-02 -3.21172215e-02  1.13396525e-01 -4.17642966e-02  3.01210433e-02]
 [ 6.69888780e-02 -1.33123681e-01  5.54367825e-02  1.71471816e-02  1.92065407e-02  6.99863434e-02  4.89610108e-03 -7.05815181e-02  1.30458726e-02 -3.04005206e-01  3.38205427e-05 -2.28955355e-02  8.28660801e-02  3.09453867e-02  1.11636795e-01]
 [ 1.40051961e-01 -1.27433866e-01 -1.09468594e-01  2.47030873e-02  4.81075868e-02  1.13677084e-01 -1.47927240e-01 -2.11226180e-01 -8.30415785e-02 -2.03305259e-01 -5.46638109e-02  7.13212937e-02  1.79757163e-01  5.56138456e-02  7.70150870e-02]
 [ 3.53627130e-02 -1.19130209e-01 -6.20916747e-02 -4.40739915e-02 -9.20164457e-04  8.25541690e-02 -2.38542370e-02 -5.00353500e-02 -4.78252769e-02 -1.92507640e-01  4.43189172e-03 -6.01051189e-03  1.30002797e-01  5.17312363e-02  2.00548824e-02]]
topics:
[[ 2.82289609e-02 -1.81888536e-01 -4.40594286e-01 -1.83244776e-02 -4.18079197e-01  2.34424323e-01  2.75376856e-01  1.06757663e-01 -3.26601923e-01 -3.72736230e-02  3.72387379e-01 -9.50511694e-01 -2.40603715e-01 -2.51804829e-01 -4.23388965e-02]
 [-7.73575544e-01  6.52418315e-01  4.31365855e-02  5.70285141e-01 -1.96119082e+00 -3.59133333e-01 -4.17210072e-01  1.82059622e+00 -1.08590114e+00  9.12729323e-01  1.15964377e+00  7.37647787e-02  4.07697596e-02  9.03964400e-01 -1.50010511e-01]
 [-2.55157202e-01 -1.27856746e-01 -1.19274750e-01 -4.62543100e-01  5.80782473e-01  2.27949955e-02 -4.44030672e-01  1.78304270e-01 -9.76979658e-02 -4.89922792e-01 -2.94624388e-01  4.65158969e-01  4.93286610e-01  7.92030215e-01  1.07457832e-01]
 [-3.36724877e-01 -1.71940073e-01  4.18351963e-02  8.98426622e-02 -3.05428147e-01  5.57521582e-02 -3.03281873e-01  6.17780030e-01 -6.70281529e-01 -3.86631191e-01  6.60493195e-01 -6.95534885e-01  2.14989156e-01  6.28553689e-01  4.66082007e-01]
 [ 2.76785195e-01 -1.98771477e-01  8.84597248e-04  9.53800008e-02  1.43618762e-01  1.44646451e-01 -3.94836515e-02 -4.13218766e-01  6.29145280e-02 -3.54985684e-01 -1.11381516e-01 -4.81846323e-03  9.63804051e-02 -1.27855092e-01  1.67313859e-01]
 [ 2.24268690e-01 -1.43110737e-01 -7.66975760e-01 -2.02738538e-01  9.80033576e-02  2.68708825e-01 -3.30241084e-01 -5.12602627e-01 -3.33417803e-01  2.89323837e-01 -1.62701517e-01  1.40594035e-01  4.22875911e-01 -4.21002284e-02 -3.17502379e-01]
 [-1.38046741e-01 -1.40817657e-01  4.07067358e-01 -1.32220322e-02 -2.90585160e-01 -2.56849136e-02  6.71678722e-01  3.47389638e-01  2.82716393e-01 -3.34106416e-01  2.86161810e-01 -4.97133583e-01 -2.95462012e-01 -3.17011148e-01 -5.78240259e-03]
 [-4.16722834e-01 -2.31672004e-01  5.99292874e-01 -2.96477199e-01 -1.42916283e-02 -5.05073190e-01  1.64416060e-01  7.44181871e-01 -2.52428595e-02 -7.26003885e-01  1.58630416e-01 -2.60507822e-01  5.13892882e-02  5.24962127e-01  4.73671526e-01]
 [ 5.04875705e-02 -1.87417090e-01 -7.74123251e-01 -3.56023431e-01  4.04001325e-01  2.04791814e-01 -9.46611762e-01 -5.61138690e-02 -7.04242468e-01 -2.65719622e-01 -1.62450671e-01  4.27641928e-01  8.18474889e-01  7.95550048e-01  3.28136206e-01]
 [-4.25287783e-01  6.70632720e-01  1.70618117e-01  7.48459935e-01 -1.40942264e+00  1.04925625e-01 -9.90605712e-01  5.57940364e-01 -1.41380608e+00  4.93796587e-01  1.82779744e-01 -6.30547822e-01 -3.13833594e-01  3.06033731e-01  8.78313258e-02]]
R:
[[6.02690270e-04 3.64195295e-02 2.25095540e-01 6.02690270e-04 5.69561541e-01 6.02690270e-04 1.65307239e-01 6.02690270e-04 6.02690270e-04 6.02690270e-04]
 [1.80993334e-03 1.19264372e-01 1.99976400e-01 1.80993334e-03 1.80993334e-03 4.33509588e-01 2.36390084e-01 1.80993334e-03 1.80993334e-03 1.80993334e-03]
 [5.09273494e-04 5.95614873e-02 1.66461498e-01 5.09273494e-04 4.84363616e-01 8.52882788e-02 2.01778814e-01 5.09273494e-04 5.09273494e-04 5.09273494e-04]
 [2.03348044e-03 4.36521433e-02 1.00794926e-01 2.03348044e-03 4.32572305e-01 2.22627088e-01 1.90186203e-01 2.03348044e-03 2.03348044e-03 2.03348044e-03]
 [1.78719417e-03 4.48346026e-02 1.01757862e-01 1.78719417e-03 3.68339479e-01 2.51857698e-01 2.24274382e-01 1.78719417e-03 1.78719417e-03 1.78719417e-03]
 [7.68320169e-04 4.39150520e-02 1.12674169e-01 7.68320169e-04 5.34658968e-01 1.71737552e-01 1.33172646e-01 7.68320169e-04 7.68320169e-04 7.68320169e-04]
 [1.32839195e-04 2.63446607e-02 6.98627234e-02 1.32839195e-04 4.75689799e-01 2.02141941e-01 2.25296691e-01 1.32839195e-04 1.32839195e-04 1.32839195e-04]
 [2.37237600e-05 3.34849171e-02 1.55477732e-01 2.37237600e-05 4.84535545e-01 1.62601963e-01 1.63781181e-01 2.37237600e-05 2.37237600e-05 2.37237600e-05]
 [8.56083992e-04 6.62371740e-02 1.54119015e-01 8.56083992e-04 3.97803724e-01 1.48262948e-01 2.29296684e-01 8.56083992e-04 8.56083992e-04 8.56083992e-04]
 [3.38197773e-04 4.71669137e-02 2.23460719e-01 3.38197773e-04 5.13217330e-01 1.10628933e-01 1.03835173e-01 3.38197773e-04 3.38197773e-04 3.38197773e-04]
 [7.39914074e-04 7.53499791e-02 2.37975821e-01 7.39914074e-04 4.04838681e-01 1.11368544e-01 1.66767433e-01 7.39914074e-04 7.39914074e-04 7.39914074e-04]
 [2.15848733e-04 2.35585030e-02 9.02127847e-02 2.15848733e-04 5.00431538e-01 1.85509562e-01 1.99208423e-01 2.15848733e-04 2.15848733e-04 2.15848733e-04]
 [1.83225179e-03 5.07505499e-02 1.46823362e-01 1.83225179e-03 6.13671601e-01 1.83225179e-03 1.77760944e-01 1.83225179e-03 1.83225179e-03 1.83225179e-03]
 [3.59098456e-04 6.55240789e-02 1.12906054e-01 3.59098456e-04 6.89763427e-01 1.29651904e-01 3.59098456e-04 3.59098456e-04 3.59098456e-04 3.59098456e-04]
 [4.89494239e-04 5.37313670e-02 1.61473349e-01 4.89494239e-04 3.95584852e-01 1.72686175e-01 2.14076743e-01 4.89494239e-04 4.89494239e-04 4.89494239e-04]]
distance_matrix:
[[ 27.385155  34.48897   26.972872  27.771524  28.155487  27.37262   27.671944  27.439747  27.381363  27.711891  27.7861    27.532528  26.833685  27.844416  27.508514]
 [ 41.253105  48.39236   40.882145  41.37449   41.696156  41.104233  41.12745   41.069447  41.23398   41.583565  41.82664   41.0132    40.80205   41.942196  41.241394]
 [ 40.296936  46.911266  39.98905   40.3972    40.79035   39.942062  40.362877  39.960674  40.36004   40.18802   40.599747  40.14599   40.03993   40.294598  40.269722]
 [ 50.588917  53.0921    49.636425  49.275227  49.202477  49.60221   49.445766  49.29873   49.344704  49.953438  49.83206   49.424835  50.618515  51.167343  49.128807]
 [ 20.050735  23.881292  18.950361  18.793598  18.880724  18.93335   18.780504  18.986427  18.833319  19.77554   19.660728  18.82613   19.446863  20.078575  18.835312]
 [ 20.83567   27.377066  20.73554   21.163662  21.612455  20.563427  21.294157  20.526018  21.162066  20.46797   21.037865  20.963509  20.8695    20.630724  20.96713 ]
 [ 41.87492   46.91028   41.07589   41.249943  41.41261   41.239952  41.173634  41.216564  41.135605  41.848797  41.81157   41.15133   41.38594   42.29708   41.149036]
 [ 39.515984  45.4795    39.502483  40.53516   40.801556  40.21795   40.858498  39.815598  39.828445  39.522293  39.43657   40.54739   39.848854  40.91366   39.782387]
 [ 58.90745   57.484837  56.84284   56.91308   56.49458   57.83098   57.534504  57.630684  56.014435  58.30688   56.686855  57.81827   58.36353   59.859562  56.32408 ]
 [ 16.157284  19.09122   15.165834  14.897146  15.068161  14.828645  15.252563  14.922739  15.052109  15.26614   15.332661  15.146585  15.869339  15.358402  14.92041 ]
 [ 18.038334  22.345846  17.525251  17.446095  17.771172  17.073479  17.80734   17.10402   17.656025  17.14339   17.578112  17.539131  18.047592  17.221088  17.407305]
 [ 60.380775  60.564007  58.84365   57.970837  58.014507  58.126816  58.615196  58.361374  58.38213   58.801098  58.711185  58.584652  60.007492  58.61719   58.200954]
 [ 30.995491  37.196785  30.94269   31.409462  31.708729  31.032675  31.478443  30.728167  31.266397  30.772717  31.173399  31.183891  31.275745  31.691961  31.032877]
 [114.69988  123.353386 114.442055 116.0025   116.41104  115.5876   115.76847  115.58803  115.027534 115.78743  115.49102  115.66629  113.95678  116.24478  115.414375]
 [ 13.526168  17.478106  12.888132  12.35989   12.61967   12.13118   12.575039  12.161276  12.910013  12.526886  13.126995  12.367527  13.495576  12.568499  12.556202]]
