hid1:
[[0.12551661 0.07562178 0.         0.33858347 0.         0.10638046 0.         0.         0.16102515 0.09448083 0.25994417 0.         0.36396664 0.09065109 0.02669394]
 [0.         0.         0.31939295 0.         0.         0.         0.13861386 0.35660306 0.         0.         0.10604849 0.         0.         0.         0.        ]
 [0.08660278 0.04303066 0.49993742 0.23861235 0.         0.16940413 0.24226283 0.3946894  0.14801472 0.03969727 0.26276997 0.         0.43981686 0.         0.17879161]
 [0.05348735 0.         0.46842143 0.20647779 0.08826602 0.07398136 0.21451442 0.18546367 0.1075106  0.27539128 0.05732911 0.         0.33074382 0.06671575 0.23459114]
 [0.         0.         0.         0.         0.02165358 0.         0.7512159  0.19695449 0.         0.25898156 0.         0.15813638 0.         0.41043812 0.        ]
 [0.         0.01647369 0.         0.2667956  0.31553167 0.         0.         0.         0.03280271 0.13447584 0.1396582  0.         0.30144653 0.10694788 0.2184779 ]
 [0.         0.         0.         0.         0.         0.         1.2281089  0.06257353 0.         0.         0.         0.35997373 0.         0.         0.        ]
 [0.         0.         0.         0.2030266  0.         0.05717393 0.17648368 0.         0.20745231 0.         0.         0.         0.20905967 0.20556082 0.21665618]
 [0.03546456 0.10345031 0.15913297 0.36922762 0.06975406 0.07238461 0.         0.45052227 0.11017278 0.         0.28328252 0.         0.41335705 0.30701986 0.2285079 ]
 [0.         0.         0.         0.08183965 0.3793925  0.         0.31557497 0.         0.         0.         0.         0.40181628 0.         0.3782297  0.41360047]
 [0.03197005 0.         0.46498644 0.16185114 0.130116   0.05451564 0.24013674 0.09679305 0.07600798 0.2677615  0.12782355 0.         0.328825   0.00871383 0.27678853]
 [0.01531227 0.         0.2840159  0.2675167  0.04642751 0.07148044 0.10542832 0.28539777 0.05757206 0.27354962 0.11577917 0.29508314 0.34667635 0.15735716 0.21071398]
 [0.0569703  0.02226786 0.37892458 0.15448952 0.1235628  0.15392695 0.         0.13612254 0.0434887  0.05432231 0.         0.         0.02067234 0.40931585 0.29160085]
 [0.07522453 0.02209355 0.29172012 0.29446656 0.0696024  0.0715967  0.         0.14018214 0.12066045 0.18526267 0.18789862 0.10451504 0.4262331  0.33381775 0.25030157]
 [0.03557572 0.01170193 0.38822085 0.18258381 0.09513027 0.11338657 0.3662521  0.4817115  0.1065269  0.20544045 0.10503812 0.28766993 0.25460562 0.08790791 0.35555643]]
hid2:
[[-5.15247844e-02 -6.66324571e-02  1.48528725e-01  5.90903200e-02  4.43007499e-02  5.52817434e-03  2.53940612e-01  8.96293074e-02 -6.91134557e-02  8.32750574e-02  1.32501259e-01  6.97880238e-02  1.43114358e-01  2.23557338e-01  3.63981053e-02]
 [-1.39951289e-01 -5.22865802e-02  9.39283222e-02  3.93735804e-03  3.00866246e-01 -1.30809218e-01  2.24170119e-01  3.08080390e-02 -3.35622847e-01  1.53652042e-01  1.13664590e-01  1.95109174e-01  8.89821053e-02  9.18740705e-02  3.67069803e-02]
 [-6.72809929e-02 -6.62696138e-02  1.37830779e-01  5.69585562e-02  8.04016590e-02 -9.70559940e-03  2.43410408e-01  8.33872259e-02 -1.11109532e-01  8.74445140e-02  1.21480942e-01  8.89691338e-02  1.24456756e-01  2.00617641e-01  4.28150631e-02]
 [-6.96536750e-02 -9.16201994e-02  1.25076383e-01  6.21710159e-02  9.21352133e-02 -7.59116560e-03  2.38344550e-01  9.25307497e-02 -1.26101971e-01  6.21835068e-02  9.84330624e-02  8.63344818e-02  8.94394368e-02  1.78489059e-01  4.67406884e-02]
 [-7.42258653e-02 -6.07769154e-02  1.25847906e-01  7.09261969e-02  9.15299207e-02  1.09046698e-04  2.47260660e-01  9.51268300e-02 -1.12997487e-01  7.17195794e-02  1.19626194e-01  9.17206183e-02  1.28750876e-01  2.21784204e-01  5.78223169e-02]
 [-6.77361414e-02 -8.51929039e-02  1.25467107e-01  6.29875660e-02  9.29413289e-02 -9.72291827e-03  2.47714788e-01  9.41600055e-02 -1.15051605e-01  6.21408969e-02  1.02284104e-01  8.37037638e-02  1.01761296e-01  1.99967027e-01  4.86545749e-02]
 [-4.44379859e-02 -4.36589979e-02  1.66337654e-01  4.57917713e-02  3.14685926e-02 -6.12674840e-03  2.63671875e-01  7.53400251e-02 -4.90941629e-02  1.14864953e-01  1.55834988e-01  6.93293810e-02  1.79350719e-01  2.45437160e-01  2.50985101e-02]
 [-6.38074428e-02 -8.00019354e-02  1.18635163e-01  8.34954903e-02  8.03389251e-02  7.88966753e-03  2.61962444e-01  1.12746850e-01 -8.02733749e-02  3.55335772e-02  9.56871286e-02  6.99729249e-02  1.11327991e-01  2.52027571e-01  6.72378242e-02]
 [-6.25819340e-02 -8.00535530e-02  1.25969902e-01  7.75062665e-02  7.18922690e-02  5.78287616e-03  2.53501534e-01  1.04844332e-01 -8.40181261e-02  4.72687632e-02  9.74010751e-02  7.17672110e-02  1.07359588e-01  2.33781710e-01  6.07436411e-02]
 [-6.36689216e-02 -3.63648161e-02  1.59166425e-01  2.25891396e-02  9.59296077e-02 -5.03093153e-02  2.59748489e-01  5.29085845e-02 -1.14067838e-01  1.45608976e-01  1.57562315e-01  1.01304710e-01  1.74085498e-01  2.12062463e-01  1.71265732e-02]
 [-6.55743629e-02 -7.16001764e-02  1.34324104e-01  6.32784963e-02  7.64677227e-02 -3.68308090e-03  2.45578468e-01  9.02213305e-02 -1.03121527e-01  7.47621581e-02  1.14410542e-01  8.34122673e-02  1.18438102e-01  2.08221763e-01  4.76627387e-02]
 [-8.37755203e-02 -8.16930532e-02  1.17027834e-01  6.53369948e-02  1.15672506e-01 -1.12061184e-02  2.29550883e-01  8.98337737e-02 -1.55357912e-01  6.76659271e-02  9.87223387e-02  1.03201397e-01  8.74624699e-02  1.69770077e-01  5.55379577e-02]
 [-6.29370511e-02 -7.52027482e-02  1.24656782e-01  7.69297630e-02  7.71917775e-02  4.51268256e-03  2.59834170e-01  1.06039569e-01 -8.25174451e-02  4.87213992e-02  1.04498729e-01  7.27398172e-02  1.19075008e-01  2.44608507e-01  6.05501607e-02]
 [-7.36306310e-02 -1.00985415e-01  9.76496711e-02  1.08125165e-01  8.08607936e-02  4.22305129e-02  2.43458077e-01  1.35546446e-01 -1.00531660e-01 -3.69662046e-03  7.97916353e-02  7.10714534e-02  7.87924156e-02  2.24685133e-01  8.41420218e-02]
 [-6.73257560e-02 -7.64103085e-02  1.25798255e-01  6.63746372e-02  8.89973715e-02 -3.07005085e-03  2.52426863e-01  9.74002331e-02 -1.06885180e-01  6.32314384e-02  1.13154486e-01  8.31155926e-02  1.18668452e-01  2.15311080e-01  5.05566448e-02]]
topics:
[[-0.9370357   0.6163499  -0.5058937   0.38371173  0.47859985 -0.3057482  -0.11937945 -0.29452917 -0.5841974  -0.08854451 -0.12516549  1.0130225  -0.30437273  0.17357966  0.6681083 ]
 [-0.08264077 -0.3138416   0.23485114 -0.19683963  0.1346765  -0.2176873  -0.03812541 -0.15135026 -0.5547612   0.3250273   0.006323    0.1998053  -0.30395404 -0.69302106 -0.20446907]
 [-0.06376877 -0.3647112  -0.07321028  0.14983931  0.38671276 -0.18371399  0.41442674  0.23753329 -0.08036179 -0.36545506 -0.369823   -0.03200752 -0.33011338  0.43604946  0.20713094]
 [-0.12595922  0.6229079   0.12178949 -0.03577373  0.57220954 -0.26362705 -0.30423427 -0.22041376 -0.66176903 -0.3402348   0.8706301   0.12812549  0.01884856  0.14905761 -0.05254233]
 [-0.00421222 -0.04262967  0.19347493  0.08993165 -0.12320068  0.09854544  0.2608138   0.11415374  0.08553082  0.075455    0.18026386  0.00885457  0.21539873  0.30001932  0.03252798]
 [-0.08181395 -0.44246805 -0.02384822  0.7229266   0.4190207   0.7842722  -0.5405147   0.75295407 -0.97649354  0.64881295 -0.2276753   0.09110897 -0.2256566  -0.23061956  0.49195883]
 [-0.04974113  0.11345433  0.321782   -0.23396644  0.1940215  -0.36785036  0.28739664 -0.2008749  -0.21035054  0.56251466  0.30609703  0.20191823  0.3512742   0.12133288 -0.16628806]
 [-0.33885762 -0.231102   -0.14408377  0.67289627  0.59222037  0.81937474  0.36267766  0.55211    -1.2350765   0.71336645 -0.13963747  0.26687878  0.77001977 -0.50215006  0.3518184 ]
 [-1.0328805   0.6512986  -0.06180313 -0.01815877  0.6348308  -0.24291116 -0.13135739 -0.22565053 -0.8754241  -0.4629846  -0.06012646  1.2293843  -0.36780655  0.25239754  0.7905395 ]
 [-0.14999785 -0.30459845 -0.34064478  0.26630405  0.4786429   0.62429124  0.51390475  0.6481204  -0.4360307  -0.49122867  0.79390746  0.11808992  0.7127362   0.16617365 -0.02710229]]
R:
[[0.01052399 0.0487058  0.1211975  0.01052399 0.6186589  0.01052399 0.1310764  0.01052399 0.01052399 0.02774137]
 [0.03428846 0.10261787 0.22511582 0.03428846 0.03428846 0.03428846 0.39196143 0.03428846 0.03428846 0.07457412]
 [0.01553647 0.06211708 0.1383916  0.01553647 0.54201674 0.01553647 0.14988786 0.01553647 0.01553647 0.02990439]
 [0.01526489 0.09507611 0.1658641  0.01526489 0.51779556 0.01526489 0.11088517 0.01526489 0.01526489 0.03405458]
 [0.01863981 0.03744774 0.15014268 0.01863981 0.53952116 0.01863981 0.14539497 0.01863981 0.01863981 0.03429438]
 [0.01475701 0.07185763 0.1712036  0.01475701 0.52048624 0.01475701 0.12815659 0.01475701 0.01475701 0.0345109 ]
 [0.00854997 0.01774432 0.09723213 0.00854997 0.6350416  0.00854997 0.18457134 0.00854997 0.00854997 0.0226608 ]
 [0.0148927  0.02594031 0.18758778 0.0148927  0.5754317  0.0148927  0.10659384 0.0148927  0.0148927  0.02998275]
 [0.01455182 0.04429827 0.1725432  0.01455182 0.5832504  0.01455182 0.10204769 0.01455182 0.01455182 0.02510129]
 [0.01306474 0.02911661 0.11912116 0.01306474 0.47795248 0.01306474 0.27426615 0.01306474 0.01306474 0.03421989]
 [0.01510939 0.0597635  0.14712991 0.01510939 0.5568936  0.01510939 0.13181809 0.01510939 0.01510939 0.02884795]
 [0.02058367 0.09203216 0.1667496  0.02058367 0.47573924 0.02058367 0.1261855  0.02058367 0.02058367 0.03637517]
 [0.0145089  0.02984112 0.1738134  0.0145089  0.57427704 0.0145089  0.11941844 0.0145089  0.0145089  0.03010554]
 [0.01875096 0.06206948 0.19012901 0.01875096 0.5970169  0.01875096 0.01875096 0.01875096 0.01875096 0.03827877]
 [0.01507028 0.05286386 0.16245575 0.01507028 0.5357381  0.01507028 0.13587648 0.01507028 0.01507028 0.03771441]]
distance_matrix:
[[ 5.8061686  8.763493   5.691081   5.910753   5.738457   5.838101   5.667536   6.134469   6.0645504  5.589869   5.7815375  5.881874   5.975022   6.798505   5.779884 ]
 [ 8.328538  11.321167   8.188937   8.2904625  8.234709   8.252026   8.318405   8.547491   8.478615   8.285557   8.249562   8.274628   8.419304   9.071293   8.233707 ]
 [ 7.7016335 13.253761   7.967725   8.396119   8.016935   8.231716   7.342448   8.1987095  8.135272   7.911525   7.9975715  8.587537   8.043503   9.023812   8.07777  ]
 [ 6.8277493  9.7258     6.760062   7.1151457  6.726464   6.867784   6.4746504  6.895297   6.9534016  6.314848   6.8248553  7.140295   6.7824435  8.012886   6.765839 ]
 [ 9.540628  13.941732   9.593922   9.817484   9.540851   9.643007   9.392073   9.53696    9.561815   9.721449   9.574723   9.920378   9.477186  10.274929   9.564179 ]
 [ 6.696557   5.989518   6.1660905  6.355446   6.083676   6.1401725  6.4925194  6.524727   6.643737   5.38568    6.3252683  6.1013327  6.400209   7.6444616  6.102574 ]
 [ 8.443353  13.069309   8.482479   8.438724   8.469353   8.394733   8.605513   8.41579    8.398132   9.074429   8.423666   8.5777645  8.382538   8.703397   8.386429 ]
 [ 3.6517136  8.97683    3.7380238  3.698762   3.5582004  3.5893617  3.8693728  3.2919614  3.368361   4.591211   3.6019678  3.8263412  3.3425732  3.4835656  3.5344176]
 [ 6.341634  11.403332   6.4921427  6.716838   6.476558   6.5758977  6.2055893  6.4972324  6.4861383  6.7128267  6.4700103  6.8755417  6.4171987  7.1300097  6.4824414]
 [12.636793  13.255703  12.162984  12.027131  11.870314  11.7850685 12.828118  11.6799345 11.950165  12.237216  12.116703  11.869302  11.769032  12.386783  11.801174 ]
 [ 6.6191235 12.096025   6.8105736  7.0506353  6.6683135  6.836614   6.4929     6.5076256  6.587083   7.144044   6.7327294  7.214386   6.491715   7.142255   6.702433 ]
 [ 5.273446  11.2442     5.4934473  5.625243   5.3722606  5.453283   5.2660036  5.0996456  5.1587725  6.082429   5.3752456  5.8398466  5.1135697  5.5846596  5.362427 ]
 [ 7.1290436 13.712855   7.3756194  7.351221   7.069026   7.132136   7.335      6.4419756  6.632777   8.416706   7.139133   7.588878   6.587087   6.6886215  7.032834 ]
 [ 6.0328655 11.518322   6.239978   6.4956017  6.174352   6.310265   5.8698654  6.0911818  6.120322   6.4950514  6.1887374  6.682687   6.038543   6.76165    6.1912246]
 [ 7.3309803 14.410358   7.6748724  7.7898216  7.404369   7.554939   7.39186    6.8738394  7.0307493  8.564873   7.4669433  8.056914   6.97152    7.2261505  7.4084477]]
