hid1:
[[3.11630964e-02 1.68164417e-01 0.00000000e+00 0.00000000e+00 5.12349904e-01 0.00000000e+00 9.26373452e-02 0.00000000e+00 8.70185271e-02 0.00000000e+00 0.00000000e+00 5.87137461e-01 7.19446659e-01 0.00000000e+00 7.17892051e-01]
 [0.00000000e+00 0.00000000e+00 1.52032122e-01 8.39644894e-02 9.11151230e-01 5.19088924e-01 3.16057116e-01 0.00000000e+00 0.00000000e+00 0.00000000e+00 6.24886513e-01 5.39603569e-02 1.86600983e-01 0.00000000e+00 6.23171866e-01]
 [0.00000000e+00 0.00000000e+00 4.61391449e-01 3.43793958e-01 9.70905483e-01 5.36735475e-01 7.04307199e-01 0.00000000e+00 0.00000000e+00 0.00000000e+00 8.57226789e-01 1.25022709e-01 7.95805305e-02 0.00000000e+00 7.54043758e-01]
 [0.00000000e+00 2.25303680e-01 1.07665166e-01 2.38875434e-01 3.98955345e-01 2.05954015e-01 1.86595336e-01 0.00000000e+00 1.35161951e-01 0.00000000e+00 3.05306017e-01 3.54005158e-01 4.11910206e-01 0.00000000e+00 1.98375091e-01]
 [3.43598247e-01 6.54168651e-02 0.00000000e+00 9.41930711e-02 6.92024291e-01 7.61669040e-01 1.91811904e-01 0.00000000e+00 0.00000000e+00 0.00000000e+00 2.53428102e-01 2.05647513e-01 3.23834538e-01 0.00000000e+00 2.64189422e-01]
 [1.88409403e-01 0.00000000e+00 0.00000000e+00 8.53876956e-03 4.03121978e-01 9.39517319e-02 1.47606313e-01 0.00000000e+00 0.00000000e+00 3.17770243e-02 1.28939554e-01 3.78775150e-01 5.32645166e-01 0.00000000e+00 4.09797192e-01]
 [0.00000000e+00 1.17892854e-01 2.65665501e-02 0.00000000e+00 2.64110744e-01 3.11843008e-02 0.00000000e+00 6.25196919e-02 0.00000000e+00 6.48331270e-02 3.53580773e-01 4.14226919e-01 4.94727880e-01 0.00000000e+00 5.55202842e-01]
 [3.91830474e-01 0.00000000e+00 8.16059932e-02 0.00000000e+00 5.03554523e-01 2.99978971e-01 1.47828177e-01 0.00000000e+00 0.00000000e+00 8.46720785e-02 0.00000000e+00 1.50395513e-01 7.14207590e-01 0.00000000e+00 4.18876499e-01]
 [5.98976433e-01 1.92169845e-01 1.76986754e-01 0.00000000e+00 3.68534863e-01 4.74192083e-01 0.00000000e+00 2.17058271e-01 0.00000000e+00 6.90525249e-02 0.00000000e+00 1.39223188e-01 5.48081219e-01 0.00000000e+00 1.52803615e-01]
 [4.72207338e-01 8.04760158e-02 0.00000000e+00 1.42035978e-02 2.90108770e-01 3.04552585e-01 0.00000000e+00 1.64976180e-01 0.00000000e+00 1.66523203e-01 0.00000000e+00 4.25983906e-01 5.48863590e-01 0.00000000e+00 1.65895939e-01]
 [3.33993703e-01 2.15148032e-02 6.67822361e-02 0.00000000e+00 4.37086433e-01 1.65598899e-01 3.77794243e-02 0.00000000e+00 0.00000000e+00 0.00000000e+00 0.00000000e+00 3.00638616e-01 4.65192676e-01 0.00000000e+00 2.70726562e-01]
 [0.00000000e+00 1.06070533e-01 0.00000000e+00 0.00000000e+00 8.76935050e-02 1.12648778e-01 0.00000000e+00 0.00000000e+00 1.11053452e-01 2.11453749e-04 0.00000000e+00 5.41650712e-01 4.79336947e-01 0.00000000e+00 2.48092249e-01]
 [5.25986493e-01 9.20411721e-02 0.00000000e+00 2.33603299e-01 1.72753617e-01 5.01128174e-02 0.00000000e+00 2.34950259e-01 2.32829809e-01 0.00000000e+00 0.00000000e+00 3.65581840e-01 5.60871899e-01 0.00000000e+00 0.00000000e+00]
 [3.50318074e-01 1.98157206e-01 0.00000000e+00 0.00000000e+00 5.31131327e-01 4.38644111e-01 0.00000000e+00 0.00000000e+00 0.00000000e+00 0.00000000e+00 1.59155369e-01 1.35901049e-01 3.02179307e-01 0.00000000e+00 4.57363099e-01]
 [3.94183546e-01 3.54793807e-03 5.98180331e-02 1.12271361e-01 2.99660116e-01 1.81366354e-01 6.51325360e-02 8.09027106e-02 0.00000000e+00 0.00000000e+00 0.00000000e+00 2.68243730e-01 4.39264446e-01 0.00000000e+00 2.78327048e-01]]
hid2:
[[ 0.06907699 -0.12848473 -0.06597184 -0.15308312  0.3082233   0.05003311 -0.19796707 -0.06734289 -0.09409153 -0.3507118  -0.13013595  0.13663669  0.27917254  0.2857907   0.18106027]
 [-0.04887142 -0.06511836 -0.3139356  -0.17942567  0.1515745   0.08377629 -0.48256996  0.02881984 -0.43993586 -0.14299908 -0.05394471  0.10600113  0.4230134   0.5079404   0.1473077 ]
 [ 0.11316545 -0.1299999  -0.1558947  -0.1500568   0.30179343  0.09288905 -0.21195848 -0.15662755 -0.1166939  -0.27280822 -0.14281078  0.13210723  0.29226682  0.22387454  0.13800763]
 [ 0.10067023 -0.11149475 -0.19997805 -0.12102421  0.21392287  0.10497101 -0.22161248 -0.14112484 -0.17772795 -0.20245083 -0.09794789  0.07945178  0.27769133  0.20250282  0.11528441]
 [ 0.08391748 -0.10676212 -0.21661103 -0.13590418  0.21730621  0.10475432 -0.25707722 -0.12846777 -0.20488477 -0.1933927  -0.10183017  0.08974167  0.30070513  0.2411117   0.11605212]
 [ 0.12180819 -0.12368308 -0.18399002 -0.1326637   0.26168117  0.10640009 -0.20380561 -0.17205223 -0.13439968 -0.22982736 -0.12578039  0.10425285  0.27880272  0.186788    0.11827428]
 [ 0.14712319 -0.12854326 -0.22413084 -0.14072897  0.28117484  0.12705776 -0.2131162  -0.22403504 -0.13392003 -0.20314796 -0.14522967  0.11643699  0.2924326   0.16238779  0.09988504]
 [ 0.16035077 -0.13935724 -0.22581884 -0.16378644  0.3377422   0.1299707  -0.2250809  -0.25166428 -0.11213149 -0.22628547 -0.17826445  0.15370187  0.31471887  0.1763986   0.10487368]
 [ 0.07195504 -0.11747252 -0.20690371 -0.17103589  0.2902763   0.09095421 -0.3050865  -0.11442912 -0.20686209 -0.25096944 -0.1332521   0.14796071  0.34774134  0.32372195  0.14738971]
 [ 0.11721076 -0.12592629 -0.1830253  -0.14482597  0.28242198  0.10338225 -0.21934898 -0.1689253  -0.13564758 -0.24258478 -0.13624239  0.12098763  0.29342696  0.21091236  0.12508321]
 [ 0.08071085 -0.11665754 -0.16348037 -0.14782436  0.26234844  0.08577352 -0.23977163 -0.11208173 -0.1612658  -0.2542947  -0.11946022  0.11502188  0.29866537  0.26158524  0.14030696]
 [ 0.1531167  -0.128166   -0.21606025 -0.12517688  0.26253918  0.12665631 -0.19098243 -0.22347577 -0.12680632 -0.2012274  -0.13289528  0.09999958  0.2738203   0.1372503   0.09829107]
 [ 0.06196668 -0.12349191 -0.08499447 -0.14628437  0.2859983   0.05193433 -0.21484515 -0.0567526  -0.12458368 -0.33525136 -0.1156071   0.1273215   0.28454715  0.29709235  0.18049392]
 [ 0.14611013 -0.13360426 -0.1746609  -0.13474046  0.2915146   0.11136171 -0.17910986 -0.20568682 -0.09647229 -0.24399018 -0.14428422  0.1161778   0.27155113  0.15535711  0.11559916]
 [ 0.12834598 -0.1258177  -0.19382165 -0.13616855  0.27098638  0.11097874 -0.20843944 -0.1851152  -0.13418649 -0.2267987  -0.13234752  0.11071196  0.28473455  0.18455315  0.11561667]]
topics:
[[-0.10689985 -0.07926916 -0.29457188  0.21021083 -0.6625766   0.12398981  0.19432709  0.2552669  -0.519857    0.07660779  0.58583474 -0.98921263 -0.18305355 -0.17407192  0.03979135]
 [-0.8703421   0.6436421  -0.01101551  0.52717924 -2.1552825  -0.34598124 -0.47317865  2.0258527  -1.387184    0.936278    1.2610508  -0.04686441  0.03354161  1.0700533  -0.05140754]
 [-0.15188205 -0.13867596  0.05664514 -0.41011104  0.6503115  -0.07467271 -0.54089665  0.19182491 -0.16489415 -0.6440585  -0.28913578  0.43801194  0.5636285   0.9108432   0.35817155]
 [-0.54686654 -0.0381012  -0.16513997 -0.03462011 -0.5271932  -0.08554816 -0.44023985  0.88263047 -0.9627215  -0.29218113  0.64331996 -0.623972    0.32640505  0.91712165  0.39135706]
 [ 0.36195678 -0.2011983  -0.05699289 -0.07324148  0.4072278   0.15405071  0.14550658 -0.4712985   0.2490617  -0.3119206  -0.22656564  0.10505689  0.10273583 -0.2491346   0.06433368]
 [ 0.24657351 -0.07027702 -0.79764664 -0.10181122  0.03345919  0.34431416 -0.43432516 -0.5241593  -0.50055885  0.35053465 -0.09242551 -0.00291676  0.39843586 -0.01699064 -0.1400728 ]
 [-0.15222123 -0.12682448  0.5021842   0.12044846 -0.38932773 -0.0913985   0.714386    0.41425943  0.26373234 -0.37142026  0.39633986 -0.75642014 -0.41269162 -0.34581986  0.19220892]
 [-0.65601    -0.0865176   0.552347   -0.19582795 -0.19294278 -0.38681397  0.05464278  1.0602171  -0.1854925  -0.67514986  0.36738896 -0.47640553  0.02698634  0.7885181   0.42777234]
 [-0.0765914  -0.09555449 -0.75775224 -0.26012066  0.32777295  0.11546137 -1.0842382   0.04847192 -0.97405905 -0.1983227  -0.05510124  0.3728146   0.85622925  1.0840715   0.3005794 ]
 [-0.6266527   0.6398389   0.01719234  0.7150491  -1.5232973  -0.04199363 -1.0880115   0.7934265  -1.5562285   0.4892626   0.3716488  -0.7144114  -0.2273536   0.48350033  0.13692804]]
R:
[[0.0202818  0.0202818  0.30479607 0.0202818  0.48513606 0.0202818  0.0202818  0.0202818  0.06809525 0.0202818 ]
 [0.02659868 0.02659868 0.3706974  0.02659868 0.02659868 0.34176716 0.02659868 0.02659868 0.10134467 0.02659868]
 [0.01435979 0.01435979 0.25911486 0.01435979 0.45990646 0.13450138 0.01435979 0.01435979 0.06031854 0.01435979]
 [0.02102144 0.02102144 0.20180012 0.02102144 0.41789138 0.19102225 0.02102144 0.02102144 0.06315754 0.02102144]
 [0.02014995 0.02014995 0.24516934 0.02014995 0.35245126 0.23135138 0.02014995 0.02014995 0.05012833 0.02014995]
 [0.01637885 0.01637885 0.2175418  0.01637885 0.4554981  0.17315812 0.01637885 0.01637885 0.05552892 0.01637885]
 [0.01125793 0.01125793 0.21493104 0.01125793 0.44207382 0.2294952  0.01125793 0.01125793 0.04595232 0.01125793]
 [0.00512462 0.00512462 0.2524442  0.00512462 0.44130793 0.23276906 0.00512462 0.00512462 0.04273111 0.00512462]
 [0.01453738 0.01453738 0.3027347  0.01453738 0.33793736 0.1840333  0.01453738 0.01453738 0.08807036 0.01453738]
 [0.01458137 0.01458137 0.24340314 0.01458137 0.43996483 0.17213401 0.01458137 0.01458137 0.05700973 0.01458137]
 [0.01882298 0.01882298 0.2773642  0.01882298 0.3964781  0.15892015 0.01882298 0.01882298 0.05429965 0.01882298]
 [0.01351072 0.01351072 0.176032   0.01351072 0.48079047 0.20386238 0.01351072 0.01351072 0.05825085 0.01351072]
 [0.02202916 0.02202916 0.28055066 0.02202916 0.47343153 0.02202916 0.02202916 0.02202916 0.0918137  0.02202916]
 [0.01308234 0.01308234 0.20947212 0.01308234 0.5015675  0.1584637  0.01308234 0.01308234 0.05200263 0.01308234]
 [0.01473936 0.01473936 0.21731192 0.01473936 0.45429775 0.18228364 0.01473936 0.01473936 0.05767049 0.01473936]]
distance_matrix:
[[13.317048  18.710548  12.52372   12.981907  13.236839  12.557091  12.591396  12.506739  13.315599  12.543613  12.882061  12.609233  13.317118  12.384695  12.534575 ]
 [16.755575  20.531418  16.073673  16.195377  16.295593  16.03576   16.196735  16.302399  16.46043   16.02953   16.11129   16.24718   16.638374  16.107336  16.0572   ]
 [24.59782   28.953789  23.960026  24.24426   24.36723   23.984814  24.129253  24.15368   24.473253  23.959179  24.083212  24.194672  24.548153  23.983343  23.99929  ]
 [11.260369  14.579907  10.577818  10.60817   10.685051  10.518442  10.702332  10.852597  10.835606  10.51369   10.551825  10.748315  11.087011  10.648011  10.54372  ]
 [10.754411  12.781326   9.829294   9.561115   9.553637   9.631449   9.748081   9.995209   9.820876   9.650809   9.662658   9.807801  10.4726     9.878889   9.647506 ]
 [ 9.07462   12.048641   8.357479   8.592447   8.573756   8.423073   8.525333   8.492624   8.394143   8.323      8.370973   8.673876   8.906597   8.53579    8.4084425]
 [ 9.531319  11.454972   8.883593   8.765409   8.703701   8.832411   9.0601425  9.25409    8.704297   8.784888   8.666163   9.163634   9.241609   9.126509   8.86133  ]
 [ 9.803187  13.955972   8.969503   9.395187   9.484051   9.046558   9.046507   8.906801   9.354506   8.961457   9.1964245  9.170063   9.740308   8.985925   9.0067625]
 [12.529471  16.421959  11.89801   12.219002  12.288057  11.973839  12.10965   12.082809  12.210557  11.903505  11.9960575 12.213589  12.435202  12.007274  11.973734 ]
 [ 9.6031065 13.17171    8.705282   8.851589   8.949663   8.652117   8.691153   8.716589   9.023291   8.628127   8.818757   8.757971   9.455902   8.682658   8.633161 ]
 [ 8.3916    11.366582   7.5118117  7.685002   7.68594    7.5095716  7.539123   7.5145283  7.6119833  7.4353695  7.5588064  7.6744175  8.224992   7.595003   7.4822493]
 [14.644922  16.112972  13.735441  13.481714  13.431572  13.586937  13.710417  13.921277  13.484596  13.5627775 13.538101  13.7934675 14.286595  13.882513  13.588095 ]
 [13.091756  15.769248  11.927036  11.521791  11.676926  11.572487  11.614962  11.947622  12.232755  11.690255  11.888937  11.554086  12.800684  11.724988  11.579727 ]
 [ 9.223521  11.36928    8.473843   8.462215   8.394739   8.445124   8.586342   8.6867285  8.349422   8.377259   8.336372   8.722421   8.9794     8.674566   8.450144 ]
 [ 8.733549  11.701721   7.5751214  7.516377   7.59966    7.3910794  7.336799   7.422559   7.8282833  7.4053717  7.65361    7.391124   8.530886   7.4531603  7.357029 ]]
