hid1:
[[0.01085332 0.05005705 0.01627705 0.         0.04949713 0.01287654 0.         0.0242488  0.05150682 0.         0.         0.0268471  0.19636774 0.12928264 0.1645742 ]
 [0.11782011 0.         0.06274221 0.12198016 0.01482738 0.13358286 0.00604744 0.05865206 0.11206032 0.00724743 0.06332924 0.13220148 0.08828735 0.03713865 0.0208973 ]
 [0.16420098 0.         0.02826026 0.01202312 0.04105334 0.11565972 0.01759174 0.03665502 0.0777753  0.         0.05396783 0.1530279  0.         0.         0.        ]
 [0.18457    0.03691387 0.0574353  0.11299802 0.05369728 0.08212131 0.07389179 0.02507173 0.0676682  0.         0.10374186 0.0556625  0.07459345 0.10377362 0.07853104]
 [0.05620663 0.03356849 0.04953134 0.09649902 0.06874079 0.07848518 0.09120579 0.         0.12158906 0.         0.03517441 0.12515353 0.0843993  0.08020748 0.04374191]
 [0.05820276 0.01088128 0.10883964 0.07112061 0.07100864 0.07623293 0.10293616 0.00371509 0.07166951 0.         0.02987645 0.10864237 0.09134491 0.08432539 0.        ]
 [0.13526794 0.06491117 0.05117857 0.08023105 0.09789086 0.08153218 0.05689307 0.02246517 0.0875869  0.00520858 0.13094881 0.00962288 0.1071478  0.03545522 0.05892808]
 [0.1542305  0.14895129 0.07326831 0.06764179 0.11417406 0.0689809  0.11020839 0.12787704 0.04944829 0.00463509 0.09308087 0.03303894 0.06055934 0.09981666 0.02879008]
 [0.21314016 0.04506135 0.         0.         0.10471063 0.13473529 0.         0.04307245 0.00399937 0.07314066 0.10984265 0.0530849  0.         0.         0.        ]
 [0.06651317 0.0304912  0.10829592 0.         0.0975008  0.0515547  0.09780812 0.07018279 0.07522836 0.         0.08247153 0.         0.03536812 0.09966459 0.0654085 ]
 [0.13319854 0.02507669 0.04959659 0.08903965 0.14343649 0.08866104 0.08593006 0.04778714 0.04005556 0.02174358 0.11320738 0.05491383 0.03380767 0.01156513 0.10323403]
 [0.11438308 0.04717692 0.08067439 0.08555953 0.06420071 0.09639328 0.05019518 0.00860528 0.11850481 0.         0.09210391 0.03584918 0.1014142  0.0724756  0.10091187]
 [0.03436114 0.06368021 0.08026559 0.08061811 0.01912346 0.10817116 0.07920958 0.10913507 0.07083574 0.01232658 0.0554949  0.04758346 0.284154   0.1425685  0.1768612 ]
 [0.14347586 0.07268867 0.200918   0.15263645 0.03737737 0.06367263 0.11057969 0.0869576  0.00853607 0.02315393 0.1467427  0.10192341 0.05837336 0.15695077 0.09351181]
 [0.08462509 0.05259424 0.04779463 0.08971716 0.06597789 0.05111061 0.12013045 0.02925509 0.01356143 0.         0.04949943 0.04476551 0.1526599  0.12106506 0.10459225]]
hid2:
[[ 0.12332169  0.05041325  0.06082397  0.06470952  0.01833825  0.09568639  0.0661665   0.0121014   0.03963884 -0.05619989  0.0342324   0.03198926  0.07974012  0.0481347   0.07453641]
 [-0.00494487  0.00879346 -0.07045878 -0.03403245 -0.09561682  0.03455467 -0.02888079  0.05634044 -0.11523442  0.01228248  0.05149367 -0.03196157  0.0974317   0.04693884  0.07721011]
 [ 0.13690414  0.05253016  0.06148138  0.06725765  0.03229176  0.10048731  0.06975552 -0.00421252  0.0493835  -0.05287787  0.02722663  0.04178067  0.08488791  0.04317996  0.07375626]
 [ 0.11824515  0.04680511  0.04413567  0.05409768  0.01547789  0.09178838  0.0564701   0.0038732   0.02750649 -0.04434023  0.03043975  0.03215334  0.08658885  0.04413079  0.0740792 ]
 [ 0.12204985  0.04777709  0.04637934  0.05617783  0.01910421  0.09336966  0.05820942  0.00120857  0.0310738  -0.0450762   0.02929734  0.0344915   0.08698761  0.04392472  0.07382396]
 [ 0.1285916   0.04985809  0.0527454   0.06110863  0.02497042  0.09643001  0.0627129  -0.00127218  0.0386748  -0.04832074  0.02829811  0.03787173  0.08629258  0.04412171  0.07359885]
 [ 0.13791415  0.05213704  0.05900768  0.06525744  0.03363338  0.1006439   0.07015427 -0.00812472  0.04982684 -0.05050544  0.02564517  0.0427591   0.08636505  0.03988511  0.07417364]
 [ 0.14253625  0.05353923  0.06280843  0.06863844  0.03790284  0.10266399  0.07236937 -0.01026773  0.0543948  -0.05229237  0.02470065  0.04545528  0.08635495  0.04065482  0.07372704]
 [ 0.13403475  0.051843    0.06014071  0.06580968  0.02949963  0.09935452  0.06879343 -0.0019574   0.04699818 -0.05258887  0.02821592  0.03989488  0.08436921  0.04321512  0.07403618]
 [ 0.13165663  0.05105153  0.0569601   0.0641866   0.02754605  0.09801392  0.06536111 -0.00132997  0.04280882 -0.05082972  0.02831508  0.03918988  0.08532526  0.04477876  0.07351281]
 [ 0.12494802  0.04916932  0.05197637  0.05996117  0.02130281  0.09508632  0.06168013  0.00250582  0.03592169 -0.04872078  0.0299338   0.03532794  0.08518673  0.04490817  0.07387766]
 [ 0.13483146  0.05145494  0.05735374  0.06413081  0.03070913  0.09930375  0.06790464 -0.00549536  0.04635385 -0.05011519  0.02668498  0.04104625  0.08611884  0.04143559  0.07400224]
 [ 0.12888819  0.05175219  0.0630978   0.06769655  0.02383163  0.09777813  0.06712744  0.00770379  0.04356328 -0.05656032  0.03222593  0.03589954  0.08105238  0.0490106   0.07366975]
 [ 0.1399138   0.05318189  0.06091292  0.06922654  0.03563346  0.10114454  0.06654518 -0.00715799  0.04854243 -0.0518702   0.025594    0.04498297  0.08705781  0.0470536   0.07202982]
 [ 0.1343913   0.05126268  0.05634703  0.06373937  0.03041992  0.09897541  0.06674825 -0.00563397  0.04513959 -0.04948173  0.02655714  0.0410864   0.08657373  0.04201899  0.07375742]]
topics:
[[ 4.58909087e-02 -1.57044798e-01 -2.43651241e-01  1.28782140e-02 -9.92641002e-02  1.12721339e-01  1.50688171e-01  1.57942958e-02 -8.22416916e-02 -1.32424250e-01  1.02168433e-01 -4.50528800e-01 -1.18387833e-01 -1.00039914e-01 -1.11028224e-01]
 [-1.57320186e-01  3.56341809e-01  4.88524847e-02  2.53738016e-01 -8.40758681e-01 -4.82820868e-02 -6.39336184e-02  8.20286274e-01 -3.83457363e-01  4.10068572e-01  5.27139008e-01  7.86402076e-02  2.44046431e-02  3.60421926e-01 -1.20298728e-01]
 [-7.87433982e-02 -4.13225702e-04 -1.27348006e-01 -1.64721429e-01  2.01825604e-01  6.81549907e-02 -1.57029405e-01  9.22496393e-02 -5.43519109e-02 -2.14233309e-01 -1.18497424e-01  5.98148927e-02  1.30811766e-01  2.70557344e-01 -4.53118160e-02]
 [-1.16541781e-01 -1.23120651e-01  9.14127082e-02  1.63122073e-01 -3.93708721e-02  5.48001602e-02 -1.16544537e-01  1.68102473e-01 -2.34401688e-01 -1.23128906e-01  3.02834660e-01 -9.00621489e-02  6.16755337e-02  5.03028631e-01  1.29713058e-01]
 [ 1.56390920e-01  5.82663193e-02  7.73613006e-02  8.05258229e-02  5.02394699e-02  1.09141402e-01  8.08216631e-02 -1.40113654e-02  6.98683560e-02 -6.01497851e-02  2.30903756e-02  5.27529083e-02  8.46018121e-02  4.37907092e-02  7.26186633e-02]
 [ 7.44411945e-02 -1.02768466e-02 -2.41675273e-01 -1.30663276e-01  1.03070093e-02  4.17189412e-02 -7.95130581e-02 -1.97680667e-01 -1.36142626e-01  1.72600165e-01 -5.86540066e-02  6.18505739e-02  2.17833877e-01 -6.92453310e-02  7.19200671e-02]
 [-4.19862978e-02  8.37415084e-03  6.13929406e-02 -6.73633441e-02 -1.61297560e-01  5.66888675e-02  2.38750324e-01  1.42982945e-01  7.85523206e-02 -8.61568600e-02  1.11310594e-01 -1.39585614e-01 -2.51936056e-02 -1.92514896e-01  1.72906056e-01]
 [-1.01371199e-01 -1.87849507e-01  2.19088390e-01 -2.27956340e-01  6.56202659e-02 -3.12394083e-01  1.01035573e-01  1.85405344e-01  2.80849449e-02 -3.38033229e-01 -1.57115012e-02 -6.76799044e-02  1.73389912e-01  1.25715226e-01  2.91671127e-01]
 [ 3.31488661e-02 -1.61219582e-01 -3.27697337e-01 -2.35373348e-01  1.99892402e-01  6.17188849e-02 -2.43139282e-01 -4.37386148e-02 -2.32253373e-01 -1.90039083e-01 -7.92774335e-02  1.89508602e-01  3.72835159e-01  2.17356339e-01  2.57407993e-01]
 [-8.09023902e-02  3.70412856e-01  1.32824466e-01  3.52031767e-01 -6.10464156e-01  1.45342693e-01 -4.08886969e-01  1.35549679e-01 -4.10937786e-01  2.78675497e-01  1.03748413e-02 -1.80419385e-01 -1.82915956e-01  4.71557230e-02 -6.58438206e-02]]
R:
[[0.01482933 0.01482933 0.01482933 0.01482933 0.8367032  0.01482933 0.04466219 0.01482933 0.01482933 0.01482933]
 [0.06743022 0.06743022 0.06743022 0.06743022 0.06743022 0.29704434 0.16351385 0.06743022 0.06743022 0.06743022]
 [0.00778114 0.00778114 0.00778114 0.00778114 0.89034724 0.03028378 0.02490105 0.00778114 0.00778114 0.00778114]
 [0.01577964 0.01577964 0.01577964 0.01577964 0.7824207  0.06503864 0.04208314 0.01577964 0.01577964 0.01577964]
 [0.01416593 0.01416593 0.01416593 0.01416593 0.8020326  0.06205665 0.03674925 0.01416593 0.01416593 0.01416593]
 [0.01153405 0.01153405 0.01153405 0.01153405 0.84074855 0.04861665 0.02989652 0.01153405 0.01153405 0.01153405]
 [0.00632162 0.00632162 0.00632162 0.00632162 0.8877392  0.0413727  0.02663678 0.00632162 0.00632162 0.00632162]
 [0.00468404 0.00468404 0.00468404 0.00468404 0.91422546 0.03366529 0.01932101 0.00468404 0.00468404 0.00468404]
 [0.00895221 0.00895221 0.00895221 0.00895221 0.8761254  0.03149951 0.02970956 0.00895221 0.00895221 0.00895221]
 [0.01046916 0.01046916 0.01046916 0.01046916 0.8615368  0.03804085 0.02713831 0.01046916 0.01046916 0.01046916]
 [0.01325337 0.01325337 0.01325337 0.01325337 0.82490426 0.04670972 0.0356125  0.01325337 0.01325337 0.01325337]
 [0.00808828 0.00808828 0.00808828 0.00808828 0.8730693  0.04234811 0.02796469 0.00808828 0.00808828 0.00808828]
 [0.01287807 0.01287807 0.01287807 0.01287807 0.8643155  0.01287807 0.03265998 0.01287807 0.01287807 0.01287807]
 [0.00789083 0.00789083 0.00789083 0.00789083 0.90421367 0.03265978 0.00789083 0.00789083 0.00789083 0.00789083]
 [0.00847408 0.00847408 0.00847408 0.00847408 0.8697925  0.04468719 0.02620166 0.00847408 0.00847408 0.00847408]]
distance_matrix:
[[ 6.4185877 18.459026   6.453582   6.3468037  6.322781   6.333705   6.4539156  6.546091   6.4187946  6.3695335  6.3314986  6.404175   6.424984   6.46385    6.389467 ]
 [ 4.6456556 18.029823   4.555996   4.6435184  4.5828385  4.5263424  4.5453987  4.5931683  4.5477333  4.5291777  4.5575557  4.5285254  4.603775   4.5530424  4.5212235]
 [10.510968  24.014118  10.35436   10.465741  10.394209  10.32992   10.331194  10.369331  10.356085  10.33403   10.377106  10.321927  10.446861  10.326241  10.311621 ]
 [ 2.7564774 16.147663   2.693286   2.7778025  2.719936   2.6635094  2.6916914  2.7400951  2.6824207  2.6637592  2.689139   2.6709538  2.719306   2.6927042  2.664062 ]
 [ 2.9107437 16.322329   2.8503923  2.9379368  2.880715   2.8237925  2.8468294  2.8965807  2.838499   2.823493   2.8483806  2.8276196  2.8773975  2.8590984  2.822287 ]
 [ 2.8632803 16.014019   2.822976   2.8732681  2.8225732  2.7785864  2.820795   2.8786755  2.8065357  2.7849894  2.7976727  2.7954903  2.8378391  2.832139   2.7883992]
 [ 2.3511114 16.46774    2.2633715  2.4471378  2.3748155  2.2830591  2.2671614  2.294612   2.2616634  2.262024   2.3171716  2.2593393  2.2989655  2.2675238  2.2582555]
 [ 3.825179  15.803589   3.9209642  3.7977352  3.7820888  3.7973757  3.9372501  4.0348587  3.8785667  3.8301544  3.781468   3.8793068  3.8470783  3.9446697  3.8662124]
 [ 6.493058  16.753342   6.681217   6.3201046  6.344436   6.445242   6.686428   6.840149   6.6109295  6.5264587  6.4004025  6.5977983  6.567335   6.722932   6.5754085]
 [ 4.4827156 16.088753   4.5719833  4.4009237  4.390821   4.4241095  4.577903   4.686328   4.526474   4.4696484  4.4077106  4.516797   4.510129   4.5947905  4.500957 ]
 [ 3.551198  16.08408    3.5840397  3.5433035  3.511786   3.4994287  3.5893211  3.6697025  3.5530033  3.519908   3.4993272  3.5480099  3.5539608  3.6083431  3.538896 ]
 [ 2.4758463 16.390835   2.4139872  2.5676975  2.5018144  2.4203825  2.4211006  2.4558392  2.4073725  2.403738   2.4478402  2.4076452  2.4330368  2.4226818  2.4058385]
 [ 5.8801126 20.02877    5.7857695  5.973686   5.8992066  5.8051977  5.792494   5.816334   5.7863007  5.7832136  5.8415856  5.783738   5.8213425  5.7774734  5.780977 ]
 [ 4.1105747 17.848156   4.0665817  4.194112   4.1329474  4.060255   4.0769863  4.11687    4.0567102  4.0476894  4.083223   4.058275   4.072892   4.073456   4.0549474]
 [ 3.8983202 17.32933    3.8648748  3.9499931  3.8945756  3.8365602  3.8749714  3.922659   3.8516502  3.8327656  3.856215   3.8497982  3.864912   3.8646488  3.8432364]]
