hid1:
[[ 0.19279392 -0.53746945  0.58723164 -0.4121517   0.11447561 -0.20216718 -0.33682922 -0.07222801 -0.56295675  0.31402555 -0.16973537  0.2642327  -0.5646033  -1.4577388  -0.21437809]
 [-0.17765576 -1.4577388   0.3126005  -0.20122337 -0.2963832  -0.06109861 -0.4149031  -0.20701    -0.7490727   0.14185034  0.40891594  0.25746277 -1.4577388  -0.5717901  -0.23177639]
 [-0.11094627 -1.4577388  -1.4577388  -0.36346233 -0.25681058 -0.3043249  -0.30979925 -0.13773051 -0.04655945 -1.4577388  -1.4577388   0.1437976  -0.26559275 -0.6011637  -0.14382139]
 [-0.02205184 -0.3729539   0.2494629  -0.18485278  0.08385169 -0.22465369 -0.36488575 -0.04761949 -0.20908976 -1.4577388  -1.4577388   0.07515084 -0.3820144  -0.49724603 -0.11012512]
 [-0.27489105 -0.25816202  0.14238238 -0.34677178  0.1726762   0.28751886 -0.1284002  -0.06513958  0.11987201 -0.01546229  0.0533336  -0.01707737 -0.42151445 -0.2901472  -0.11527151]
 [ 0.02477112 -1.4577388   0.19009195 -0.23179859  0.13190717 -0.1670917  -0.27965233 -0.19446108 -0.38895637 -0.0710725  -0.22045955  0.18895236 -1.4577388  -0.47143114 -0.07047865]
 [-1.4577388  -1.4577388   0.39509887 -0.20563659  0.27079737  0.07398344 -0.4444291  -0.00606607 -0.33903039 -0.08853531  0.0450507   0.3230831  -0.3886423  -0.1612958  -0.21813479]
 [-1.4577388  -0.23291835  0.19996235 -0.02615215 -1.4577388  -0.17757204 -0.37693697 -0.14213163 -0.35983258 -0.06969601 -1.4577388   0.00689121 -0.28089076 -0.24647969  0.10976848]
 [-0.12632304 -1.4577388   0.05691607 -0.11393243  0.226772   -1.4577388  -0.30408853 -0.1613971  -0.438133   -1.4577388  -0.19263238  0.15796955 -0.3051811  -0.3089262  -0.01888916]
 [-1.0521425   0.3677266   0.5203748   0.2564975   0.36558658 -0.4699303  -0.5842997  -1.2520876  -1.3442872  -0.47813433  1.4268367  -0.3316744  -0.922299   -0.07444595 -0.94009674]
 [-0.27142623 -0.2928706  -0.05006158 -0.01948157  0.2656368  -0.2055209  -0.3550439  -0.07396524 -0.41591752 -0.05673946 -0.2208718  -1.4577388  -0.30631706 -0.13904208 -0.09059107]
 [-0.24926567 -0.25255826 -0.02412516  0.0314149   0.21091121 -1.4577388  -0.30128908 -0.14565286 -0.38806987 -0.15789035 -0.21912378  0.10901213 -0.19715643 -0.18805292 -1.4577388 ]
 [-0.53761894 -0.4624579  -0.13848191 -0.19679293  0.5239701   0.05797416 -0.0836817  -0.20032942 -0.5408055  -0.71036124  0.03283711  0.17493424 -0.09900567  0.01172735  0.12554334]
 [-0.14530316 -0.36252576  0.11789048 -0.15981674  0.07826041 -0.1898391  -0.3140003  -0.1306605  -0.18323156 -1.4577388  -0.35779202  0.10119282 -0.2281324  -0.39488488 -0.02709334]
 [-0.234532   -0.22334781 -1.4577388  -1.4577388   0.28794017 -1.4577388  -0.34743214 -0.18739447 -0.41536433 -0.2956633  -1.4577388  -0.00679815 -0.27119043 -0.03006724  0.09139593]]
hid2:
[[-1.01606093e-01 -2.59294212e-01  6.90319687e-02 -1.05471209e-01  1.60787210e-01 -1.92635357e-01 -2.52988398e-01 -2.06480876e-01 -4.10454780e-01  1.41485576e-02 -7.45568499e-02  8.87511745e-02 -1.86295033e-01 -3.57907563e-01 -9.34661403e-02]
 [-1.21869415e-01 -3.15056950e-01 -5.56492619e-02  5.89358509e-02  2.62549758e-01 -1.36664242e-01 -3.18444997e-01 -1.29642084e-01 -2.78518558e-01 -3.33552688e-01 -2.72159934e-01 -3.36204097e-03 -2.47338608e-01 -9.81494933e-02  6.65320456e-02]
 [-1.37237340e-01 -2.33253330e-01  4.50433493e-02 -8.76253843e-02  1.84231326e-01 -1.90889508e-01 -2.95944989e-01 -1.98476091e-01 -3.73665810e-01  2.55192630e-03 -9.64255333e-02  1.13062978e-01 -1.90834686e-01 -3.35111290e-01 -5.61664253e-02]
 [-1.40516058e-01 -2.53112823e-01 -2.45091709e-04 -4.62696850e-02  2.05043659e-01 -1.73205405e-01 -2.88967162e-01 -1.78556755e-01 -3.64628464e-01 -9.67005119e-02 -1.36048153e-01  9.01035517e-02 -2.12458536e-01 -2.66162127e-01 -1.52556580e-02]
 [-1.29511937e-01 -3.11696768e-01 -7.05103427e-02  6.66410401e-02  2.61442900e-01 -1.28778219e-01 -3.23191136e-01 -1.20099269e-01 -2.66239941e-01 -3.41351658e-01 -2.69649863e-01  8.85819085e-04 -2.52929717e-01 -8.57869536e-02  7.89306536e-02]
 [-9.08218622e-02 -2.62286305e-01  9.10383314e-02 -1.15249768e-01  1.56216785e-01 -1.98593602e-01 -2.54511595e-01 -2.12945461e-01 -4.10095751e-01  3.34873348e-02 -7.24889487e-02  8.26106742e-02 -1.78213701e-01 -3.74438375e-01 -1.10136822e-01]
 [-1.15561098e-01 -3.68886530e-01 -1.26211196e-01  1.76063508e-01  3.19385022e-01 -8.92056525e-02 -3.69957656e-01 -6.52139783e-02 -1.55994713e-01 -5.75124502e-01 -4.09393609e-01 -9.11142752e-02 -2.87897319e-01  8.73850062e-02  1.67008638e-01]
 [-1.01343505e-01 -3.28140587e-01 -4.37723435e-02  5.46266288e-02  2.35329315e-01 -1.23929910e-01 -3.13516557e-01 -1.15815729e-01 -2.54790246e-01 -3.16216022e-01 -2.49933779e-01 -2.03152299e-02 -2.47048870e-01 -1.02697730e-01  5.05144522e-02]
 [-1.21612161e-01 -3.03266674e-01 -3.74895893e-02  3.81401703e-02  2.44077399e-01 -1.39745444e-01 -3.23290586e-01 -1.33019000e-01 -2.73575246e-01 -2.76391238e-01 -2.41731644e-01  1.08343428e-02 -2.38580167e-01 -1.32276624e-01  4.74470891e-02]
 [-1.22799277e-01 -3.30162734e-01 -8.49906355e-02  9.81839523e-02  2.75612414e-01 -1.15989491e-01 -3.36275637e-01 -1.02731824e-01 -2.31550977e-01 -4.08126920e-01 -3.08568835e-01 -2.83419024e-02 -2.62955099e-01 -3.56560275e-02  1.02659680e-01]
 [-1.25260875e-01 -2.53759801e-01  3.31074409e-02 -6.36617243e-02  1.87207833e-01 -1.76547989e-01 -2.97415078e-01 -1.81214422e-01 -3.47949326e-01 -5.02666719e-02 -1.19140960e-01  8.46504048e-02 -2.00407311e-01 -2.95355231e-01 -4.17891815e-02]
 [-1.20289817e-01 -2.65800416e-01  2.55441498e-02 -4.99836616e-02  1.98910415e-01 -1.74921855e-01 -2.92144358e-01 -1.79624155e-01 -3.51831555e-01 -9.06748846e-02 -1.41605824e-01  6.96250796e-02 -2.05228180e-01 -2.72735447e-01 -3.26652639e-02]
 [-1.67736396e-01 -2.66170919e-01 -8.49479139e-02  3.33739407e-02  2.44241968e-01 -1.36182591e-01 -3.20208430e-01 -1.30793437e-01 -2.96221197e-01 -2.50855565e-01 -2.06945330e-01  6.71240464e-02 -2.49476686e-01 -1.39228925e-01  7.50916526e-02]
 [-1.08721934e-01 -2.81034529e-01  1.10892477e-02 -4.46057394e-02  1.83439776e-01 -1.61117747e-01 -2.68247038e-01 -1.67328164e-01 -3.57438058e-01 -1.08863235e-01 -1.27188638e-01  5.70598133e-02 -2.14518353e-01 -2.59365022e-01 -3.28315347e-02]
 [-1.73548982e-01 -2.25978613e-01 -2.22021416e-02 -4.31897566e-02  2.18690261e-01 -1.75767869e-01 -3.09350580e-01 -1.79104909e-01 -3.59866738e-01 -8.72714445e-02 -1.36006445e-01  1.23046510e-01 -2.15422079e-01 -2.64363050e-01  8.29543546e-03]]
topics:
[[-1.04583299e+00  4.19790208e-01 -8.26239228e-01  3.57842296e-02  5.50913215e-01 -2.16732889e-01 -4.79435414e-01 -2.18436062e-01 -6.72719538e-01 -4.03184593e-02 -1.24938954e-02  1.02436888e+00 -3.85944903e-01 -1.68566287e-01  6.54329598e-01]
 [-5.88819943e-02 -2.34760866e-01  1.94927990e-01 -2.52189457e-01  7.86625370e-02 -2.51785427e-01 -1.65118903e-01 -2.89066344e-01 -5.66901684e-01  2.90450096e-01  8.10097083e-02  1.43400148e-01 -1.29412889e-01 -5.86990416e-01 -2.52136469e-01]
 [-1.01975314e-01 -3.93352807e-01 -1.35111421e-01  2.07770497e-01  3.33641499e-01 -7.73071572e-02 -3.79589885e-01 -4.91779372e-02 -1.23530887e-01 -6.46954119e-01 -4.52378958e-01 -1.28107712e-01 -2.96775967e-01  1.38078153e-01  1.86312467e-01]
 [-2.31840044e-01  6.38702691e-01  9.99736115e-02  7.17194453e-02  6.53272569e-01 -2.01071858e-01 -2.87166059e-01 -1.48394987e-01 -7.28657842e-01 -3.84740978e-01  7.86894798e-01  2.52057999e-01 -8.20103809e-02  1.50183350e-01  5.55482693e-02]
 [ 1.22857280e-03 -3.56620491e-01 -5.95019571e-02 -2.01571044e-02 -1.62600636e-01  8.29916447e-02 -2.71868974e-01  1.08738348e-01  5.94628528e-02  5.48975617e-02  2.09592283e-01 -3.56847644e-02 -2.85629332e-01 -1.89355180e-01 -5.94349355e-02]
 [-1.94391549e-01 -2.62062043e-01  7.18461052e-02  9.55532253e-01  5.75012684e-01  7.17043698e-01  1.59569338e-01  7.06080079e-01 -1.16128623e+00  5.42388320e-01 -1.74748629e-01  2.18171880e-01  1.75856709e-01  1.86404541e-01  7.37668455e-01]
 [-1.24342740e-01 -1.23416923e-01  3.48209947e-01 -2.61076272e-01  1.56184286e-01 -3.10459137e-01 -4.74506915e-01 -3.10498029e-01 -2.83904642e-01  4.66313660e-01 -3.85239199e-02  1.91019297e-01 -5.10368645e-02 -6.49062037e-01 -2.41236925e-01]
 [-3.35833460e-01 -2.98908174e-01 -5.97127005e-02  8.85506868e-01  5.88693023e-01  9.14868057e-01  3.94916624e-01  7.48628855e-01 -1.22439373e+00  7.23621547e-01 -1.57041490e-01  2.71096319e-01  7.79681623e-01 -6.45676911e-01  3.61500114e-01]
 [-1.14412332e+00  6.48154736e-01  2.09770929e-02  5.46422079e-02  6.84734523e-01 -2.25916505e-01 -3.42004836e-01 -2.17622012e-01 -9.30127740e-01 -3.95668298e-01 -8.66669267e-02  1.23010981e+00 -3.79477382e-01  2.75214344e-01  8.87837529e-01]
 [-1.80872500e-01 -2.99118400e-01 -6.59291208e-01  4.21269655e-01  5.58350682e-01  6.70058370e-01  4.16995943e-01  7.51518071e-01 -5.17695904e-01 -3.74126166e-01  8.49163294e-01  1.55767724e-01  6.21993005e-01  9.78648365e-02  1.49282068e-02]]
R:
[[2.98852101e-02 6.07412636e-01 2.84319580e-01 9.60462421e-06 3.31959613e-02 9.60462421e-06 4.51384932e-02 9.60462421e-06 9.60462421e-06 9.60462421e-06]
 [3.47659029e-02 3.03949594e-01 6.54597998e-01 2.13992516e-05 2.13992516e-05 2.13992516e-05 6.55813981e-03 2.13992516e-05 2.13992516e-05 2.13992516e-05]
 [5.95455356e-02 4.57419217e-01 3.01415265e-01 3.69065056e-05 4.25672308e-02 3.69065056e-05 1.38868228e-01 3.69065056e-05 3.69065056e-05 3.69065056e-05]
 [6.41107708e-02 4.58899468e-01 3.91922027e-01 1.27350004e-05 3.27829942e-02 1.27350004e-05 5.22210449e-02 1.27350004e-05 1.27350004e-05 1.27350004e-05]
 [4.38019447e-02 2.73809791e-01 6.53922379e-01 9.52632472e-05 2.21636258e-02 9.52632472e-05 5.82592329e-03 9.52632472e-05 9.52632472e-05 9.52632472e-05]
 [1.71183441e-02 6.09609008e-01 2.74984121e-01 2.87946241e-05 2.61311363e-02 2.87946241e-05 7.20135123e-02 2.87946241e-05 2.87946241e-05 2.87946241e-05]
 [1.74056347e-02 5.22461236e-02 9.16640699e-01 3.36388871e-06 7.18897115e-03 3.36388871e-06 6.50171936e-03 3.36388871e-06 3.36388871e-06 3.36388871e-06]
 [1.83116347e-02 2.92607397e-01 6.28580987e-01 2.80021723e-05 5.33579364e-02 2.80021723e-05 7.00205611e-03 2.80021723e-05 2.80021723e-05 2.80021723e-05]
 [3.58795486e-02 2.86993414e-01 5.94298482e-01 3.92250222e-05 3.00306343e-02 3.92250222e-05 5.26018366e-02 3.92250222e-05 3.92250222e-05 3.92250222e-05]
 [3.37792821e-02 2.08238870e-01 7.28657961e-01 7.59376344e-05 2.27148328e-02 7.59376344e-05 6.22928236e-03 7.59376344e-05 7.59376344e-05 7.59376344e-05]
 [4.74372245e-02 4.28176850e-01 3.54453504e-01 3.44122564e-05 5.48552386e-02 3.44122564e-05 1.14905104e-01 3.44122564e-05 3.44122564e-05 3.44122564e-05]
 [4.11984771e-02 4.46901232e-01 3.99448723e-01 4.09977147e-05 3.09614036e-02 4.09977147e-05 8.12851861e-02 4.09977147e-05 4.09977147e-05 4.09977147e-05]
 [8.91905949e-02 2.96114832e-01 5.34439027e-01 7.15155547e-05 6.02166578e-02 7.15155547e-05 1.96813494e-02 7.15155547e-05 7.15155547e-05 7.15155547e-05]
 [3.65770012e-02 5.05962610e-01 3.98196489e-01 6.44525717e-05 5.88771552e-02 6.44525717e-05 6.44525717e-05 6.44525717e-05 6.44525717e-05 6.44525717e-05]
 [9.56047177e-02 3.95312160e-01 3.77743363e-01 1.97027002e-05 3.65916491e-02 1.97027002e-05 9.46495309e-02 1.97027002e-05 1.97027002e-05 1.97027002e-05]]
distance_matrix:
[[ 58.20764   75.59708   59.25357   61.939693  76.586296  58.011112 100.46272   74.94983   72.489006  82.54332   60.89063   61.989452  70.754814  62.053047  62.25803 ]
 [ 77.68479   91.03744   78.18108   79.98862   91.98202   77.629944 113.15803   90.81232   88.5163    97.19007   79.36807   80.06446   87.136734  80.325195  80.17243 ]
 [ 59.89617   69.036545  59.804848  60.77904   69.7037    59.999104  87.766975  68.50885   66.80484   73.96966   60.239246  60.741764  65.82152   60.868538  60.957714]
 [ 54.918625  60.447685  55.06769   54.7871    61.14258   55.24386   76.860435  60.30517   59.037865  64.75765   54.961906  54.862362  58.390137  54.687637  55.233406]
 [ 53.15451   52.69159   52.211914  50.605206  52.997795  53.86769   64.784195  52.64534   51.853043  55.47889   51.298763  50.87569   51.102764  50.656593  50.64898 ]
 [ 32.78837   36.359367  32.387997  32.020382  37.011078  33.03989   51.124344  36.184734  35.000084  40.150253  32.02071   31.876648  34.872604  32.01979   32.381012]
 [ 57.68667   62.51487   57.264538  57.147884  63.16034   57.966106  78.344376  62.42781   61.007027  66.62576   57.164524  57.155342  60.436733  57.33104   57.32777 ]
 [ 65.95909   67.862114  65.385574  64.66969   68.45999   66.2547    81.3467    67.67264   66.681816  71.23749   64.747734  64.47349   66.787865  64.607544  65.05886 ]
 [ 68.39505   64.83295   67.44879   65.37961   65.23265   68.9305    74.23159   64.61414   64.33806   66.86741   65.89855   65.13711   64.99514   65.03093   65.90804 ]
 [223.61276  215.45045  220.89322  217.71947  215.2861   224.82483  222.21675  215.8695   215.35141  216.4041   219.14911  218.33653  214.26877  218.38956  216.93855 ]
 [ 56.211555  57.881416  55.31041   54.48675   58.364624  56.662373  71.425644  57.86342   56.712906  61.217262  54.770844  54.548252  56.230747  54.704407  54.53706 ]
 [ 48.97986   48.896156  48.06521   46.703144  49.203537  49.57917   60.992935  48.583344  47.87789   51.65561   47.105797  46.783962  47.42075   46.59037   46.868595]
 [ 68.26718   53.30922   65.50712   60.855633  53.119377  69.46536   54.601707  53.4853    54.07699   52.60176   62.446743  60.90632   54.860245  60.775597  60.79826 ]
 [ 49.968796  52.120697  49.13243   48.648914  52.78415   50.198933  65.90565   52.180405  50.900116  55.655342  48.684444  48.447704  51.004547  48.908424  48.84572 ]
 [ 59.679176  49.477974  57.853954  53.94356   49.528618  60.777805  54.52667   49.772636  49.939484  50.053207  55.507977  54.168644  50.16405   53.852394  54.048454]]
