hid1:
[[0.02268625 0.02789657 0.02608522 0.02789548 0.02613521 0.01868094 0.01755031 0.03141285 0.02648395 0.02650444 0.03195968 0.01648051 0.02358605 0.03899169 0.02732437]
 [0.02683964 0.02781365 0.02267636 0.02408644 0.02725938 0.01474471 0.01764849 0.03232716 0.02994448 0.02785156 0.03671644 0.02063284 0.02163666 0.04001071 0.02752282]
 [0.02093785 0.02804632 0.02471378 0.02680377 0.02548691 0.02032257 0.01977896 0.03156255 0.02902577 0.02331438 0.03373776 0.01691813 0.02226271 0.03411726 0.02528581]
 [0.02328831 0.03188895 0.02619445 0.02641294 0.0295925  0.02074933 0.02050119 0.03018536 0.03054126 0.02648739 0.03753114 0.01641399 0.02172044 0.02903941 0.03011982]
 [0.0232879  0.02589245 0.02099159 0.02607331 0.02430866 0.01822611 0.01653726 0.03031154 0.02522205 0.02647521 0.032934   0.02072687 0.02189884 0.02193831 0.02687426]
 [0.02270781 0.0282213  0.0228487  0.02364942 0.02613769 0.01591771 0.01974449 0.0309187  0.03019479 0.02633248 0.03265709 0.01965087 0.02003066 0.02996397 0.0257994 ]
 [0.020995   0.02736864 0.02558939 0.02611857 0.02548738 0.02069189 0.02116572 0.03076632 0.02702456 0.02824318 0.03073608 0.0182255  0.02118499 0.02347666 0.02430922]
 [0.02467464 0.02319514 0.02223599 0.02117834 0.02638862 0.0134441  0.0157515  0.02984072 0.02595794 0.02328323 0.03333294 0.01566555 0.02093588 0.02024333 0.02276987]
 [0.02836502 0.03142045 0.0221413  0.0262198  0.02227749 0.01222327 0.01958149 0.03438058 0.02578072 0.02572813 0.032017   0.02016946 0.01848397 0.02482769 0.02316497]
 [0.0262184  0.02529167 0.02094843 0.03185    0.02300053 0.01721838 0.02334523 0.02928711 0.0256018  0.03050267 0.029788   0.01977918 0.0184444  0.01576624 0.02010908]
 [0.02229114 0.0286931  0.02225776 0.0241483  0.02761471 0.01395978 0.01870774 0.02423136 0.02378343 0.02431986 0.02842841 0.01350343 0.02050374 0.0162263  0.02455438]
 [0.02460496 0.02787    0.02107282 0.02320849 0.01902803 0.01738468 0.01966128 0.02491967 0.02137593 0.02528939 0.02830832 0.0194647  0.02134556 0.01644415 0.02415687]
 [0.01361929 0.0266504  0.02202662 0.0228656  0.02378005 0.0187261  0.01943564 0.02164949 0.02565944 0.02066987 0.03264479 0.02023592 0.02105666 0.         0.02288143]
 [0.03348086 0.02975387 0.02885869 0.03520747 0.03104553 0.02064222 0.03443296 0.0244109  0.03607984 0.03650912 0.03550975 0.02834343 0.02426893 0.         0.0328935 ]
 [0.00632915 0.03259251 0.02513583 0.03623882 0.02274972 0.0276523  0.01884174 0.01189194 0.01227136 0.02600705 0.02430528 0.0249408  0.02268019 0.         0.02714732]]
hid2:
[[0.02294996 0.03219416 0.02766681 0.02719321 0.03227691 0.02622742 0.0206092  0.02506095 0.02895865 0.02665493 0.02994399 0.01610684 0.0201797  0.01670549 0.02407561]
 [0.01997804 0.01983339 0.0179982  0.02288385 0.03435628 0.01310449 0.02722993 0.02920224 0.02919648 0.03089145 0.04189606 0.02279003 0.01557728 0.02771407 0.03324229]
 [0.02322315 0.02776619 0.02479124 0.02592464 0.02532728 0.01841668 0.01943575 0.02854466 0.02735881 0.02377319 0.03053713 0.01572114 0.0203979  0.02106084 0.02332817]
 [0.02236724 0.02772643 0.02458228 0.02626399 0.02612334 0.01758558 0.01864218 0.02841182 0.02716466 0.02449375 0.03133378 0.01572932 0.02021376 0.02168811 0.02367961]
 [0.02109152 0.02604138 0.02483129 0.02544338 0.02278811 0.01670418 0.02001509 0.02721918 0.02685801 0.02451279 0.03069885 0.0171358  0.019886   0.02038787 0.02298746]
 [0.02175469 0.02679662 0.02477664 0.02566567 0.02410416 0.01726565 0.01954811 0.02773482 0.02703295 0.02440893 0.03080812 0.01651608 0.0200356  0.02082756 0.02325449]
 [0.02224519 0.02693132 0.02470591 0.02583162 0.02441354 0.01758212 0.01974026 0.02796581 0.02719743 0.02413273 0.03081232 0.0164307  0.020188   0.02092089 0.02322338]
 [0.02315772 0.02780103 0.0247798  0.02579806 0.02534927 0.01838453 0.01941436 0.02850985 0.02737224 0.02392427 0.03056951 0.01574142 0.02030025 0.02110602 0.02342752]
 [0.01964543 0.02511177 0.02498758 0.02519285 0.02124994 0.01571805 0.02014379 0.02635076 0.02642963 0.02503426 0.03068331 0.01788646 0.019575   0.01981612 0.0227283 ]
 [0.0207635  0.02111084 0.0219028  0.03122293 0.03167377 0.01901211 0.02388835 0.02997967 0.02711437 0.02030426 0.03498302 0.01874873 0.02316745 0.02147513 0.0230581 ]
 [0.02279359 0.02782259 0.02466013 0.02610773 0.02586592 0.01797208 0.01897941 0.02849311 0.02726511 0.02426929 0.03102449 0.01571738 0.02024709 0.02145242 0.02358668]
 [0.02296487 0.02650063 0.02258767 0.01973223 0.02698519 0.0108711  0.02011719 0.02737741 0.02765801 0.03249777 0.036583   0.01774191 0.0142676  0.02543051 0.03271292]
 [0.01822449 0.02854499 0.0285479  0.02569454 0.0257389  0.02397286 0.02289841 0.02129407 0.02799955 0.02810505 0.02914196 0.01961785 0.01907824 0.01350239 0.02278978]
 [0.02174844 0.02676423 0.02479909 0.0254912  0.02386251 0.01732983 0.01967657 0.02769845 0.02705004 0.02441308 0.03067872 0.01657877 0.01998067 0.02073397 0.02322411]
 [0.01710618 0.01651366 0.02237871 0.02985832 0.02431071 0.01710498 0.02731947 0.02715559 0.0262139  0.02000737 0.03370559 0.02230122 0.02272659 0.0181871  0.021181  ]]
topics:
[[-3.42461318e-02 -1.35695599e-02  1.57531276e-02 -7.01601133e-02  4.89090336e-03  4.77376357e-02  4.42223214e-02  2.82097757e-02  3.50716487e-02  8.81787203e-03 -3.23494640e-03  2.21179370e-02  7.73977721e-03  1.85613483e-02  3.96945886e-02]
 [ 1.72200188e-01  9.66169089e-02  1.94522832e-02  4.63060364e-02  1.30205378e-01  1.39500901e-01  6.72111958e-02  8.65441635e-02  8.19926262e-02 -4.11647223e-02  1.49782114e-02 -2.28478666e-02  5.41277714e-02  3.61612067e-02  2.97814198e-02]
 [ 3.28874178e-02 -1.44391283e-02  3.19720618e-02  8.22287053e-02  1.82965901e-02  3.78676802e-02  1.53287709e-01 -5.96130900e-02  7.27501437e-02  4.91057746e-02  8.08920935e-02  1.23925798e-01  2.03019958e-02 -3.30636650e-02  1.30564887e-02]
 [ 2.64852867e-02  9.53350365e-02  4.97238114e-02 -2.03587506e-02 -2.03079004e-02 -1.06248949e-02 -4.75792959e-02  9.88965482e-03  2.38214079e-02  7.95366317e-02  5.47754904e-03 -1.54909706e-02 -1.38107408e-02  3.21021751e-02  3.63805704e-02]
 [-1.53324055e-02 -5.16637675e-02  6.03796840e-02  1.13648877e-01 -4.98611713e-03 -7.57796764e-02 -2.43922491e-02 -3.52578657e-03 -4.39737998e-02 -2.83070989e-02  4.77003157e-02 -6.57207056e-05  6.52744398e-02 -4.80125993e-02  1.03880875e-02]
 [ 2.86638495e-02 -3.99269797e-02 -3.18867750e-02  1.19296722e-02 -6.75543025e-02 -1.27489403e-01 -2.32649315e-02  1.01095475e-01 -2.82003754e-03 -2.05957666e-02  5.44377267e-02 -3.53759318e-03  2.43369564e-02  1.17834114e-01  1.95224397e-02]
 [-4.19447899e-01  5.42702004e-02  5.56244776e-02  2.67401580e-02  6.00096345e-01 -2.02379897e-01 -3.99227828e-01  1.78157240e-02 -9.11482275e-02  3.61420155e-01  3.22814316e-01 -1.12773389e-01 -4.69476618e-02  3.71790439e-01  2.15993479e-01]
 [-3.29912198e-03  1.75062679e-02  4.22235392e-02  6.58967793e-02 -1.64001454e-02  5.31140640e-02  1.72658470e-02  2.14345362e-02  1.76074747e-02 -3.10484748e-02 -1.28771365e-02  1.58496574e-02  5.95607162e-02 -1.91978384e-02 -5.03372401e-02]
 [ 4.69792560e-02  1.25921488e-01 -9.93636176e-02  7.43042827e-02  3.95388976e-02  7.10866079e-02  1.67228505e-02  1.77660994e-02  1.14977494e-01  6.02535270e-02  5.54951616e-02  7.26915672e-02 -1.84366331e-02  2.56666308e-03  4.12427858e-02]
 [ 6.91891164e-02  4.64071147e-02  3.72451022e-02  4.61792462e-02 -3.09769306e-02 -1.70799512e-02  1.45240976e-02  4.74660210e-02 -2.12058015e-02  7.23128244e-02  2.51562037e-02  1.23536149e-02 -1.17794406e-02 -2.05471106e-02  3.60944830e-02]]
R:
[[0.1794049  0.1511555  0.12238745 0.12757076 0.0566814  0.0322036  0.0322036  0.14920291 0.0322036  0.11698625]
 [0.23010741 0.13793539 0.16997537 0.04064197 0.04064197 0.11276344 0.04064197 0.04064197 0.04064197 0.14600857]
 [0.17418559 0.13902733 0.11884232 0.12172942 0.05260334 0.08218517 0.02856867 0.1432921  0.02856867 0.1109974 ]
 [0.17184587 0.13717528 0.11967655 0.12113206 0.05334283 0.08351044 0.03026344 0.14219388 0.03026344 0.11059621]
 [0.1791665  0.12376099 0.12622367 0.12243572 0.05179516 0.08469079 0.02780401 0.1447144  0.02780401 0.11160475]
 [0.17690538 0.12982328 0.12313209 0.12227421 0.05236621 0.08363134 0.02856937 0.14358331 0.02856937 0.11114547]
 [0.17582352 0.1325452  0.12300549 0.12104852 0.05205141 0.08408741 0.02850307 0.14359328 0.02850307 0.110839  ]
 [0.1747873  0.13871285 0.11900747 0.12220627 0.05231297 0.08203056 0.02864338 0.14242418 0.02864338 0.11123164]
 [0.1820856  0.11394623 0.12959257 0.12347157 0.05184404 0.08479431 0.02742488 0.1468106  0.02742488 0.11260537]
 [0.18555239 0.14749546 0.13228936 0.03553373 0.06031613 0.09303328 0.03553373 0.15294023 0.03553373 0.12177203]
 [0.17273405 0.13823043 0.11934511 0.1214035  0.05271704 0.08281633 0.02961376 0.14224654 0.02961376 0.11127945]
 [0.20583443 0.13223356 0.14458661 0.14001384 0.059069   0.09623898 0.03160216 0.03160216 0.03160216 0.12721711]
 [0.19594507 0.11516073 0.13919798 0.13183413 0.05474955 0.02879786 0.02879786 0.15686715 0.02879786 0.11985179]
 [0.17793667 0.1291999  0.12325095 0.1226306  0.05176429 0.08344468 0.02831266 0.14365792 0.02831266 0.11148969]
 [0.20420559 0.11510493 0.1477843  0.03050267 0.05775057 0.09508479 0.03050267 0.16325225 0.03050267 0.12530954]]
distance_matrix:
[[0.5688381  1.3479214  0.37680817 0.38707542 0.4644165  0.4200673  0.40432072 0.3779111  0.5591469  0.65914536 0.38076973 0.7542801  0.80755615 0.42420483 0.89183044]
 [0.6300993  1.3870754  0.43334675 0.44264412 0.5221567  0.47709608 0.46091843 0.4344344  0.6180973  0.70806503 0.43670654 0.80642796 0.8741932  0.48143482 0.94575024]
 [0.46922493 1.2186565  0.27362728 0.2814331  0.3534794  0.31187296 0.29736805 0.2745204  0.44343853 0.5456829  0.27622604 0.6420641  0.6914549  0.31592464 0.7643385 ]
 [0.48031807 1.2256594  0.28700638 0.29437447 0.36946583 0.32664442 0.3117094  0.28786802 0.4612112  0.56156445 0.28923607 0.6460476  0.7097864  0.33091736 0.78827095]
 [0.5145488  1.2389603  0.2855525  0.29408598 0.32950163 0.30344677 0.2944541  0.28584003 0.39724684 0.5932255  0.28929377 0.632215   0.64775705 0.30538702 0.7265601 ]
 [0.55180836 1.2478018  0.34038734 0.34779453 0.40917873 0.3723998  0.35873508 0.3411584  0.49327374 0.602931   0.342865   0.69231796 0.7494364  0.3759966  0.7961149 ]
 [0.42953062 1.1396389  0.19066954 0.19702673 0.22142935 0.20051193 0.1938796  0.19069481 0.28058767 0.50011826 0.19332838 0.5362725  0.5321708  0.20196295 0.6060958 ]
 [0.4265194  1.1837225  0.20145035 0.20833778 0.24241447 0.21708441 0.20966148 0.20160437 0.3069563  0.5166254  0.204319   0.56531334 0.5517101  0.21890831 0.64530945]
 [0.49862862 1.1435785  0.2799616  0.28610706 0.33554363 0.3041768  0.29199886 0.2804036  0.4123001  0.539546   0.28184223 0.5994282  0.6658745  0.30733395 0.7047405 ]
 [0.5701561  1.127305   0.28695393 0.28771973 0.2738533  0.27063513 0.26960087 0.28613234 0.30762386 0.57976437 0.286973   0.5675678  0.5747242  0.27067947 0.59342384]
 [0.5474496  1.190424   0.26902628 0.27023363 0.2476306  0.2477827  0.24971342 0.2679472  0.27411318 0.6037216  0.26954603 0.57863855 0.52659845 0.24697638 0.59716177]
 [0.6879482  1.2119837  0.35577583 0.35362053 0.2826929  0.30440474 0.3132639  0.3539176  0.27858162 0.6950846  0.35531902 0.6147795  0.54681206 0.3014965  0.5733423 ]
 [0.9998493  1.4069223  0.6166811  0.6069946  0.47514725 0.5244298  0.5438738  0.61332846 0.4289894  0.97881985 0.6128502  0.8196039  0.6985111  0.5186968  0.7112818 ]
 [1.1531096  1.5305815  0.7596321  0.7487631  0.6044493  0.6593385  0.6808729  0.7560668  0.5498009  1.1186094  0.7553339  0.9482374  0.8194914  0.6530962  0.8205223 ]
 [2.0123549  2.3047085  1.5826254  1.56709    1.4077396  1.4700112  1.4943581  1.5785537  1.3418818  1.9409523  1.5759611  1.7375212  1.6393442  1.4633427  1.607235  ]]
