hid1:
[[0.02397016 0.32640725 0.11849087 0.00537653 0.12537791 0.13090225 0.02828161 0.26530722 0.1490728  0.38892323 0.21574378 0.26819283 0.07915828 0.19929104 0.22736901]
 [0.         0.         0.         0.         0.         0.         0.         0.         0.         0.         0.         0.         0.         0.         0.        ]
 [0.05395689 0.34300512 0.17610322 0.06377717 0.04309014 0.07908002 0.07974881 0.27907106 0.14959815 0.36442313 0.18237749 0.28825498 0.09611182 0.20615084 0.22694403]
 [0.05861603 0.34048614 0.1279901  0.02809701 0.10894422 0.06935917 0.03890236 0.28659493 0.18568762 0.41012034 0.17053352 0.26450178 0.09485763 0.17227831 0.22811179]
 [0.05288444 0.3917941  0.16834113 0.13815011 0.08493542 0.05142591 0.04996889 0.30670267 0.17808004 0.3751251  0.19755153 0.27488536 0.07908542 0.20496936 0.16826937]
 [0.12997481 0.3906666  0.26297933 0.19299902 0.         0.06998666 0.07294971 0.3015307  0.13044004 0.38036722 0.26941955 0.24386665 0.22032018 0.19377926 0.16664834]
 [0.08245856 0.38745293 0.15134615 0.11408204 0.08504916 0.06879118 0.06175849 0.27872664 0.23614174 0.391018   0.180104   0.24814072 0.11963323 0.19268325 0.20658728]
 [0.07719593 0.3763159  0.12229601 0.04596068 0.07905599 0.06017755 0.0760768  0.29536474 0.18774377 0.38404587 0.18691072 0.25618348 0.05224276 0.20891981 0.24226107]
 [0.07526166 0.3595209  0.10705738 0.05419011 0.10675237 0.11760106 0.04209196 0.28802192 0.20782137 0.38177285 0.16567966 0.28495768 0.0835226  0.20504402 0.26380578]
 [0.05671865 0.31882912 0.02431021 0.15777479 0.06451624 0.01697055 0.         0.2764129  0.01578466 0.35505086 0.09148711 0.20365325 0.01266452 0.12676159 0.15183426]
 [0.10672852 0.36603773 0.07842124 0.06256533 0.1407086  0.18152906 0.         0.28603828 0.16609675 0.39141592 0.19363149 0.2742038  0.07901728 0.1615157  0.24585602]
 [0.05110374 0.28983015 0.1467558  0.         0.08291284 0.1417294  0.00183519 0.26211813 0.07503967 0.44573385 0.20650072 0.27182323 0.0840302  0.18645236 0.33389008]
 [0.13019735 0.32150427 0.01482239 0.01831451 0.06668206 0.05156569 0.05296136 0.319578   0.09868333 0.40492752 0.14970095 0.26546216 0.09075405 0.19521792 0.31663993]
 [0.15916957 0.2604848  0.         0.         0.03425021 0.01219445 0.01170981 0.39970106 0.00674746 0.409269   0.08789294 0.2919679  0.039696   0.17966841 0.32113883]
 [0.24503465 0.28966513 0.         0.         0.0073504  0.         0.03102016 0.45115831 0.0004917  0.40152788 0.13322993 0.3069891  0.10818324 0.14569552 0.33250177]]
hid2:
[[-0.00035475  0.2592986   0.03098899 -0.05775823  0.01942628  0.04628836  0.00534957  0.16173223  0.03358991  0.31105542 -0.00059674  0.15412492 -0.03210819  0.0015308   0.18223217]
 [-0.01627215  0.17412366 -0.13499136 -0.13059448  0.00206013 -0.00859432  0.01455401  0.31554368  0.039365    0.31418777  0.1412664   0.16733584 -0.05599643  0.09839191  0.21513149]
 [-0.0089748   0.22534722  0.02407818 -0.00558531 -0.02524759 -0.03950481 -0.00903144  0.19804302  0.03317768  0.26696402  0.05701235  0.1487886   0.01116971  0.06288435  0.11425851]
 [-0.01848644  0.22581223 -0.00566386 -0.03827345 -0.00262167 -0.04492752 -0.03749151  0.22219764  0.02679565  0.27970198  0.05937115  0.13843744 -0.0062195   0.07449666  0.14807436]
 [ 0.00308827  0.22447598 -0.00098761 -0.03544347 -0.02609415 -0.0267471  -0.01002972  0.22053035  0.03603574  0.2671392   0.04996051  0.14764462  0.00111756  0.05867266  0.13807182]
 [-0.01809203  0.22467285  0.05439116  0.0064149  -0.0283073  -0.03016421  0.00657549  0.17128675  0.05714869  0.26901227  0.0802398   0.1647878   0.02116246  0.06104999  0.10076248]
 [-0.00122588  0.22972172  0.02104874 -0.00409206 -0.02453015 -0.03168895 -0.01076061  0.20235011  0.0442516   0.26357695  0.07127062  0.15180431  0.01708701  0.05268992  0.11135994]
 [ 0.00846531  0.21420547 -0.03810673 -0.08098391 -0.02788316 -0.03214938 -0.01733381  0.25496826  0.01977833  0.2687583   0.0198796   0.13926469 -0.02196034  0.07410869  0.18111965]
 [-0.00991989  0.22125192  0.01017363 -0.03968599 -0.02054112 -0.02593433 -0.00763069  0.20904711  0.04302725  0.27483946  0.05897988  0.15327509 -0.00176157  0.06582706  0.14310837]
 [-0.06184125  0.146276    0.0074746   0.0371986  -0.00300663 -0.02283668  0.03254484  0.18039522  0.03014203  0.22588895  0.144746    0.17633946  0.05121652  0.048528    0.08108647]
 [-0.00309765  0.22709763  0.01530136 -0.00711521 -0.02599474 -0.03917137 -0.01087262  0.20565936  0.02972082  0.26542717  0.05276167  0.14627166  0.00992687  0.06014771  0.11579411]
 [-0.01207968  0.21443354 -0.00170984 -0.1144999  -0.01286521 -0.06451163 -0.02772431  0.25443357  0.03086627  0.32803085  0.09007195  0.14970124 -0.05648991  0.11087733  0.23176742]
 [-0.02333473  0.24766698  0.08848413 -0.01295031  0.00184414  0.04035408  0.03549312  0.11381607  0.06523699  0.30399045  0.04348153  0.17833002 -0.00322464  0.01392119  0.13130005]
 [-0.04227861  0.21696205  0.048659   -0.01094418 -0.01099421 -0.04272179 -0.0098915   0.17376047  0.04752907  0.28323573  0.08423605  0.15756729  0.00830502  0.08255395  0.11860146]
 [-0.06102678  0.14555492  0.00071189  0.02226719 -0.00173547 -0.01553919  0.03414499  0.18493792  0.03114519  0.23017576  0.13999063  0.17626718  0.04428251  0.04882419  0.09257317]]
topics:
[[-0.13103941 -0.0109867  -0.11652907 -0.421611   -0.06610629  0.22653213  0.2745736   0.19001389  0.11860763  0.26961446 -0.10159809  0.2822833  -0.12894878  0.14613697  0.40626276]
 [ 0.53913766  0.55964935 -0.39651218 -0.29563123  0.08049965  0.77217317  0.06195428  0.4397942   0.23868549  0.28133857 -0.02602307  0.1380098  -0.03212746 -0.6955626   0.27841488]
 [-0.17670546  0.24377304  0.42126337  0.17338869  0.09130801  0.03580494  0.06512903 -0.10657139  0.3798959   0.41214466  0.7222164   0.3561707   0.1298513   0.01312911 -0.01239725]
 [ 0.20298623  0.9357877   0.44194102 -0.31459722 -0.12388767 -0.33657762 -0.4721438   0.12991522  0.1253617   0.76138407 -0.5791615  -0.07789242 -0.34519598  0.38981834  0.35832015]
 [-0.15233025 -0.34898198  0.3936793   0.49316126  0.09782232 -0.58940715 -0.2521989   0.14542852 -0.58210105 -0.34236303  0.26941547  0.02166249  0.391448   -0.19313906  0.23792796]
 [-0.14745344 -0.230932   -0.55736303  0.01139513 -0.34765747 -1.0272748  -0.42514005  1.0201992  -0.15932558 -0.11448037  0.5011115  -0.06932579  0.20438807  0.90968835 -0.11306923]
 [-5.3156734  -0.3173358   0.20230801 -0.56414443  4.5561123  -2.3285086  -4.5741735  -0.9142925  -2.4941127   2.769527    1.2728426  -2.3001144  -1.1230597   2.8859434   0.8542295 ]
 [ 0.0145841   0.22607248 -0.05422947  0.4146672  -0.09051545  0.31090936  0.15008834 -0.05158012  0.07585089 -0.1829629  -0.35299805  0.14533116  0.37832212 -0.26135877 -0.46194336]
 [ 0.4425674   0.8859044  -1.1310147   0.4063113   0.1755208   0.4351458   0.25180882  0.48840845  0.9940711   0.20298569  0.2183845   0.8816442   0.04655073 -0.25208944 -0.07089942]
 [ 0.37230632  0.3762854   0.06961191  0.12787622 -0.16505893 -0.28772596  0.1754323   0.3769138  -0.44021505  0.624356   -0.01892063  0.07130451 -0.30998152 -0.03643739  0.27747235]]
R:
[[0.28093866 0.10762975 0.13570395 0.11513026 0.07181793 0.01198668 0.01198668 0.12522389 0.02381084 0.11577141]
 [0.34452343 0.14847142 0.13578953 0.014487   0.014487   0.13533849 0.014487   0.014487   0.03696485 0.14096436]
 [0.21963939 0.07113537 0.17431639 0.10194656 0.05790672 0.08374531 0.00741145 0.15286349 0.01587532 0.11516004]
 [0.23675491 0.09704925 0.14790146 0.1069363  0.06657542 0.09134217 0.01166822 0.11587201 0.02440266 0.10149758]
 [0.24065614 0.09658693 0.15220365 0.10261115 0.05997686 0.08982594 0.00706844 0.12889715 0.01716012 0.10501356]
 [0.2181535  0.05384981 0.21958624 0.09994252 0.05192855 0.07440106 0.00537084 0.15802126 0.01271499 0.10603125]
 [0.20573908 0.08602465 0.1861256  0.09999671 0.058685   0.08751114 0.0066171  0.14662899 0.016426   0.10624574]
 [0.29015845 0.11114141 0.09513217 0.10985377 0.06935164 0.09853464 0.00793468 0.09588975 0.02176475 0.10023872]
 [0.25361884 0.08664735 0.16653419 0.10291561 0.05889339 0.08375197 0.00760597 0.12220845 0.01763356 0.10019065]
 [0.24317679 0.05256642 0.22518529 0.01012941 0.06170901 0.08679816 0.01012941 0.17135252 0.01751509 0.12143792]
 [0.21690328 0.077599   0.16489385 0.10144388 0.05851101 0.08649888 0.00749514 0.15200226 0.01700792 0.11764487]
 [0.3091612  0.10331334 0.15717524 0.11609056 0.06761301 0.09727688 0.00917946 0.00917946 0.02091776 0.11009312]
 [0.26287752 0.05486743 0.22105888 0.10410658 0.05280302 0.00791665 0.00791665 0.16100933 0.0136405  0.11380343]
 [0.23873855 0.05089281 0.21164824 0.10062437 0.05267533 0.07585588 0.00929905 0.14190367 0.01487084 0.1034913 ]
 [0.25806767 0.05937107 0.21762761 0.01038159 0.06000851 0.08595117 0.01038159 0.1623892  0.01699768 0.11882392]]
distance_matrix:
[[4.311714  5.0108666 3.7314253 4.0687017 3.8972702 3.4370675 3.7555966 4.602339  3.6735334 3.3721085 3.840908  4.2868423 3.4566555 3.3699322 3.3118525]
 [6.2319603 7.764237  5.581611  5.837657  5.7125864 5.7728577 5.6745787 6.148573  5.7466154 6.138897  5.5703864 6.5892253 6.1448574 5.8096466 6.1296678]
 [4.4528646 5.9611554 3.5759163 4.138015  3.948844  3.1091323 3.6321292 4.903199  3.6777334 3.3039045 3.7321558 4.5153103 3.1721153 3.1061773 3.323141 ]
 [4.299758  5.2750974 3.6737318 4.054907  3.8564234 3.3228202 3.6649957 4.6361027 3.6304655 3.4626646 3.7915602 4.2772856 3.361206  3.3052883 3.4163694]
 [4.3978624 6.085751  3.444437  3.9561768 3.771039  3.0537543 3.382481  4.8275213 3.5989103 3.4147663 3.5608902 4.6662035 3.294118  3.1506786 3.4562454]
 [5.976198  8.549469  4.3658457 5.20979   5.0540466 3.7661138 4.300816  6.642935  4.8686457 4.3225965 4.52816   6.4640503 4.249174  3.9825258 4.5223026]
 [4.279361  5.8541665 3.5394306 3.9276075 3.7778654 3.223188  3.4687161 4.697486  3.6141376 3.6279411 3.6385899 4.4354258 3.4020796 3.284361  3.6384268]
 [3.8282938 5.011663  3.2271938 3.588708  3.4149961 2.9394774 3.2651944 4.107811  3.200492  3.1937914 3.3377209 3.8167973 2.986267  2.8996134 3.1489277]
 [4.238016  5.4761434 3.7602758 4.0844774 3.9121695 3.4939113 3.7792592 4.574177  3.7069035 3.7470827 3.862421  4.2638025 3.487831  3.4640732 3.6940308]
 [3.460226  4.6681647 2.4585657 2.5759182 2.5139885 2.766255  2.3201022 3.1692152 2.7047567 3.192811  2.3831549 3.8042507 3.618353  2.921134  3.225974 ]
 [4.1940727 4.8697534 4.1507015 4.101574  3.9896555 4.2140164 4.1220984 4.217517  3.8949633 4.447424  4.168086  4.1386995 4.2357626 4.11897   4.297015 ]
 [2.832034  3.5546155 2.7413616 2.604333  2.5994034 2.7331614 2.690063  2.8473635 2.442834  3.2036304 2.7834911 2.3563814 2.8090916 2.5703764 3.062995 ]
 [3.3436346 3.5780816 3.507372  3.1116962 3.110571  3.856707  3.478435  2.9010649 3.0855064 4.211976  3.4631376 2.871914  4.041519  3.6577606 3.994011 ]
 [4.733452  4.2951417 5.384639  4.5005035 4.5970793 6.2436137 5.361338  3.715559  4.733199  6.588791  5.2211704 4.096654  6.5438137 5.9305973 6.2499237]
 [7.0992785 6.038708  8.057068  6.9638824 7.0730505 9.054861  8.028481  5.8947105 7.2262955 9.261868  7.860791  6.2430124 9.290427  8.672062  8.845207 ]]
