hid1:
[[0.         0.10182414 0.         0.         0.         0.         0.         0.5276182  0.05950836 0.35241625 0.         0.         0.         0.         0.22118545]
 [0.         0.06918305 0.         0.         0.         0.         0.         0.5186914  0.08642678 0.29199588 0.         0.         0.00808166 0.         0.23480847]
 [0.         0.08774576 0.         0.         0.         0.         0.         0.513346   0.         0.39208758 0.         0.         0.         0.         0.2760952 ]
 [0.         0.07924217 0.         0.         0.         0.         0.         0.52566445 0.02636321 0.3234531  0.         0.         0.00346891 0.         0.26219663]
 [0.         0.19676036 0.         0.         0.         0.         0.         0.5366859  0.         0.35500056 0.         0.         0.         0.         0.2434253 ]
 [0.         0.15851937 0.         0.         0.         0.         0.         0.5237302  0.         0.35350353 0.         0.         0.04807634 0.         0.29980004]
 [0.         0.1526822  0.         0.         0.         0.         0.         0.5094842  0.         0.36685556 0.         0.         0.         0.         0.2269339 ]
 [0.         0.2201843  0.         0.         0.         0.         0.         0.47131643 0.03575043 0.35543117 0.         0.         0.         0.         0.21980831]
 [0.         0.1227308  0.         0.         0.         0.         0.         0.5350263  0.031877   0.32046172 0.         0.         0.03788443 0.         0.2414671 ]
 [0.         0.1666332  0.         0.         0.         0.         0.         0.450137   0.08005117 0.339029   0.         0.         0.         0.         0.2184842 ]
 [0.         0.29858714 0.         0.         0.         0.         0.         0.49012184 0.         0.32704934 0.         0.         0.         0.         0.21974574]
 [0.         0.18031095 0.         0.         0.         0.         0.         0.37223205 0.12083737 0.3298531  0.         0.         0.07007598 0.         0.15458705]
 [0.         0.36444846 0.06868052 0.         0.         0.         0.         0.4016541  0.         0.31015095 0.         0.         0.         0.         0.1297113 ]
 [0.         0.35659355 0.02085363 0.         0.         0.         0.         0.38030148 0.         0.32901257 0.         0.         0.04791624 0.0019189  0.10190321]
 [0.         0.46787527 0.21178126 0.         0.         0.         0.         0.29202718 0.         0.254318   0.         0.         0.         0.         0.        ]]
hid2:
[[-6.28555715e-02  1.98460147e-01  1.70469694e-02 -1.21445283e-01  6.46833889e-03  7.44368061e-02  7.17761666e-02  4.51651096e-01  3.40047926e-02  3.49441588e-01 -6.22924455e-02 -6.00996148e-03 -1.84066296e-02 -5.40574044e-02  2.52839118e-01]
 [-1.06566034e-01  1.14702478e-01 -7.67582506e-02 -1.66583538e-01  1.38350017e-02 -1.39799118e-02  4.97107990e-02  5.32406330e-01  9.18567926e-03  3.76669556e-01  6.01421222e-02 -3.42711955e-02 -5.67478165e-02  3.48884612e-02  2.98773170e-01]
 [-5.97304963e-02  1.90757111e-01 -1.43283978e-02 -1.08325645e-01 -1.84963010e-02 -4.25717235e-03  2.99103446e-02  4.89343345e-01  2.21713260e-02  3.26853573e-01 -3.21674943e-02 -2.84818802e-02 -1.09179262e-02  2.67398916e-03  2.25712955e-01]
 [-6.39304370e-02  2.17679963e-01  1.44814514e-03 -8.85730013e-02 -1.06909890e-02 -2.20454391e-02  3.61462496e-03  4.72796708e-01  2.09673718e-02  3.28843743e-01 -3.61066200e-02 -3.63959894e-02 -6.13578409e-03  1.21677304e-02  2.03977555e-01]
 [-5.87684251e-02  2.34525993e-01  7.82138482e-03 -7.77931511e-02 -9.85151716e-03 -3.29525992e-02 -8.04869458e-03  4.66732591e-01  1.61221996e-02  3.32751900e-01 -3.61041538e-02 -4.22417149e-02 -7.40361214e-03  1.41727198e-02  1.94223195e-01]
 [-5.42147383e-02  1.85066640e-01 -9.15538520e-03 -1.17725559e-01 -3.25402394e-02  8.80778581e-03  4.79962118e-02  4.93341923e-01  3.24957222e-02  3.23759228e-01 -4.47134189e-02 -1.53675778e-02 -9.27730650e-03  1.71662867e-03  2.30646789e-01]
 [-5.32322787e-02  2.22001970e-01  7.95882475e-03 -8.58843327e-02 -2.39985790e-02 -1.23567712e-02  1.73753221e-02  4.72541511e-01  2.76432782e-02  3.24188232e-01 -4.66631353e-02 -2.81621031e-02 -1.83253363e-03  6.69404119e-03  1.97067574e-01]
 [-6.10078983e-02  1.64277434e-01 -2.32829414e-02 -1.29928201e-01 -2.73779351e-02  1.56949274e-02  5.67507073e-02  5.02551734e-01  2.97420174e-02  3.24406147e-01 -3.49196270e-02 -1.45612992e-02 -1.31465476e-02 -1.18453428e-03  2.46193260e-01]
 [-5.29010966e-02  2.37145990e-01  1.44242356e-02 -7.25337043e-02 -1.79642458e-02 -2.62134876e-02  1.19047984e-03  4.63964850e-01  2.09155604e-02  3.27356935e-01 -4.26518470e-02 -3.61464657e-02 -1.93619356e-03  9.16488282e-03  1.86575085e-01]
 [-8.41413960e-02  1.17360160e-01 -6.14798069e-02 -9.70608443e-02 -2.54279189e-03  2.04045363e-02  6.76012635e-02  5.07433534e-01  6.09949231e-03  2.94147938e-01  1.12023996e-02 -2.21605487e-02  9.86476243e-03 -2.50068866e-02  2.23487228e-01]
 [-6.07372224e-02  1.88599288e-01 -1.34751704e-02 -1.07654788e-01 -2.04302277e-02  3.97894531e-04  3.35580446e-02  4.88893956e-01  2.61098295e-02  3.22273612e-01 -3.59448344e-02 -2.54654251e-02 -6.69489056e-03  1.59496721e-03  2.22491398e-01]
 [-6.80478960e-02  1.98054671e-01 -3.07955034e-03 -1.72254935e-01 -9.41331126e-03 -5.72731681e-02 -1.84028596e-03  5.02811670e-01  1.35904253e-02  4.04291064e-01  4.30916250e-03 -4.17825095e-02 -7.85841942e-02  5.63323647e-02  3.10701877e-01]
 [-5.39256819e-02  2.15600491e-01  2.56692562e-02 -1.16485387e-01  2.81127542e-03  6.79635629e-02  6.42080754e-02  4.47042137e-01  3.24141160e-02  3.53718430e-01 -6.91186935e-02 -9.01341625e-03 -2.09940486e-02 -5.31404205e-02  2.47890607e-01]
 [-4.80599813e-02  2.70316273e-01  2.20673457e-02 -4.15959880e-02 -4.67387959e-03 -5.32740876e-02 -3.25457714e-02  4.47801203e-01  6.63118809e-03  3.31518114e-01 -3.05401348e-02 -5.85498586e-02 -7.81305134e-04  8.78726598e-03  1.60409600e-01]
 [-6.77043945e-02  1.49370298e-01 -3.84176299e-02 -2.73369458e-02 -1.42906401e-02  1.87714398e-02  6.79537803e-02  4.79692757e-01  6.58687949e-03  2.59006023e-01  5.17604128e-03 -2.16096621e-02  4.86082174e-02 -4.71244678e-02  1.46369919e-01]]
topics:
[[-1.44849509e-01 -8.76272619e-02 -1.03496052e-01 -3.67982805e-01 -5.51115237e-02  2.34574646e-01  2.73535877e-01  6.03422344e-01  1.41480714e-01  3.11306596e-01 -9.00204927e-02  1.15657501e-01 -2.64630374e-02 -1.07961558e-02  4.51945215e-01]
 [ 4.54118907e-01  6.55827880e-01 -5.56010604e-01 -3.71056169e-01  2.67664582e-01  8.13799083e-01 -3.33285891e-02  5.71663380e-01  2.04361171e-01  3.05160075e-01 -4.14509177e-01 -6.72610819e-01 -7.53240585e-02 -8.60315919e-01  2.94211626e-01]
 [-2.23310918e-01  3.04829836e-01  4.63526815e-01  1.48788258e-01  8.42142329e-02 -2.38842331e-02  1.16002418e-01  7.45676756e-02  4.28288937e-01  4.53167945e-01  5.61295211e-01 -9.73071754e-02  8.12158436e-02 -3.71324793e-02 -2.48803082e-03]
 [ 2.29357570e-01  1.13473392e+00  5.35641968e-01 -3.57217878e-01 -1.50971726e-01 -3.93186122e-01 -5.47165394e-01  2.96017379e-01  1.59264252e-01  8.60649109e-01 -5.44155538e-01 -1.70924589e-01 -3.90809298e-01  4.09654379e-01  4.03165281e-01]
 [-2.07489714e-01 -3.75957638e-01  4.27891046e-01  5.40186584e-01  1.50503516e-01 -6.75323963e-01 -3.23811710e-01  1.22749805e-01 -6.56295538e-01 -3.51750910e-01  2.82145411e-01 -4.98125553e-02  3.71471554e-01 -3.41650426e-01  2.50682682e-01]
 [-7.68398717e-02 -2.32571483e-01 -6.77886486e-01 -3.04548182e-02 -4.93762404e-01 -1.11351347e+00 -4.21434611e-01  1.24879658e+00 -1.04949228e-01 -1.53728530e-01  4.42991406e-01 -2.64773339e-01  1.67270482e-01  9.18057799e-01 -1.29984260e-01]
 [-6.07343674e+00 -2.85238802e-01  2.41206512e-01 -6.58525765e-01  5.23758650e+00 -2.57704782e+00 -5.05853891e+00 -9.26154494e-01 -2.77494979e+00  3.13831186e+00  1.59414542e+00 -2.23200011e+00 -1.16692781e+00  3.20994925e+00  1.11088312e+00]
 [ 2.28725430e-02  3.07593971e-01  2.62751617e-02  4.72394556e-01 -9.67755690e-02  3.44411641e-01  1.85574308e-01  2.92325348e-01  1.10304981e-01 -2.41700515e-01 -3.80903631e-01  7.00034574e-02  5.25572240e-01 -3.67742151e-01 -5.37303925e-01]
 [ 5.07077634e-01  9.84310508e-01 -1.28512216e+00  3.94721568e-01  3.30333620e-01  4.80389506e-01  2.65415639e-01  4.09639031e-01  1.16432893e+00  2.45275155e-01  1.62345931e-01  8.30885231e-01 -2.25845352e-02 -2.45121598e-01 -7.00490847e-02]
 [ 3.33671808e-01  4.37619150e-01  1.69898644e-01  1.60757527e-01 -2.23890170e-01 -3.25704187e-01  1.87382281e-01  4.66601610e-01 -5.60399354e-01  6.93117797e-01  1.18463553e-01  1.28430173e-01 -3.38876754e-01 -7.62178749e-02  3.04704964e-01]]
R:
[[0.4680941  0.06402051 0.08501925 0.07879621 0.03261608 0.01055413 0.01055413 0.11871715 0.01055413 0.12107436]
 [0.49492118 0.07733178 0.11192565 0.01595468 0.01595468 0.08688532 0.01595468 0.01595468 0.01595468 0.14916267]
 [0.41580212 0.06388045 0.08537307 0.08262394 0.0330293  0.06760185 0.01048116 0.11259428 0.01048116 0.11813275]
 [0.3748537  0.06041713 0.09151237 0.09940442 0.03441096 0.06887872 0.01227119 0.13118234 0.01227119 0.11479799]
 [0.34783486 0.06229872 0.09477036 0.10632305 0.03441016 0.07086095 0.01273347 0.13685283 0.01273347 0.12118223]
 [0.44213602 0.05472435 0.08023378 0.08651632 0.02893285 0.06249735 0.0083348  0.11558219 0.0083348  0.11270762]
 [0.3783439  0.05516149 0.09050769 0.10249665 0.02973787 0.06551933 0.01031974 0.14182706 0.01031974 0.11576645]
 [0.46611142 0.05905741 0.07792583 0.07222772 0.03018131 0.06308827 0.00873048 0.10024592 0.00873048 0.11370117]
 [0.34792402 0.05769209 0.09569281 0.10794862 0.03236617 0.0677449  0.01146584 0.14695284 0.01146584 0.12074691]
 [0.4505038  0.07339107 0.08928947 0.01214244 0.03728645 0.07406928 0.01214244 0.10875591 0.01214244 0.13027665]
 [0.4205701  0.06120734 0.08449382 0.08277161 0.03228483 0.06646022 0.01016633 0.11810125 0.01016633 0.11377813]
 [0.44656846 0.06623587 0.10007428 0.10903864 0.03550648 0.07398689 0.01211764 0.01211764 0.01211764 0.13223644]
 [0.45016548 0.06468612 0.08476058 0.0898471  0.03254855 0.0101741  0.0101741  0.12284312 0.0101741  0.12462676]
 [0.27452853 0.07008804 0.10989048 0.11446756 0.03705814 0.07543198 0.01374482 0.15751961 0.01374482 0.13352607]
 [0.3659139  0.06669469 0.10775722 0.01092856 0.03491003 0.07534167 0.01092856 0.17762871 0.01092856 0.13896812]]
distance_matrix:
[[0.64004564 0.9888406  0.44893312 0.5808196  0.7124305  0.46255684 0.59706116 0.46433544 0.73452854 0.5632038  0.44723177 0.7710128  0.6406536  1.2749562  0.846992  ]
 [0.6692071  1.0153613  0.50952196 0.67688704 0.83576155 0.5009327  0.6875458  0.48039722 0.8537493  0.5395651  0.4987216  0.9086404  0.69258595 1.4605412  0.85459757]
 [0.6115484  0.8246546  0.4437828  0.6039839  0.7337408  0.45476675 0.6275525  0.4420762  0.7681813  0.6187329  0.4567299  0.51733494 0.6036916  1.3203545  1.0258293 ]
 [0.6151333  0.71742153 0.47145653 0.69640064 0.8716736  0.46327734 0.72455263 0.40142107 0.9090047  0.462605   0.47340107 0.65239143 0.6514363  1.5533409  0.9338999 ]
 [0.64509773 0.9411917  0.3776617  0.46382713 0.5530348  0.4121108  0.48449755 0.44911718 0.58202887 0.6702399  0.3937559  0.47772312 0.6043143  1.0409422  0.9553852 ]
 [0.7612319  0.61555433 0.6121707  0.857965   1.0274282  0.62893105 0.9081068  0.5425348  1.0854759  0.5664396  0.6304145  0.61984015 0.8004837  1.7087369  1.118753  ]
 [0.6158333  0.9996128  0.35012627 0.42269897 0.5069437  0.40393686 0.44577074 0.4440589  0.5331025  0.57038546 0.36217403 0.62207985 0.5785928  0.9561348  0.7651758 ]
 [0.6174216  1.1584458  0.3225484  0.3364215  0.39738607 0.37995625 0.3458624  0.4625187  0.4098692  0.6284542  0.3285308  0.6960187  0.5601921  0.783792   0.70396185]
 [0.54873943 0.950963   0.40955448 0.5713825  0.7271242  0.40290213 0.58626986 0.38438463 0.74931    0.46718264 0.40065575 0.7955437  0.5665593  1.3555927  0.80464077]
 [0.8229356  1.449223   0.45489645 0.4125514  0.44438314 0.54087734 0.4235258  0.6544609  0.45405006 0.7697115  0.46031046 0.9798522  0.749176   0.75116396 0.7125726 ]
 [0.9416561  1.6381922  0.52414894 0.38230228 0.35872555 0.6327205  0.38660765 0.8151965  0.35858488 1.0602946  0.538579   0.9018965  0.820786   0.5346174  0.8805361 ]
 [1.3082547  2.1794715  0.82406664 0.63132334 0.5922446  0.94507694 0.63007927 1.1575346  0.58259964 1.3486757  0.8282342  1.4528136  1.179389   0.7169194  1.0269141 ]
 [2.8686829  3.9008217  2.0306158  1.5695591  1.3167152  2.3684573  1.5922275  2.7438216  1.3135991  2.7701554  2.0843325  2.8759975  2.5955882  0.86223793 1.8236294 ]
 [3.8573828  5.1501784  2.906107   2.280429   1.9475069  3.310472   2.2983575  3.7831874  1.9250274  3.74577    2.9580078  4.0163817  3.5358653  1.2561665  2.428544  ]
 [7.3749866  8.783818   6.105461   5.1973143  4.68603    6.6928167  5.2394686  7.322226   4.6602173  7.1011496  6.185633   7.4747925  6.948106   3.4929724  5.1641593 ]]
