hid1:
[[-6.6904986e-01  1.1281649e-01 -1.9693878e-01 -1.5269917e-01  3.1521201e-01 -4.8095840e-01 -6.1318880e-01 -1.4817372e-02 -3.9063561e-01  3.1076711e-01 -2.2889632e-01 -5.2817845e-01 -3.1396571e-01 -1.4577388e+00 -6.1250478e-03]
 [-6.1030161e-01 -1.4577388e+00 -6.5232104e-01 -5.7105911e-01 -1.0710925e-02 -3.9752907e-01 -6.4642024e-01 -4.9468553e-01 -5.2778655e-01 -2.0892864e-01 -6.0722363e-01 -6.9657242e-01 -1.4577388e+00 -4.5905954e-01 -3.1661904e-01]
 [-5.6988591e-01 -1.4577388e+00 -1.4577388e+00 -7.8049529e-01 -3.4026688e-01 -2.9923195e-01 -7.2581649e-01 -7.9894960e-01 -7.7085084e-01 -1.4577388e+00 -1.4577388e+00 -9.4440103e-01 -8.9865541e-01 -8.3354700e-01 -5.6360024e-01]
 [-5.4985666e-01  1.2246126e-01 -1.7351779e-01 -3.8638577e-02  3.1253272e-01 -4.4239241e-01 -4.7760928e-01  1.1756569e-03 -3.0366066e-01 -1.4577388e+00 -1.4577388e+00 -4.0487587e-01 -2.7062047e-01 -2.0692468e-02  6.7211926e-02]
 [-5.6603199e-01 -4.3844706e-01 -1.0888681e+00 -9.5734131e-01 -5.3142738e-01 -2.5303337e-01 -7.6033908e-01 -9.1293216e-01 -8.8200927e-01 -6.6721678e-01 -9.6451139e-01 -1.0795014e+00 -1.0156220e+00 -1.0769047e+00 -7.2696692e-01]
 [-5.3853792e-01 -1.4577388e+00 -1.0386442e+00 -8.4407842e-01 -4.7209072e-01 -2.9520810e-01 -7.8269982e-01 -8.7525511e-01 -9.0747547e-01 -6.5797251e-01 -9.1079605e-01 -9.5747852e-01 -1.4577388e+00 -9.4833136e-01 -6.7542058e-01]
 [-1.4577388e+00 -1.4577388e+00 -1.0146867e+00 -8.9283979e-01 -4.3030471e-01 -2.1139616e-01 -7.0314038e-01 -8.1361902e-01 -8.9571548e-01 -6.4112252e-01 -9.0942550e-01 -9.5725894e-01 -9.0807796e-01 -9.8961723e-01 -6.4711910e-01]
 [-1.4577388e+00 -4.9880058e-01 -1.0916795e+00 -8.8859904e-01 -1.4577388e+00 -1.0996726e-01 -7.4344939e-01 -1.0079193e+00 -9.0494967e-01 -7.2864646e-01 -1.4577388e+00 -1.0337808e+00 -9.3088102e-01 -1.0386267e+00 -7.2208399e-01]
 [-6.0113209e-01 -1.4577388e+00 -1.0451859e+00 -9.0005779e-01 -4.5189506e-01 -1.4577388e+00 -6.9838768e-01 -9.0030742e-01 -9.1399348e-01 -1.4577388e+00 -9.2614174e-01 -9.8411751e-01 -9.7384155e-01 -9.7809708e-01 -6.7739171e-01]
 [-3.9743924e-01 -5.5463189e-01 -1.0887072e+00 -9.3595934e-01 -5.4342973e-01 -1.0790774e-01 -7.1738547e-01 -8.1992906e-01 -8.8084245e-01 -7.6854545e-01 -1.2301956e+00 -1.2648937e+00 -9.3821955e-01 -1.2878412e+00 -7.2923189e-01]
 [-2.9729360e-01 -4.3461263e-01 -1.0684042e+00 -1.0149026e+00 -5.3700125e-01 -2.4922639e-03 -6.7829424e-01 -8.6289179e-01 -5.8967364e-01 -5.9863746e-01 -1.0493749e+00 -1.4577388e+00 -1.0364788e+00 -1.1593201e+00 -7.6465380e-01]
 [-4.7388518e-01 -4.3934631e-01 -1.0770315e+00 -8.9708865e-01 -5.3885949e-01 -1.4577388e+00 -6.7133427e-01 -7.8647923e-01 -8.3973336e-01 -7.0015770e-01 -1.2670549e+00 -1.2130849e+00 -9.4135058e-01 -1.2757839e+00 -1.4577388e+00]
 [-4.7550517e-01 -4.1936648e-01 -1.0867053e+00 -7.7332324e-01 -5.4412025e-01 -1.7724976e-01 -6.3721389e-01 -8.6234450e-01 -7.8712273e-01 -6.7277342e-01 -1.4032682e+00 -1.3780084e+00 -9.0197849e-01 -1.4107656e+00 -7.3164541e-01]
 [-3.1756026e-01 -4.5282143e-01 -1.0533795e+00 -8.3076447e-01 -5.2901304e-01 -1.7575121e-01 -6.8618608e-01 -7.8703880e-01 -6.9157279e-01 -1.4577388e+00 -1.3886160e+00 -1.3612604e+00 -9.2553568e-01 -1.4073018e+00 -7.2932339e-01]
 [-2.9113182e-01 -4.7569132e-01 -1.4577388e+00 -1.4577388e+00 -5.3199208e-01 -1.4577388e+00 -6.5693969e-01 -7.0615727e-01 -6.4545959e-01 -7.8001070e-01 -1.4577388e+00 -1.4275682e+00 -6.5701240e-01 -1.4350989e+00 -6.8291074e-01]]
hid2:
[[-0.45032644 -0.5043155  -1.100338   -0.910273   -0.57000726 -0.17363931 -0.7051745  -0.86597466 -0.80499065 -0.7382245  -1.2453719  -1.211763   -0.93375    -1.2906961  -0.7606733 ]
 [-0.45032644 -0.5043155  -1.100338   -0.910273   -0.57000726 -0.17363931 -0.7051745  -0.86597466 -0.80499065 -0.7382245  -1.2453719  -1.211763   -0.93375    -1.2906961  -0.7606733 ]
 [-0.5590337  -0.2569545  -0.67089397 -0.5694268  -0.14809182 -0.30679533 -0.6351454  -0.5397978  -0.5903201  -0.29513255 -0.6588582  -0.74602354 -0.6358905  -0.58454925 -0.41469994]
 [-0.45032644 -0.5043155  -1.100338   -0.910273   -0.57000726 -0.17363931 -0.7051745  -0.86597466 -0.80499065 -0.7382245  -1.2453719  -1.211763   -0.93375    -1.2906961  -0.7606733 ]
 [-0.45036724 -0.50418246 -1.1001226  -0.9100904  -0.569799   -0.17370929 -0.7051344  -0.86578995 -0.8048795  -0.7379995  -1.2450725  -1.2115185  -0.93359214 -1.2903335  -0.76049435]
 [-0.5229376  -0.34541282 -0.82842904 -0.691703   -0.2964073  -0.2625523  -0.6678984  -0.6559149  -0.6724829  -0.45354226 -0.8707298  -0.9175571  -0.7445571  -0.8376627  -0.54011714]
 [-0.45267743 -0.49633697 -1.0872786  -0.8992809  -0.5576163  -0.17772824 -0.70255846 -0.85497904 -0.7981544  -0.72478795 -1.2273988  -1.1970129  -0.9242282  -1.2690275  -0.7499806 ]
 [-0.45032716 -0.5043128  -1.1003337  -0.9102694  -0.5700032  -0.17364064 -0.7051736  -0.865971   -0.8049884  -0.73822016 -1.2453661  -1.211758   -0.9337468  -1.2906891  -0.76066977]
 [-0.45034117 -0.5042647  -1.1002544  -0.9102028  -0.5699286  -0.17366514 -0.7051576  -0.865905   -0.8049468  -0.73813915 -1.2452577  -1.2116691  -0.93368924 -1.2905586  -0.7606055 ]
 [-0.52889246 -0.3395305  -0.8126689  -0.68446094 -0.28219998 -0.26435387 -0.66136783 -0.64824927 -0.6635228  -0.437481   -0.84946084 -0.89984024 -0.7352369  -0.81261307 -0.5255315 ]
 [-0.45034596 -0.50425315 -1.1002375  -0.9101876  -0.56990916 -0.17367257 -0.70515645 -0.8658876  -0.80493927 -0.7381187  -1.2452315  -1.2116488  -0.9336761  -1.2905257  -0.7605891 ]
 [-0.45032644 -0.5043155  -1.100338   -0.910273   -0.57000726 -0.17363931 -0.7051745  -0.86597466 -0.80499065 -0.7382245  -1.2453719  -1.211763   -0.93375    -1.2906961  -0.7606733 ]
 [-0.45924178 -0.47080386 -1.0439515  -0.86390316 -0.5188595  -0.18958646 -0.69144034 -0.82013416 -0.7742816  -0.68184507 -1.1691313  -1.1480713  -0.89298326 -1.1995543  -0.7152748 ]
 [-0.47242558 -0.4115072  -0.9406734  -0.7795942  -0.43150404 -0.21541494 -0.66392213 -0.74336505 -0.7159857  -0.5855759  -1.0361551  -1.0357386  -0.8201331  -1.0435375  -0.63952917]
 [-0.45032918 -0.50430566 -1.1003222  -0.9102596  -0.5699922  -0.17364445 -0.70517147 -0.86596096 -0.80498266 -0.73820794 -1.2453501  -1.2117451  -0.9337386  -1.2906697  -0.76066005]]
topics:
[[-3.65876824e-01 -2.10730806e-01 -2.83222735e-01 -6.40119493e-01 -2.02278569e-01 -1.37844998e-02  2.96178460e-01 -1.84626758e-01 -5.62230833e-02  7.61645138e-02 -5.94577231e-02  1.41466618e-01 -3.09670627e-01  8.38133767e-02  3.03307772e-01]
 [-4.50326443e-01 -5.04315495e-01 -1.10033798e+00 -9.10273015e-01 -5.70007265e-01 -1.73639312e-01 -7.05174506e-01 -8.65974665e-01 -8.04990649e-01 -7.38224506e-01 -1.24537194e+00 -1.21176302e+00 -9.33749974e-01 -1.29069614e+00 -7.60673285e-01]
 [-3.21957618e-01  9.92240533e-02  3.35962355e-01  9.64838192e-02  3.41337249e-02 -1.51142821e-01  9.74121615e-02 -3.64804596e-01  2.56409854e-01  4.40564603e-02  9.77505967e-02  1.31349713e-01 -5.54578938e-02  2.71620471e-02 -1.78136364e-01]
 [ 1.14725873e-01  9.11364257e-01  4.93611574e-01 -3.67906094e-01 -1.57639459e-01 -4.64933068e-01 -4.93301451e-01 -4.76709101e-03  9.19696987e-02  6.86972380e-01 -5.92979491e-01 -4.26607989e-02 -4.26082700e-01  3.90261918e-01  3.22151899e-01]
 [-4.04182523e-01 -4.27211314e-01  4.18640047e-01  4.56144303e-01  7.92931989e-02 -6.33786261e-01 -2.40611613e-01  1.68226272e-01 -6.55680299e-01 -4.98800308e-01  1.95241526e-01 -3.71505618e-02  3.51551771e-01 -1.86859101e-01  1.13957465e-01]
 [-3.57851893e-01 -3.84987056e-01 -5.68463266e-01 -4.04019803e-02 -4.11991954e-01 -1.20337844e+00 -4.31244224e-01  9.61767554e-01 -2.24573553e-01 -3.22981417e-01  3.45302701e-01 -2.52749234e-01  3.86390388e-02  9.38725591e-01 -2.16154963e-01]
 [-5.00997066e+00 -1.74230248e-01 -2.48733554e-02 -8.31700921e-01  4.57317305e+00 -2.30252576e+00 -4.50311136e+00 -1.08862007e+00 -2.49468970e+00  2.63479805e+00  1.67659438e+00 -1.43272567e+00 -1.08640325e+00  3.12486458e+00  9.54179823e-01]
 [-5.39177805e-02  1.42419145e-01 -1.17759876e-01  4.26393479e-01 -1.71077728e-01  1.41570002e-01  1.43006787e-01 -2.82614291e-01 -3.05326264e-02 -2.71690071e-01 -2.78175324e-01  1.22507162e-01  3.74137849e-01 -2.71111339e-01 -5.66753149e-01]
 [ 2.43960962e-01  8.45338762e-01 -1.06597316e+00  4.28313315e-01  2.85263449e-01  3.53214383e-01  2.29207799e-01  5.33633173e-01  9.88966465e-01  6.77166730e-02  2.14476407e-01  7.16345787e-01 -2.29276627e-01 -1.36028066e-01 -1.52565509e-01]
 [ 3.18132162e-01  3.57184082e-01  7.75749832e-02  7.61803538e-02 -1.99412584e-01 -3.25556040e-01  1.98999971e-01  4.19329256e-01 -4.31928217e-01  6.01247907e-01  1.65037382e-02  1.81534857e-01 -3.21947575e-01 -2.66668350e-02  2.62988985e-01]]
R:
[[2.2619549e-10 1.0000000e+00 1.3375109e-10 1.3375109e-10 1.3375109e-10 1.3375109e-10 1.3375109e-10 1.3375109e-10 1.3375109e-10 1.3375109e-10]
 [2.9698986e-11 1.0000000e+00 2.9698986e-11 2.9698986e-11 2.9698986e-11 2.9698986e-11 2.9698986e-11 2.9698986e-11 2.9698986e-11 2.9698986e-11]
 [5.0710395e-02 5.9483492e-01 8.2309976e-02 3.7342973e-02 3.7342973e-02 3.7342973e-02 4.8086915e-02 3.7342973e-02 3.7342973e-02 3.7342973e-02]
 [4.8618271e-13 1.0000000e+00 4.8618271e-13 4.8618271e-13 4.8618271e-13 4.8618271e-13 4.8618271e-13 4.8618271e-13 4.8618271e-13 4.8618271e-13]
 [2.3055874e-05 9.9978966e-01 2.5958287e-05 2.3055874e-05 2.3055874e-05 2.3055874e-05 2.3055874e-05 2.3055874e-05 2.3055874e-05 2.3055874e-05]
 [2.8860912e-02 7.4235046e-01 4.8393875e-02 2.4774667e-02 2.4774667e-02 2.4774667e-02 3.1746749e-02 2.4774667e-02 2.4774667e-02 2.4774667e-02]
 [1.3923134e-03 9.8735368e-01 1.7932333e-03 1.3515364e-03 1.3515364e-03 1.3515364e-03 1.3515364e-03 1.3515364e-03 1.3515364e-03 1.3515364e-03]
 [4.3994919e-07 9.9999583e-01 5.6592938e-07 4.3994919e-07 4.3994919e-07 4.3994919e-07 4.3994919e-07 4.3994919e-07 4.3994919e-07 4.3994919e-07]
 [8.5281781e-06 9.9991953e-01 1.2187485e-05 8.5281781e-06 8.5281781e-06 8.5281781e-06 8.5281781e-06 8.5281781e-06 8.5281781e-06 8.5281781e-06]
 [3.7453670e-02 7.2739285e-01 5.3540461e-02 2.4714956e-02 2.4714956e-02 2.4714956e-02 3.3323217e-02 2.4714956e-02 2.4714956e-02 2.4714956e-02]
 [1.0953229e-05 9.9990141e-01 1.0953229e-05 1.0953229e-05 1.0953229e-05 1.0953229e-05 1.0953229e-05 1.0953229e-05 1.0953229e-05 1.0953229e-05]
 [4.6670019e-13 1.0000000e+00 4.6670019e-13 4.6670019e-13 4.6670019e-13 4.6670019e-13 4.6670019e-13 4.6670019e-13 4.6670019e-13 4.6670019e-13]
 [7.0300493e-03 9.4598085e-01 9.4168046e-03 5.3674583e-03 5.3674583e-03 5.3674583e-03 5.3674583e-03 5.3674583e-03 5.3674583e-03 5.3674583e-03]
 [1.5203519e-02 8.5174006e-01 3.5231110e-02 1.3975051e-02 1.3975051e-02 1.3975051e-02 1.3975051e-02 1.3975051e-02 1.3975051e-02 1.3975051e-02]
 [1.6777135e-06 9.9998462e-01 1.6777135e-06 1.6777135e-06 1.6777135e-06 1.6777135e-06 1.6777135e-06 1.6777135e-06 1.6777135e-06 1.9739980e-06]]
distance_matrix:
[[140.54657   140.54657    58.02894   140.54657   140.48499    79.46378   136.88333   140.54541   140.52313    76.902596  140.51767   140.54657   125.47434   102.39677   140.54211  ]
 [ 62.473694   62.473694   34.512268   62.473694   62.440643   36.253235   60.52437    62.473114   62.461243   35.57599    62.458206   62.473694   54.656754   44.067047   62.471344 ]
 [ 25.419312   25.419312   38.282425   25.419312   25.40738    25.145203   24.730927   25.419098   25.414856   26.01622    25.413559   25.419312   22.997375   21.871216   25.418335 ]
 [150.3467    150.3467     61.95652   150.3467    150.28217    85.53428   146.51035   150.34541   150.32208    82.7453    150.31644   150.3467    134.53027   110.08987   150.34198  ]
 [ 14.625061   14.625061   46.81015    14.625061   14.6232605  26.664734   14.541992   14.6250305  14.624451   28.254501   14.624374   14.625061   14.7769165  18.064728   14.6250305]
 [ 15.4198     15.4198     35.215958   15.4198     15.411255   19.559326   14.951233   15.419556   15.416595   20.701614   15.415604   15.4198     13.934143   14.377563   15.419159 ]
 [ 18.053238   18.053238   40.90419    18.053238   18.046432   24.238113   17.676743   18.053207   18.050613   25.43869    18.05014    18.053238   16.922562   17.913803   18.052841 ]
 [ 22.511581   22.511581   57.286774   22.511581   22.51094    36.269455   22.51091    22.51155    22.511398   37.8826     22.51123    22.511581   22.990524   26.830338   22.511642 ]
 [ 23.289932   23.289932   50.76863    23.289932   23.285538   32.355392   23.060715   23.289627   23.288162   33.73001    23.28772    23.289932   22.811539   25.033066   23.289627 ]
 [ 12.060638   12.060638   52.404877   12.060638   12.06311    29.392273   12.225616   12.060944   12.061615   31.23143    12.061935   12.060638   13.235443   18.252625   12.060852 ]
 [ 17.710007   17.710007   55.018066   17.710007   17.710556   33.07756    17.77922    17.709946   17.710312   34.813812   17.710388   17.710007   18.488388   22.869278   17.709976 ]
 [ 13.530151   13.530151   53.13382    13.530151   13.531769   30.386322   13.662994   13.530121   13.530579   32.21968    13.530899   13.530151   14.572632   19.393646   13.529999 ]
 [ 13.424164   13.424164   61.802643   13.424164   13.430481   35.86383    13.8237915  13.424469   13.426514   38.04805    13.427139   13.424164   15.604797   22.411804   13.424683 ]
 [ 14.304977   14.304977   62.80545    14.304977   14.311142   36.805313   14.710709   14.305283   14.30751    39.017883   14.307983   14.304977   16.516373   23.349655   14.305374 ]
 [ 25.988205   25.988205   67.89993    25.988205   25.990402   44.303513   26.16365    25.988113   25.988968   46.327393   25.98938    25.988205   27.220688   32.419968   25.988388 ]]
