hid1:
[[0.         0.22434302 0.         0.         0.01391808 0.         0.08176813 0.27582118 0.         0.14423876 0.         0.         0.         0.         0.        ]
 [0.         0.19680816 0.         0.         0.         0.         0.07193832 0.29577667 0.         0.20357431 0.         0.         0.         0.         0.        ]
 [0.         0.         0.         0.         0.         0.         0.04045488 0.286197   0.         0.25359562 0.         0.         0.         0.04575268 0.        ]
 [0.         0.23809825 0.         0.         0.         0.         0.12683323 0.20352711 0.         0.17855936 0.         0.         0.         0.         0.        ]
 [0.         0.32036564 0.         0.         0.         0.         0.         0.25679147 0.         0.2799211  0.         0.         0.         0.01592947 0.        ]
 [0.         0.34026283 0.         0.         0.01899488 0.         0.01628016 0.24873629 0.         0.26033247 0.         0.         0.         0.         0.        ]
 [0.00887912 0.23143584 0.         0.         0.         0.         0.07775068 0.20785244 0.         0.21401572 0.02949637 0.03018538 0.         0.         0.        ]
 [0.         0.36339742 0.         0.         0.         0.         0.         0.28038368 0.         0.21367167 0.         0.         0.         0.         0.        ]
 [0.         0.32300058 0.         0.         0.         0.         0.         0.2862928  0.         0.27201775 0.         0.         0.         0.         0.        ]
 [0.         0.30364954 0.         0.         0.         0.         0.         0.22499377 0.         0.20698434 0.         0.         0.         0.         0.        ]
 [0.         0.2971049  0.         0.         0.01291198 0.         0.         0.22284442 0.         0.14589106 0.         0.         0.         0.         0.        ]
 [0.         0.29905882 0.01968771 0.         0.         0.         0.         0.28643823 0.         0.27786013 0.         0.02883783 0.         0.         0.06779686]
 [0.         0.32183892 0.         0.         0.         0.         0.         0.27633467 0.         0.20901787 0.         0.08581671 0.05329692 0.         0.        ]
 [0.         0.30506787 0.02902803 0.         0.         0.         0.         0.2560517  0.         0.20254229 0.         0.06483765 0.05160608 0.         0.11281663]
 [0.         0.2390404  0.02681235 0.         0.         0.         0.         0.32630458 0.         0.13226292 0.         0.15734357 0.08222526 0.         0.08975587]]
hid2:
[[-5.17301634e-02  3.35588574e-01  2.25228332e-02 -3.83428931e-02  4.66664322e-03  7.30680674e-03  4.49212492e-02  2.06172705e-01 -1.38566494e-02  2.56426990e-01 -1.05370000e-01  3.05178519e-02 -1.24377590e-02 -5.34673035e-02  1.05409414e-01]
 [-1.03261195e-01  2.44321167e-01 -1.32711291e-01 -1.14135459e-01 -2.50039995e-03 -7.24548101e-02  5.34892529e-02  3.62826973e-01 -1.32252760e-02  2.87888587e-01  2.76185572e-02  1.51979253e-02 -6.61949217e-02  5.49568012e-02  1.57683954e-01]
 [-6.69911355e-02  2.95794219e-01 -2.13722531e-02 -3.60687189e-02 -2.19451785e-02 -6.29249960e-02  1.70243047e-02  2.71440268e-01 -1.74518805e-02  2.24475145e-01 -6.62646592e-02  1.91164408e-02  1.28415227e-03  1.06218997e-02  8.94475952e-02]
 [-6.79091960e-02  2.99928635e-01 -2.70681232e-02 -2.90910043e-02 -1.51423123e-02 -7.03107193e-02  3.43614444e-03  2.76312917e-01 -2.27347724e-02  2.25042805e-01 -6.60424456e-02  1.53136048e-02  1.84557214e-03  1.32544497e-02  8.65204409e-02]
 [-5.92817515e-02  3.03782403e-01 -2.56963652e-02 -3.21290568e-02 -2.33804304e-02 -7.14209974e-02  6.19150698e-03  2.79621214e-01 -2.31491122e-02  2.26261616e-01 -7.22417310e-02  1.64028108e-02  2.31005251e-05  1.40124504e-02  8.76479521e-02]
 [-6.28675520e-02  2.99004436e-01 -2.22383663e-02 -3.62497531e-02 -2.39594635e-02 -6.51689842e-02  1.64129883e-02  2.74405807e-01 -1.79600082e-02  2.27159470e-01 -6.72788396e-02  1.98329408e-02 -1.09608471e-03  1.20839337e-02  9.04259086e-02]
 [-5.91463558e-02  3.01039755e-01 -2.43995450e-02 -3.19686122e-02 -2.55441479e-02 -6.80585206e-02  1.22105526e-02  2.77375430e-01 -2.14018058e-02  2.24275127e-01 -7.10260868e-02  1.86262019e-02  1.39471889e-03  1.17773097e-02  8.65635276e-02]
 [-5.45411780e-02  3.01171720e-01 -2.23286133e-02 -2.95402780e-02 -3.04281432e-02 -6.72880560e-02  1.62279680e-02  2.77249902e-01 -2.22036373e-02  2.22348556e-01 -7.27887154e-02  1.94701888e-02  3.30130383e-03  9.76901129e-03  8.32094848e-02]
 [-6.53198063e-02  2.98248529e-01 -2.28825901e-02 -3.47115174e-02 -2.08342802e-02 -6.67115301e-02  1.29326936e-02  2.74719328e-01 -1.94437616e-02  2.26759374e-01 -6.57239556e-02  1.79117173e-02 -4.16275114e-04  1.22318873e-02  9.01652873e-02]
 [-8.90271217e-02  2.15278059e-01 -8.54485333e-02  7.93328695e-03 -1.49689075e-02 -4.34690900e-02  6.25161529e-02  2.93106467e-01 -4.37066071e-02  1.65413022e-01 -1.34788118e-02  3.21400054e-02  4.13432680e-02 -2.53367592e-02  5.38764484e-02]
 [-5.92738502e-02  3.01200300e-01 -2.60886494e-02 -3.08014303e-02 -2.40451116e-02 -6.60927519e-02  1.13355014e-02  2.76878059e-01 -2.40684599e-02  2.23632321e-01 -7.33302385e-02  1.73228644e-02  2.59548798e-03  9.38437413e-03  8.48903582e-02]
 [-6.35924414e-02  3.16007376e-01 -1.31842643e-02 -1.13473415e-01 -2.09727753e-02 -1.41632110e-01 -2.95391008e-02  3.29565465e-01 -3.48694026e-02  3.06456059e-01 -4.62267362e-02 -2.61775311e-03 -7.69370571e-02  8.28171596e-02  1.88804254e-01]
 [-2.49986611e-02  3.55869949e-01  2.92757452e-02 -3.74055319e-02 -1.10020358e-02  7.58817047e-03  4.43479493e-02  2.09034294e-01 -1.78826712e-02  2.60280102e-01 -1.29962355e-01  3.22018377e-02 -1.50392763e-02 -5.87777942e-02  1.03511781e-01]
 [-6.14167489e-02  3.06078076e-01 -2.30988041e-02 -3.68564725e-02 -2.25443114e-02 -7.44664073e-02  2.65222974e-03  2.78751105e-01 -2.62819305e-02  2.32252479e-01 -7.47359917e-02  1.40177403e-02 -3.57274897e-03  1.95616670e-02  9.02392566e-02]
 [-8.80247951e-02  2.13230953e-01 -9.18919221e-02  1.70162506e-03 -1.74318552e-02 -4.18108776e-02  6.34973869e-02  2.95758367e-01 -5.49574271e-02  1.67264476e-01 -2.30932161e-02  3.07831243e-02  3.99342068e-02 -2.43956670e-02  5.50559498e-02]]
topics:
[[-2.03974277e-01  9.42458659e-02 -1.88182890e-01 -4.56212968e-01 -7.20678940e-02  1.98334157e-01  3.07966352e-01  2.43878439e-01  1.68353096e-02  2.59779900e-01 -1.52438298e-01  1.13042958e-01 -1.01927862e-01  2.35216902e-03  3.29965234e-01]
 [ 3.22705120e-01  6.74176693e-01 -5.82389295e-01 -3.80215734e-01  1.14784285e-01  7.24984407e-01  6.77990243e-02  5.14991581e-01  1.40856504e-01  2.70575553e-01 -6.32930100e-01 -2.26031363e-01 -8.96820053e-02 -7.77962923e-01  3.17717016e-01]
 [-2.04349324e-01  3.37684870e-01  2.83076286e-01  1.14101961e-01  8.08646530e-02  3.32138464e-02  1.05607070e-01  2.49736886e-02  3.32310826e-01  2.45491683e-01  2.31287286e-01 -6.70822151e-03  6.26371503e-02 -4.12092134e-02 -4.53447551e-02]
 [ 1.88656047e-01  9.70980942e-01  4.25068080e-01 -3.05600107e-01 -1.06539033e-01 -3.01338196e-01 -4.20387805e-01  1.89857483e-01  1.04518659e-01  6.72878146e-01 -5.23841798e-01 -1.02688715e-01 -2.98558295e-01  3.11204642e-01  3.16919506e-01]
 [-2.47547850e-01 -3.12594563e-01  3.87765020e-01  4.52696234e-01  1.04153909e-01 -5.56506515e-01 -2.30995730e-01  1.94138840e-01 -5.50682008e-01 -3.87284935e-01  2.12101609e-01 -3.45609500e-03  3.71544838e-01 -1.95633397e-01  2.17617840e-01]
 [-2.81511396e-01 -1.86504737e-01 -5.93548596e-01 -7.67733157e-03 -3.11576098e-01 -9.75432992e-01 -3.95682216e-01  1.09571207e+00 -1.48027316e-01 -1.26853481e-01  3.97320271e-01 -1.53820693e-01  1.51496723e-01  8.44825983e-01 -1.09554946e-01]
 [-5.10511065e+00 -2.67072380e-01  1.54830694e-01 -4.89080876e-01  4.57404852e+00 -2.30072904e+00 -4.50929213e+00 -8.31383109e-01 -2.59525037e+00  2.62924600e+00  1.44272912e+00 -2.35994458e+00 -8.85111630e-01  2.87956595e+00  7.62701154e-01]
 [ 1.11635458e-02  2.85580665e-01 -6.60500079e-02  3.70527923e-01 -7.90368691e-02  2.73028314e-01  1.75350308e-01  2.46855151e-02 -6.98909396e-04 -1.63733721e-01 -2.83450246e-01  1.05721392e-01  3.86126786e-01 -3.20106566e-01 -4.41748410e-01]
 [ 3.38501602e-01  8.53163242e-01 -1.13803947e+00  3.83374244e-01  1.69205278e-01  4.59947556e-01  2.55964845e-01  5.26290655e-01  1.08097255e+00  1.28693178e-01  1.72884002e-01  9.98847485e-01 -1.53589875e-01 -2.21014604e-01 -4.42232788e-02]
 [ 3.47347021e-01  4.27538246e-01  7.65839741e-02  1.11039758e-01 -1.32168040e-01 -2.39177868e-01  1.88122675e-01  4.47928667e-01 -3.80600929e-01  5.86312294e-01  3.84486541e-02  8.34148526e-02 -2.56865770e-01 -7.88156316e-02  2.32104957e-01]]
R:
[[0.24613264 0.0479998  0.16267063 0.12653264 0.06562041 0.00913395 0.00913395 0.17134173 0.02101232 0.14042194]
 [0.31106573 0.07588708 0.20479648 0.01245367 0.01245367 0.13118835 0.01245367 0.01245367 0.03187532 0.19537228]
 [0.22906874 0.04429445 0.15826759 0.11620016 0.06211315 0.0823636  0.00738636 0.1546971  0.01970924 0.1258996 ]
 [0.21292825 0.04903769 0.15065388 0.11849221 0.06415939 0.08635066 0.0089364  0.1586658  0.02266516 0.1281105 ]
 [0.21404329 0.04812042 0.1443625  0.12445205 0.06218793 0.08771333 0.00772064 0.15945433 0.02100294 0.13094258]
 [0.2266811  0.04419927 0.15530643 0.11860465 0.06086848 0.08344571 0.00718848 0.15344778 0.02039893 0.12985916]
 [0.21861419 0.04592656 0.14760457 0.12131371 0.06161503 0.0861835  0.00719084 0.16036299 0.02033632 0.13085236]
 [0.21692994 0.04449384 0.1470013  0.12111464 0.06016976 0.0864332  0.00642385 0.16519418 0.01849129 0.13374794]
 [0.22329324 0.04599004 0.15607418 0.11754116 0.06228305 0.08409852 0.00771787 0.15309323 0.02059963 0.12930904]
 [0.23813051 0.05350937 0.15907902 0.0085685  0.07005414 0.1009459  0.0085685  0.18611409 0.02291527 0.15211467]
 [0.21701752 0.04785419 0.14408162 0.12017357 0.06122527 0.08565047 0.00757704 0.16497669 0.0197805  0.13166319]
 [0.2552521  0.05410277 0.15396655 0.16250654 0.06958307 0.10500148 0.00873029 0.00873029 0.02114517 0.16098176]
 [0.23389058 0.0489278  0.13870308 0.14861341 0.06296705 0.00691913 0.00691913 0.18556769 0.01860719 0.14888495]
 [0.21763794 0.04606435 0.1408162  0.12917654 0.05951187 0.08744451 0.00831955 0.15921505 0.01947827 0.13233571]
 [0.24898674 0.05341174 0.13803644 0.00913007 0.06640135 0.10146603 0.00913007 0.1960593  0.0201359  0.15724237]]
distance_matrix:
[[1.5708051  2.3408303  1.2655044  1.2704434  1.3007264  1.2745395  1.2839375  1.2845249  1.2652125  1.182137   1.2791977  2.1282845  1.7217102  1.3353906  1.2349019 ]
 [1.7021708  2.6356983  1.440856   1.4539638  1.4576154  1.4411163  1.447433   1.4520612  1.439764   1.630517   1.4467592  2.057569   1.7822595  1.4799752  1.6585011 ]
 [1.5189991  2.4683065  1.190434   1.2420058  1.2534957  1.2003164  1.2339411  1.2469621  1.2050867  1.6197219  1.2525597  1.7176766  1.6592832  1.2618675  1.685101  ]
 [1.7861652  2.8802848  1.4930539  1.4928379  1.5030117  1.495975   1.4947314  1.4951491  1.4908018  1.686573   1.4910374  2.251358   1.8680267  1.5228701  1.7220349 ]
 [1.6731477  2.884966   1.4023266  1.4250054  1.4335313  1.4067035  1.4201746  1.4241271  1.4074459  1.7794538  1.4283547  2.0773277  1.7657466  1.4458947  1.8353939 ]
 [1.4852157  2.6104417  1.2393036  1.2956986  1.3038182  1.248961   1.2829328  1.2949405  1.2562962  1.7160149  1.3004909  1.8145618  1.6074257  1.3122497  1.7782903 ]
 [1.6506968  2.9025073  1.3177943  1.3343925  1.3310142  1.320744   1.3211513  1.3206692  1.3225536  1.7022858  1.3242664  2.047442   1.7069283  1.3430672  1.737093  ]
 [1.4633904  2.6456342  1.1500201  1.1837478  1.1703401  1.1451945  1.1567178  1.1572576  1.1568813  1.6641426  1.1682844  1.7275186  1.5105634  1.1629391  1.6811666 ]
 [1.6267705  2.5796108  1.3265395  1.351449   1.3489437  1.3195624  1.3441277  1.3613062  1.3240352  1.963613   1.3646731  1.5461726  1.709446   1.3439035  2.021721  ]
 [1.3765824  2.8044674  1.0082533  1.0007665  0.9745395  0.99595046 0.97485423 0.96709657 1.0014532  1.5322268  0.9758866  1.6698596  1.3474991  0.97604537 1.5419929 ]
 [1.7081637  3.0521631  1.358027   1.3537879  1.3231072  1.3435831  1.322886   1.3131452  1.3499827  1.8397655  1.3216262  1.9517217  1.6728525  1.3198657  1.8302503 ]
 [1.3543808  2.68136    1.0167506  1.0061328  0.9714377  0.9999378  0.9777925  0.9741447  1.0070822  1.6247699  0.9742563  1.5397236  1.30318    0.9564321  1.5984867 ]
 [1.8306961  3.489231   1.4317613  1.3853459  1.3417034  1.4103494  1.3543     1.3309598  1.4120541  1.9391203  1.338326   2.2373166  1.7125831  1.3374071  1.9085331 ]
 [1.5453911  3.1504488  1.1630969  1.1176696  1.0709891  1.1403489  1.087254   1.0737443  1.1425247  1.7069464  1.0731335  1.779623   1.4258294  1.0627899  1.6593928 ]
 [2.169222   3.8214018  1.8424299  1.806484   1.7365263  1.8124402  1.7568505  1.7465851  1.8240764  2.5397103  1.73893    2.2773845  1.9934809  1.6998184  2.4181602 ]]
