hid1:
[[-3.35197560e-02  8.71313736e-04  9.83650684e-02  1.61185209e-02 -1.53354749e-01  7.58991390e-03 -2.48546414e-02 -2.07457915e-01 -1.42986141e-02  1.77783985e-02  4.39624451e-02  4.19205464e-02  7.16266930e-02  1.76067516e-01  6.35853112e-02]
 [ 1.01517770e-03  1.02304816e-02  1.01169497e-01  1.01652350e-02  4.26272154e-01  7.67907053e-02 -1.49511784e-01  8.44516307e-02  3.46202925e-02  1.21471792e-01  9.64563340e-04 -6.67742714e-02  4.64953594e-02  3.59562039e-02 -1.09422430e-02]
 [ 1.82574987e-02  3.27505618e-02 -1.90286830e-01 -5.83215952e-01 -2.33985960e-01 -1.63541198e-01  2.63832062e-02  1.12267770e-02  3.62914130e-02  1.99517712e-01  2.85961702e-02  4.79127467e-03  4.36032191e-03  1.89763177e-02  1.05649360e-01]
 [ 4.19399235e-03  3.52408111e-01 -5.69998473e-02  7.45081156e-03 -9.09028109e-03 -2.22901683e-02 -7.08758235e-02  4.21345979e-01 -1.70138106e-01 -4.87438738e-02  4.43998352e-02 -4.05738652e-02 -1.88072801e-01 -5.53324893e-02  3.10131311e-01]
 [ 8.99423566e-03  9.47134942e-02 -1.07656591e-01  9.99096036e-03 -1.76645201e-02  4.50382708e-03  2.93428600e-02  6.84256703e-02 -9.18997005e-02  5.16733006e-02  1.24688610e-01 -1.29078031e-01  8.13996512e-03  3.10560055e-02  8.42075944e-02]
 [ 4.05132204e-01  2.75122225e-02 -6.20618090e-03 -1.67120397e-02  2.07505375e-03 -1.04642943e-01 -4.66004722e-02  1.23112597e-01  3.52409035e-02  3.65657270e-01 -3.55717726e-03  2.24804133e-02 -8.68074223e-02  9.63754430e-02  7.34705031e-02]
 [ 7.27545172e-02  1.47200152e-02  3.72648314e-02 -1.42182270e-03 -1.31397359e-02 -2.14266349e-02 -4.60617617e-03  5.66988736e-02 -5.44616580e-03 -1.71247832e-02  2.61584856e-03 -1.75600275e-01 -2.04091296e-02  9.42261145e-03  8.03565159e-02]
 [ 8.16536974e-03  5.37948459e-02  1.99930817e-02 -4.54202145e-02 -2.92272717e-02 -1.84397548e-01  4.38686088e-02  3.80406529e-03 -3.34165096e-02  9.00558233e-02  3.98876444e-02  3.24850455e-02 -7.85226300e-02  8.01903009e-02  1.36459574e-01]
 [-2.92907022e-02  6.07685111e-02 -2.07916405e-02 -6.33253157e-03 -1.49062008e-01 -6.34165704e-02  4.99950200e-02  3.46934907e-02 -5.32066748e-02  1.78713277e-01 -4.48397920e-03  4.33015749e-02 -9.63168368e-02  3.06490492e-02  5.38240969e-02]
 [ 9.94490460e-03  2.50883639e-01 -7.83297345e-02 -2.39834785e-02 -3.82236354e-02 -9.57447141e-02 -3.33551690e-03  1.82320997e-01 -1.26562566e-02  2.65956730e-01  2.91209482e-03 -1.01555614e-02 -1.63037688e-01  1.39527523e-03  9.42984298e-02]
 [-4.31808643e-02  1.47339284e-01 -8.65586475e-02  1.11419940e-05 -2.73297541e-03 -2.48477645e-02 -4.53231409e-02  1.92948520e-01 -1.51827373e-02 -8.08848664e-02 -1.27341747e-02 -3.88383865e-02 -1.13782212e-01  1.75481988e-03  5.30763939e-02]
 [-1.77677587e-01  7.30357021e-02 -6.03738986e-03  1.59377195e-02  3.96556258e-02  7.09793344e-02 -6.66064397e-03  1.94558188e-01  1.53554715e-02  1.16105095e-01  5.43173403e-03  7.60704279e-03 -1.77918643e-01 -2.23555133e-01  2.22681403e-01]
 [-1.90288872e-01  8.48184675e-02 -8.99793208e-02 -3.25873448e-03  1.67291146e-05 -1.85411036e-01  3.21517065e-02  1.29194349e-01 -5.93941286e-03  1.99899018e-01  1.99743547e-03 -2.26047151e-02 -1.58397138e-01 -8.05506036e-02  1.26087129e-01]
 [-1.80804774e-01  7.90131167e-02 -9.08595175e-02 -1.00989036e-01 -3.26525909e-03 -8.99998695e-02 -2.16104090e-03  3.61784697e-01 -2.26455480e-02  2.30582505e-01  1.66449174e-02 -7.40510076e-02 -1.36371344e-01  4.01532203e-02  1.72784284e-01]
 [-5.62306404e-01  6.44680262e-02 -9.78548825e-02 -5.69611862e-02 -2.18011826e-01 -1.83076151e-02  5.36065921e-02  3.78573000e-01  2.71981098e-02  3.16010863e-01  4.44151834e-02 -1.46546230e-01 -3.13362002e-01 -1.16966724e-01 -9.57794040e-02]]
hid2:
[[-0.10786971  0.21425815 -0.05105279 -0.01267585 -0.02370238 -0.04513245  0.019035    0.15453784 -0.00437865  0.2408087  -0.0145093  -0.0543861  -0.16774085 -0.07652378  0.14452036]
 [-0.1711644   0.11804064 -0.22411837 -0.09414642 -0.02795565 -0.10239846  0.05024656  0.3087357   0.00698376  0.27088588  0.18891318 -0.07327354 -0.23510867  0.01987173  0.19350618]
 [-0.11709905  0.18227267 -0.09238625 -0.0082266  -0.05176889 -0.1213447  -0.01274431  0.21956606 -0.01059387  0.2103973   0.02997945 -0.06821791 -0.14921217 -0.00734331  0.12205514]
 [-0.11586563  0.18991742 -0.09376278 -0.00788559 -0.04743575 -0.1274879  -0.02398557  0.22313103 -0.01064176  0.21414594  0.03027871 -0.07109464 -0.15027206 -0.00239291  0.12292473]
 [-0.11793494  0.17506406 -0.10404158 -0.01725245 -0.0587698  -0.10969523  0.00228343  0.22240736 -0.00536967  0.20770551  0.0219488  -0.06348231 -0.15415293 -0.01099759  0.12557457]
 [-0.10972705  0.18170325 -0.09709434 -0.01831254 -0.06452216 -0.1182616  -0.00299622  0.22514723 -0.00639996  0.20998186  0.01387434 -0.06273321 -0.15521982 -0.00569774  0.12816516]
 [-0.12389487  0.17127979 -0.10450082 -0.0224373  -0.05704818 -0.11083093  0.00231323  0.2222446  -0.00519001  0.2100676   0.0232177  -0.06300893 -0.15788072 -0.00693166  0.13040519]
 [-0.12653492  0.16863275 -0.10309897 -0.02462661 -0.0560307  -0.11144307  0.00158258  0.22164093 -0.00704735  0.20996833  0.02314535 -0.06417006 -0.15870503 -0.0068496   0.13334592]
 [-0.1271938   0.16828118 -0.10830913 -0.02135041 -0.05449292 -0.10237756  0.00698725  0.21867192 -0.00518113  0.2076693   0.02191795 -0.0631873  -0.15641806 -0.01325765  0.12777752]
 [-0.18528256  0.07245131 -0.18207435 -0.00572889 -0.03287642 -0.06961673  0.06136218  0.23680417 -0.01996239  0.15599799  0.10033042 -0.05384921 -0.13627006 -0.04641634  0.11953293]
 [-0.12375097  0.17304412 -0.10586856 -0.02064135 -0.05342642 -0.11056571 -0.00059527  0.22286797 -0.00650357  0.21059766  0.02577828 -0.06457621 -0.15733421 -0.00907005  0.13047005]
 [-0.18206103  0.13061206 -0.12685074 -0.11895548 -0.02825346 -0.1255861   0.00482284  0.2534271  -0.01019191  0.26972836  0.07620727 -0.06938196 -0.23867196  0.03193528  0.23938295]
 [-0.15099671  0.16498771 -0.09785973 -0.05880612 -0.02429534 -0.01463322  0.059276    0.16508208  0.00839568  0.23868833 -0.00593504 -0.04821634 -0.19448155 -0.07249192  0.1727528 ]
 [-0.17614259  0.13378918 -0.13119805 -0.05875473 -0.03133868 -0.09220292  0.01338301  0.21986751 -0.00796842  0.21970427  0.03622231 -0.06517991 -0.18251503 -0.00243286  0.1632255 ]
 [-0.21040303  0.05815689 -0.18716577 -0.03823067 -0.02584384 -0.05159619  0.07296077  0.22669324 -0.01981607  0.16961025  0.08037512 -0.05323977 -0.15834747 -0.0438715   0.14423734]]
topics:
[[-3.31111550e-01 -6.90342113e-02 -3.01443100e-01 -3.53194863e-01 -8.92121717e-02  1.24507591e-01  2.84282237e-01  2.25416839e-01  5.88126741e-02  2.64148861e-01 -7.00377449e-02 -8.36286880e-03 -3.71287078e-01 -2.05237921e-02  3.54650974e-01]
 [ 2.10399181e-01  5.22572815e-01 -7.02977300e-01 -3.16208601e-01  1.00509286e-01  6.68742537e-01  6.69382438e-02  4.47003901e-01  1.89809501e-01  2.38183334e-01 -8.03264417e-03 -4.73934293e-01 -3.39167833e-01 -7.97225833e-01  3.42342794e-01]
 [-2.65532851e-01  1.79330945e-01  2.07529217e-01  1.48548007e-01  6.19713105e-02 -1.88004822e-02  9.55353677e-02 -6.93151057e-02  3.36174875e-01  2.19666034e-01  7.14051366e-01 -2.97197867e-02 -7.73327500e-02 -5.33343107e-02 -9.59799718e-03]
 [ 1.39074683e-01  7.90042460e-01  3.74746799e-01 -2.94493288e-01 -1.28904000e-01 -3.68580341e-01 -4.31561470e-01  1.15114234e-01  9.96896029e-02  6.63448274e-01 -5.09525001e-01 -1.43653139e-01 -4.23201174e-01  3.23557466e-01  3.53485525e-01]
 [-3.14298272e-01 -4.01413649e-01  3.74374241e-01  4.55838948e-01  9.77404490e-02 -5.80220461e-01 -2.40050092e-01  1.26204744e-01 -5.61303377e-01 -3.96228671e-01  2.39696309e-01 -8.65783170e-03  3.26827139e-01 -2.06471547e-01  2.38412440e-01]
 [-3.23981673e-01 -2.77510226e-01 -6.09399974e-01  1.19505194e-03 -3.37040603e-01 -1.03449523e+00 -4.04258549e-01  9.78312731e-01 -1.69352472e-01 -1.47836939e-01  4.62571442e-01 -2.23100930e-01  4.79492471e-02  8.38120162e-01 -8.80683213e-02]
 [-5.05740595e+00 -3.11322033e-01  7.45834187e-02 -6.27407610e-01  4.57870817e+00 -2.30835128e+00 -4.52371216e+00 -8.46372366e-01 -2.56696415e+00  2.65007472e+00  1.27527988e+00 -2.05801725e+00 -9.33764398e-01  2.89556956e+00  7.98211396e-01]
 [-6.34959191e-02  1.57620043e-01 -1.68942675e-01  3.67615104e-01 -1.19006157e-01  2.08664596e-01  1.62455752e-01 -1.75987277e-02  2.66320594e-02 -1.64547533e-01 -3.08580220e-01 -5.33517543e-03  2.20135719e-01 -3.13996404e-01 -3.81820232e-01]
 [ 2.69437820e-01  8.42736185e-01 -1.12316275e+00  4.27414358e-01  1.94028243e-01  4.44847077e-01  2.55310267e-01  4.96561736e-01  1.03309476e+00  1.37925342e-01  2.07828715e-01  8.05979848e-01 -2.07153201e-01 -2.34658211e-01 -5.28638102e-02]
 [ 3.04463089e-01  3.35218310e-01  4.08698693e-02  5.25165759e-02 -1.64864376e-01 -2.94067740e-01  1.76896542e-01  3.86452883e-01 -4.15444493e-01  5.88599801e-01 -2.40029301e-02  7.37584978e-02 -3.28628421e-01 -6.54212683e-02  2.80248344e-01]]
R:
[[0.22400148 0.06898057 0.14117691 0.14905103 0.0779174  0.00729103 0.00729103 0.1788998  0.01819642 0.12719424]
 [0.3171128  0.10295398 0.19973768 0.01033666 0.01033666 0.13082205 0.01033666 0.01033666 0.02847956 0.17954722]
 [0.19362637 0.06672345 0.14108372 0.13853751 0.0682262  0.08706227 0.00578485 0.16407454 0.01634022 0.1185409 ]
 [0.18209088 0.07044065 0.13905278 0.14497942 0.06871796 0.09028716 0.00663944 0.16090411 0.01903219 0.11785544]
 [0.21929212 0.06451719 0.13252607 0.13301803 0.06411505 0.08580967 0.00461544 0.16436051 0.0168434  0.11490247]
 [0.21314271 0.06263746 0.12750766 0.14512157 0.06643106 0.08770996 0.00373027 0.16125518 0.01677392 0.11569027]
 [0.2298343  0.06216364 0.1322071  0.1330126  0.06460598 0.08531068 0.00495093 0.1585631  0.01706857 0.11228317]
 [0.23384532 0.06247016 0.13133304 0.13325062 0.06697168 0.08444951 0.00506318 0.15593034 0.01606864 0.11061747]
 [0.23451482 0.06331448 0.13138463 0.126857   0.06331047 0.08193623 0.00535199 0.16532788 0.01665124 0.1113513 ]
 [0.30196348 0.07101858 0.14384443 0.00799882 0.07638338 0.09212982 0.00799882 0.16037506 0.02197601 0.11631162]
 [0.22417967 0.06562334 0.13259438 0.1316689  0.06583986 0.08508301 0.00546324 0.15781915 0.01799528 0.11373314]
 [0.36590165 0.0697388  0.1364983  0.12093289 0.07696957 0.0821095  0.00866321 0.00866321 0.02102082 0.10950211]
 [0.33896944 0.0630202  0.1289969  0.11328804 0.0677853  0.00732513 0.00732513 0.15043123 0.01861575 0.10424293]
 [0.31567103 0.06115286 0.12354053 0.10695463 0.06788131 0.07480364 0.00924433 0.12735333 0.01924997 0.09414838]
 [0.36938757 0.06375193 0.12699103 0.00946719 0.07417519 0.07647801 0.00946719 0.14878017 0.01941744 0.10208431]]
distance_matrix:
[[5.1335154 7.2001224 4.727893  4.6973076 4.864834  4.852015  4.9131927 4.919107  4.935999  5.769165  4.8767347 6.341434  5.937435  5.507812  6.348317 ]
 [3.627716  5.6127996 3.1606226 3.1465607 3.2389286 3.214716  3.28612   3.2964983 3.3055732 4.118926  3.2635164 4.760958  4.3170686 3.8759804 4.648415 ]
 [2.3212962 3.6893458 1.9805207 1.9903388 1.9811585 1.972785  1.992826  1.9979062 2.012449  2.7622743 1.9872804 2.865756  2.646326  2.3390641 3.1041107]
 [2.162943  3.944665  1.7933006 1.7713366 1.8610055 1.823422  1.8909254 1.9002271 1.9274366 2.932119  1.8736081 3.0148673 2.7779384 2.4170637 3.3925123]
 [1.9569042 3.4628246 1.6083262 1.6247914 1.6093478 1.6271479 1.6301019 1.6424744 1.6264815 2.24178   1.6229279 2.8072908 2.2992833 1.9874728 2.6017215]
 [2.7801375 4.253606  2.4304514 2.413395  2.481054  2.4631739 2.5032892 2.5145636 2.532799  3.3295517 2.483478  3.4925952 3.2945056 2.9406347 3.768167 ]
 [1.8682408 3.4080677 1.5038314 1.5208483 1.4922788 1.4848933 1.5078092 1.5143976 1.5186031 2.2177067 1.5055838 2.5448346 2.1908727 1.866054  2.5542297]
 [1.8052597 3.3768826 1.488306  1.5357075 1.4369099 1.444982  1.4413643 1.4421592 1.4365609 1.9865069 1.4510503 2.4297557 1.9698253 1.6948624 2.230638 ]
 [1.906373  3.1639628 1.4958172 1.5153818 1.4503176 1.4465342 1.452249  1.4552689 1.4610293 2.0102053 1.4526105 2.2862067 2.0801678 1.6916108 2.2770443]
 [1.7092698 2.5416896 1.4746902 1.5220344 1.4101601 1.4723313 1.3961618 1.3923519 1.3710489 1.5706289 1.392617  1.9634106 1.6568515 1.4058521 1.7291257]
 [1.8982375 3.2403677 1.56443   1.5873902 1.5352983 1.5468605 1.5293863 1.5296023 1.5335388 2.0912426 1.5305803 2.3172653 2.0591247 1.7192671 2.3309028]
 [1.5144191 2.6637063 1.4275389 1.4949598 1.3057048 1.3462362 1.2553058 1.2335181 1.2366993 1.4077702 1.2700291 1.4181976 1.2288465 1.0505881 1.368031 ]
 [1.6995888 2.3069496 1.5105824 1.5746107 1.3912518 1.4542775 1.3416142 1.3201737 1.3176277 1.3368688 1.3488197 1.3928361 1.3561249 1.0916982 1.3142962]
 [1.7404113 2.3862371 1.5335593 1.5902104 1.4109089 1.4572301 1.3469491 1.3196859 1.3359549 1.4690695 1.3600206 1.2219439 1.3532071 1.0454202 1.3923936]
 [3.510879  3.7034721 3.3945065 3.4740882 3.232476  3.3291693 3.1489582 3.1126847 3.111079  2.8137884 3.1588774 2.7043152 2.855433  2.5961227 2.6226978]]
