hid1:
[[-3.68078798e-02 -5.65713644e-02 -8.84529948e-02 -2.20717430e-01 -1.59233063e-02  1.76856965e-02 -7.64798373e-02 -1.41336441e-01 -1.48031384e-01  7.59013966e-02 -1.56090975e-01 -1.88510925e-01 -1.15969270e-01 -1.45773876e+00 -1.41505569e-01 -4.35488582e-01]
 [ 8.67376998e-02 -1.45773876e+00 -5.07867187e-02 -2.59303749e-01 -8.93922150e-02  8.06800053e-02  8.93250108e-04 -1.66480273e-01 -1.28103942e-01  1.24479875e-01 -1.50133997e-01 -3.08761358e-01 -1.45773876e+00  2.24129409e-02 -2.68154055e-01 -4.03597772e-01]
 [-7.05927312e-02 -1.45773876e+00 -1.45773876e+00 -1.97162688e-01 -1.95840448e-02 -4.61182296e-02 -2.37286985e-01 -1.62174523e-01 -5.49031496e-02 -1.45773876e+00 -1.45773876e+00 -2.17723846e-01 -7.51872361e-02  3.74354422e-03 -3.45274210e-02 -3.57792079e-01]
 [ 2.60142714e-01 -8.45555961e-03 -4.81685996e-03 -7.43335485e-03 -1.93059295e-01 -8.41549486e-02 -2.07471669e-01 -8.64798725e-02  1.74025804e-01 -1.45773876e+00 -1.45773876e+00 -9.65055525e-02  3.92870009e-01 -6.74261153e-03  2.91737318e-02 -1.98386073e-01]
 [ 8.85146111e-02 -5.61164021e-02 -4.82722223e-02 -2.16565371e-01 -1.24019384e-01  9.20367241e-02 -3.67442071e-02 -1.82698041e-01 -5.43758273e-02  1.33331120e-02 -1.01667106e-01 -2.47516245e-01 -1.84146404e-01  1.48448095e-01 -1.25714689e-01 -1.45773876e+00]
 [ 1.29333079e-01 -1.45773876e+00 -4.91739064e-02 -1.98672205e-01 -1.15477502e-01  1.00763112e-01 -5.88188320e-02 -1.53531641e-01 -9.95177329e-02 -6.13064170e-02 -1.43551439e-01 -2.76226103e-01 -1.45773876e+00 -6.35994673e-02 -2.48791933e-01 -5.61776698e-01]
 [-1.45773876e+00 -1.45773876e+00  3.83344218e-02 -1.72617257e-01  2.66923010e-03  1.15536004e-02 -2.12068498e-01  1.22609422e-01  2.62171030e-03  7.45420158e-03 -1.42983556e-01 -8.68243873e-02  5.78252450e-02 -4.11408097e-02 -1.50395185e-02 -2.62150735e-01]
 [-1.45773876e+00 -2.10789979e-01 -1.00323111e-01 -1.56067431e-01 -1.45773876e+00  1.51278242e-01  1.18550159e-01  5.52635491e-02 -4.60712612e-02 -3.21487337e-02 -1.45773876e+00 -1.29171908e-01 -2.86203057e-01 -1.92820251e-01 -1.10429853e-01 -1.45773876e+00]
 [-2.92267561e-01 -1.45773876e+00  2.04627588e-01  4.03725058e-01 -6.98042959e-02 -1.45773876e+00 -4.77107406e-01  3.45257223e-01  4.04688299e-01 -1.45773876e+00 -1.37653381e-01  6.08164907e-01  6.13282442e-01 -3.58786881e-02  4.68887597e-01  4.77572560e-01]
 [-1.75854117e-02  6.60301745e-03  2.12445587e-01 -6.11913204e-02 -8.30535293e-02 -2.26111412e-01 -2.22195148e-01 -1.90842509e-01  4.30911258e-02 -9.36240256e-02 -1.90203369e-01 -7.85758495e-02  1.84902847e-01  1.05662137e-01  1.90670997e-01 -1.41326219e-01]
 [-8.28858763e-02 -5.42956293e-02 -1.24027580e-01 -2.44978517e-02 -2.23330796e-01 -2.15560198e-01 -2.02899992e-01  2.17635006e-01  2.21660644e-01 -3.32515150e-01 -1.71055138e-01 -1.45773876e+00  3.78253698e-01  1.50062442e-02  1.95333660e-01  3.05689931e-01]
 [-2.41545677e-01  1.19456761e-01  4.89888459e-01 -8.76826495e-02 -1.27715111e-01 -1.45773876e+00 -5.85748732e-01  4.06367004e-01  2.84934700e-01 -5.21071672e-01  4.87840027e-02  4.86032099e-01  1.15532017e+00 -2.50090182e-01 -1.45773876e+00  9.01699245e-01]
 [ 2.85562456e-01  7.97027051e-02  4.64119464e-01  4.62422296e-02 -3.02747995e-01 -2.88512796e-01 -5.69650769e-01  2.83792168e-01  2.50321746e-01 -3.12319309e-01 -5.67275584e-02  3.44471991e-01  6.30063355e-01  1.90802395e-01  4.59251314e-01  4.41614211e-01]
 [ 1.59606904e-01 -2.95457244e-02  2.58611798e-01  2.82345593e-01 -1.62262976e-01 -3.22624356e-01 -4.54547644e-01  2.97222048e-01  4.18116152e-01 -1.45773876e+00 -1.02086633e-01  5.29119313e-01  9.28179920e-01 -1.44167215e-01  5.62944174e-01 -1.45773876e+00]
 [ 1.57775030e-01 -1.11238033e-01 -1.45773876e+00 -1.45773876e+00 -3.14525723e-01 -1.45773876e+00 -2.85733491e-01  2.92595744e-01  2.41595000e-01 -1.44653380e-01 -1.45773876e+00  1.87077165e-01  6.23084784e-01 -4.08960581e-01  2.65980184e-01  1.83052212e-01]
 [ 9.78348553e-02 -1.03230625e-02  3.73252153e-01  2.16343999e-02 -2.26148069e-01 -1.94502562e-01 -5.30424953e-01  6.03988707e-01  4.65723842e-01 -5.72942078e-01 -2.13921189e-01 -1.45773876e+00  6.52769923e-01 -1.58422261e-01  4.69084293e-01  5.38919568e-01]]
hid2:
[[ 0.06024003 -0.08371183 -0.12455633 -0.25675875 -0.0859185   0.09794202 -0.00909464 -0.11731948 -0.13188085  0.08859485 -0.14360347 -0.32673693 -0.21167028  0.01450007 -0.24724013 -0.4668833 ]
 [ 0.04494792 -0.08009689 -0.11000802 -0.23322716 -0.09817543  0.06520201 -0.03173414 -0.11366247 -0.11087576  0.07854106 -0.14861292 -0.29620335 -0.16803093  0.01878429 -0.21733862 -0.43494314]
 [ 0.0268495  -0.07671    -0.09239335 -0.20587993 -0.11500911  0.02147526 -0.06438525 -0.10840099 -0.08058064  0.06704883 -0.1564742  -0.2587679  -0.11120643  0.02697047 -0.18055806 -0.39705297]
 [ 0.0372756  -0.07899817 -0.10266697 -0.22196637 -0.10629896  0.04508426 -0.04759492 -0.1113     -0.09635466  0.07394693 -0.15284213 -0.28026667 -0.14230871  0.02333697 -0.20159787 -0.41941318]
 [ 0.05677341 -0.08292562 -0.1211396  -0.25138792 -0.08870568  0.09018768 -0.01450764 -0.11633332 -0.12673765  0.08625655 -0.14472535 -0.31960872 -0.20147154  0.0156461  -0.24025047 -0.45938453]
 [ 0.03804299 -0.07888995 -0.10369364 -0.22307037 -0.10499292  0.04852778 -0.04443733 -0.11192097 -0.09940355  0.0743947  -0.15206368 -0.28247845 -0.14637753  0.02205157 -0.20377994 -0.42138863]
 [ 0.05843821 -0.08332064 -0.1227963  -0.25398993 -0.08743929  0.09385505 -0.01201135 -0.11682547 -0.12915021  0.08741075 -0.14424938 -0.32304206 -0.20629142  0.01513829 -0.24362007 -0.46305156]
 [ 0.05605327 -0.08277621 -0.12040585 -0.2502728  -0.08935983  0.08851971 -0.01574984 -0.11614696 -0.12560451  0.0858026  -0.14500618 -0.31807843 -0.19923994  0.01591181 -0.23877312 -0.45783946]
 [ 0.04355675 -0.07976749 -0.10899054 -0.23124368 -0.09940796  0.06256025 -0.03357399 -0.11357496 -0.10938536  0.07776348 -0.14925124 -0.29389596 -0.16442314  0.01906621 -0.21503733 -0.43266422]
 [ 0.04437385 -0.0803994  -0.10947011 -0.23269556 -0.09985868  0.06174732 -0.03531956 -0.11322888 -0.10769252  0.07845472 -0.14987306 -0.29473075 -0.16408648  0.02040638 -0.21580975 -0.43411702]
 [ 0.05996646 -0.08364052 -0.12425484 -0.25631127 -0.08610329  0.09734514 -0.00948734 -0.11722565 -0.13148518  0.08839213 -0.14365217 -0.3261325  -0.21087618  0.01456886 -0.24665515 -0.46622202]
 [ 0.05392543 -0.08228352 -0.1185179  -0.24707694 -0.09114707  0.08406033 -0.01886811 -0.11574008 -0.12281123  0.08447165 -0.1458103  -0.31403124 -0.19327337  0.01649513 -0.23478912 -0.45368308]
 [ 0.05979799 -0.08345968 -0.12384174 -0.25580993 -0.0857475   0.09742753 -0.00903345 -0.11708056 -0.13168296  0.08807539 -0.14321207 -0.32551697 -0.2108437   0.01423257 -0.24611442 -0.4652374 ]
 [ 0.03100311 -0.07713113 -0.09674942 -0.2120352  -0.11027613  0.03366892 -0.05444206 -0.11010545 -0.0899166   0.06959349 -0.15399106 -0.2681163  -0.12649813  0.02379314 -0.18976729 -0.40610194]
 [ 0.06011547 -0.08367881 -0.12442855 -0.25655946 -0.08600479  0.09768339 -0.00926331 -0.11728473 -0.13171667  0.08850645 -0.14363003 -0.32647672 -0.21132277  0.01452628 -0.2469873  -0.46660122]
 [ 0.00267303 -0.07173263 -0.06952436 -0.16932994 -0.13649194 -0.03390436 -0.10469984 -0.10221469 -0.04350121  0.05169689 -0.16626965 -0.21012633 -0.03846931  0.03616296 -0.1327613  -0.3474254 ]]
topics:
[[-0.19540748  0.01400509 -0.09979445  0.06523428  0.01002134 -0.26745853  0.08466154  0.03478923 -0.00984906 -0.21198519 -0.09348556 -0.19241074 -0.00506058  0.0533136   0.0460331  -0.03881618]
 [ 0.01182086  0.01068582  0.04378203 -0.03282455 -0.06549336  0.08150557  0.08689319 -0.11535285 -0.10073444  0.00417764 -0.07464656  0.10778495 -0.17765552 -0.05538979 -0.01446564  0.0324703 ]
 [-0.09855445  0.047267    0.10767666 -0.10729895  0.01957623  0.08714119 -0.06844033 -0.15746592  0.00979315 -0.19880715 -0.08905628  0.11505082 -0.03579597 -0.04003306 -0.01442996  0.01953457]
 [ 0.09146067 -0.11537543  0.17885402 -0.04086198 -0.08666932  0.02434989  0.13014062  0.09293212  0.01090707 -0.08190293  0.07910571  0.01225274 -0.04351573  0.03243271 -0.04872584  0.08763643]
 [ 0.01759004  0.06407891  0.28040424 -0.10271543  0.14416271 -0.00609754 -0.07527253 -0.02462325  0.03267526  0.11354531  0.03910136 -0.17125216  0.02705213 -0.01280635  0.02655108 -0.13945371]
 [ 0.0436996  -0.09089093  0.08965676 -0.1502716  -0.00713172 -0.10071001 -0.0119309   0.0625049  -0.16563047  0.04754952  0.14700432  0.04690127 -0.08780701 -0.02781385  0.3338152  -0.00442996]
 [-0.13512151 -0.0437233   0.06165527  0.03913422 -0.25960886 -0.3522884  -0.33731416 -0.06603754  0.17094956 -0.03594213 -0.22247112  0.06867142  0.3789805   0.09004661  0.141145   -0.06314722]
 [ 0.06024416 -0.08371326 -0.12456183 -0.25676626 -0.08591708  0.09795024 -0.00909029 -0.1173214  -0.13188612  0.08859856 -0.14360419 -0.32674724 -0.21168147  0.01449991 -0.24724992 -0.46689552]
 [ 0.08891476 -0.15802564 -0.0168427   0.00306386  0.10029745  0.03564285 -0.05800468  0.03751823 -0.04339655  0.02467853  0.05093929  0.08514243  0.03993455 -0.19679925 -0.0034646   0.02431163]
 [-0.19449209  0.0500586   0.02074216  0.14355735 -0.12305575  0.03354917  0.14253126 -0.18487354 -0.31822932 -0.08354322 -0.106245   -0.02403587  0.0125821  -0.1935087   0.04806855 -0.07397272]]
R:
[[1.72645480e-06 1.72645480e-06 1.72645480e-06 1.72645480e-06 1.72645480e-06 1.72645480e-06 1.48310628e-05 9.99971509e-01 1.72645480e-06 1.72645480e-06]
 [4.16405441e-04 4.16405441e-04 4.16405441e-04 4.16405441e-04 4.16405441e-04 4.16405441e-04 7.13079795e-02 9.21173751e-01 4.16405441e-04 4.60340502e-03]
 [4.04552673e-04 4.04552673e-04 4.04552673e-04 4.04552673e-04 4.04552673e-04 4.04552673e-04 1.69000223e-01 8.27418745e-01 4.04552673e-04 7.49155122e-04]
 [1.36201261e-05 1.36201261e-05 1.36201261e-05 1.36201261e-05 1.36201261e-05 1.36201261e-05 1.17375009e-01 8.82407129e-01 1.36201261e-05 1.22542813e-04]
 [3.06098140e-04 1.71764463e-04 1.71764463e-04 1.71764463e-04 1.71764463e-04 1.71764463e-04 1.67694204e-02 9.81576502e-01 1.71764463e-04 3.17415659e-04]
 [2.99150943e-05 2.99150943e-05 2.99150943e-05 2.99150943e-05 2.99150943e-05 2.99150943e-05 1.09239325e-01 8.87231231e-01 2.99150943e-05 3.31998221e-03]
 [6.31298462e-05 5.48487369e-05 5.48487369e-05 5.48487369e-05 5.48487369e-05 5.48487369e-05 8.97334330e-03 9.90534723e-01 5.48487369e-05 9.96868839e-05]
 [1.92528343e-04 1.92528343e-04 1.92528343e-04 1.92528343e-04 1.92528343e-04 1.92528343e-04 2.05401480e-02 9.77762520e-01 1.92528343e-04 3.49651149e-04]
 [2.24413860e-04 2.24413860e-04 2.24413860e-04 2.24413860e-04 2.24413860e-04 2.24413860e-04 7.73631856e-02 9.15296853e-01 2.24413860e-04 5.76901156e-03]
 [3.20468898e-05 3.20468898e-05 3.20468898e-05 3.20468898e-05 3.20468898e-05 3.20468898e-05 8.02494362e-02 9.18829381e-01 3.20468898e-05 6.96820032e-04]
 [4.60949996e-05 4.60949996e-05 4.60949996e-05 4.60949996e-05 4.60949996e-05 4.60949996e-05 1.25227764e-03 9.98378992e-01 4.60949996e-05 4.60949996e-05]
 [1.38367453e-04 1.38367453e-04 1.38367453e-04 1.38367453e-04 1.38367453e-04 1.38367453e-04 3.04195303e-02 9.67387736e-01 1.38367453e-04 1.22419419e-03]
 [3.67528817e-04 3.67528817e-04 3.67528817e-04 3.67528817e-04 3.67528817e-04 3.67528817e-04 3.67528817e-04 9.96256948e-01 3.67528817e-04 8.02805705e-04]
 [4.91478655e-04 4.91478655e-04 4.91478655e-04 4.91478655e-04 4.91478655e-04 4.91478655e-04 1.41045257e-01 8.49788845e-01 4.91478655e-04 5.72548248e-03]
 [1.52801767e-05 1.52801767e-05 1.52801767e-05 1.52801767e-05 1.52801767e-05 1.52801767e-05 5.57310006e-04 9.99285758e-01 1.52801767e-05 5.00410315e-05]
 [2.98375002e-04 2.98375002e-04 2.98375002e-04 2.98375002e-04 2.98375002e-04 2.98375002e-04 2.92097777e-01 7.04371631e-01 2.98375002e-04 1.44210109e-03]]
distance_matrix:
[[ 46.95139   46.82377   47.067333  46.84156   46.894737  46.838142  46.917442  46.882904  46.81943   46.795795  46.94744   46.855057  46.960117  46.971733  46.949474  48.14453 ]
 [ 54.26746   55.04471   56.32537   55.484573  54.41525   55.44387   54.339264  54.447144  55.117466  55.030582  54.2807    54.542362  54.314163  56.002625  54.273243  58.797173]
 [ 53.05574   51.571587  50.056652  50.80036   52.679802  50.923397  52.854378  52.59915   51.459778  51.42797   53.026352  52.38807   53.03198   50.433784  53.042824  48.886333]
 [ 59.629593  57.394043  55.040493  56.2986    59.079918  56.450253  59.34028   58.964066  57.227283  57.256054  59.584454  58.65521   59.55991   55.596664  59.609886  52.744377]
 [ 37.9163    38.46734   39.528877  38.830254  38.01652   38.78355   37.963676  38.0383    38.51673   38.46677   37.925533  38.10134   37.951622  39.23559   37.920147  41.679146]
 [ 30.451252  30.989065  32.07003   31.377321  30.547867  31.322262  30.497965  30.56975   31.041512  31.008091  30.45937   30.633339  30.47538   31.760445  30.454716  34.234875]
 [ 43.20868   42.144615  41.22089   41.656776  42.932472  41.726463  43.0608    42.874283  42.067844  42.060944  43.186565  42.7213    43.18515   41.423195  43.19894   40.787895]
 [ 61.93506   61.14196   60.50002   60.754257  61.720684  60.820236  61.818092  61.67488   61.08481   61.04594   61.918823  61.556805  61.931767  60.65064   61.927834  60.45554 ]
 [165.08801  158.63565  151.06654  155.29564  163.5528   155.76324  164.2873   163.22762  158.1424   158.26666  164.96085  162.35568  164.86664  152.93846  165.03282  142.00331 ]
 [ 62.455555  59.442     56.146683  57.94905   61.724636  58.15244   62.072662  61.570732  59.21518   59.2716    62.395103  61.15831   62.35427   56.932808  62.42921   52.61927 ]
 [ 78.9205    75.72941   72.21421   74.145226  78.146576  74.36414   78.51567   77.983536  75.49273   75.55172   78.85603   77.54919   78.808304  73.057884  78.892525  68.4075  ]
 [175.90417  168.32632  159.45558  164.46712  174.10486  164.99413  174.96959  173.72656  167.75403  167.94556  175.75333  172.70912  175.61774  161.6259   175.83888  148.67322 ]
 [112.189865 106.64512  100.226456 103.81593  110.864975 104.20975  111.49968  110.585556 106.22808  106.34351  112.079315 109.83789  111.98953  101.80065  112.14198   92.65176 ]
 [159.93533  152.69798  144.15977  148.94475  158.21454  149.47252  159.03908  157.85095  152.14745  152.28925  159.79239  156.87585  159.68129  146.27727  159.87341  133.84358 ]
 [ 89.96099   85.69154   80.806496  83.5048    88.932846  83.81645   89.4239    88.716095  85.3718    85.43732   89.87578   88.13753   89.815506  82.009544  89.92409   75.23999 ]
 [133.71954  128.48752  122.45504  125.823906 132.4674   126.19423  133.06726  132.20401  128.09424  128.20242  133.61511  131.49788  133.53108  123.931816 133.67432  115.38101 ]]
