hid1:
[[4.26792532e-01 0.00000000e+00 2.24197477e-01 0.00000000e+00 1.02299578e-01 2.01638520e-01 3.56839225e-02 2.48700127e-01 0.00000000e+00 2.72008210e-01 2.44012207e-01 1.87591612e-01 2.11141095e-01 0.00000000e+00 6.55326471e-02 0.00000000e+00]
 [4.06718731e-01 0.00000000e+00 2.36206919e-01 0.00000000e+00 5.61909787e-02 1.99159309e-01 7.11981356e-02 2.42257148e-01 0.00000000e+00 2.91169316e-01 2.23502070e-01 2.01498240e-01 2.08801135e-01 0.00000000e+00 7.03978911e-02 0.00000000e+00]
 [4.48653072e-01 0.00000000e+00 2.18632504e-01 0.00000000e+00 1.13697432e-01 2.30605885e-01 5.91185838e-02 2.53356040e-01 0.00000000e+00 2.60487705e-01 2.63978750e-01 2.21138090e-01 2.13646889e-01 0.00000000e+00 9.66500193e-02 0.00000000e+00]
 [4.00377452e-01 0.00000000e+00 2.75066018e-01 0.00000000e+00 7.91261718e-02 2.03770682e-01 5.40272221e-02 2.09422469e-01 0.00000000e+00 2.53270656e-01 2.12625965e-01 1.55333474e-01 2.02364773e-01 0.00000000e+00 6.82512745e-02 0.00000000e+00]
 [3.78407091e-01 0.00000000e+00 2.11744368e-01 0.00000000e+00 8.84443820e-02 2.06752807e-01 6.49616718e-02 2.07630455e-01 0.00000000e+00 2.95975983e-01 2.57123768e-01 1.77129745e-01 2.51458168e-01 0.00000000e+00 4.86763790e-02 0.00000000e+00]
 [4.32933360e-01 0.00000000e+00 2.51671344e-01 0.00000000e+00 7.68624991e-02 1.90484881e-01 3.52125876e-02 2.44676322e-01 0.00000000e+00 2.78326005e-01 2.22300470e-01 1.88161969e-01 2.06805080e-01 0.00000000e+00 6.76124990e-02 0.00000000e+00]
 [4.32393104e-01 0.00000000e+00 2.27170989e-01 0.00000000e+00 9.75352675e-02 2.04099387e-01 4.28069010e-02 2.31086746e-01 0.00000000e+00 2.48307347e-01 2.44177401e-01 2.03512028e-01 2.15418205e-01 0.00000000e+00 5.79744540e-02 0.00000000e+00]
 [4.10063535e-01 0.00000000e+00 2.32555345e-01 0.00000000e+00 6.69029504e-02 2.08320856e-01 2.62651667e-02 2.30719641e-01 0.00000000e+00 2.67535239e-01 2.17070714e-01 1.86705723e-01 2.39581868e-01 0.00000000e+00 4.05594669e-02 0.00000000e+00]
 [0.00000000e+00 4.73984629e-02 0.00000000e+00 0.00000000e+00 3.88131924e-02 0.00000000e+00 0.00000000e+00 0.00000000e+00 0.00000000e+00 0.00000000e+00 0.00000000e+00 0.00000000e+00 0.00000000e+00 2.49623060e-01 0.00000000e+00 5.57038128e-01]
 [2.02389598e-01 6.09829389e-02 1.49552628e-01 0.00000000e+00 3.05787921e-02 5.15005365e-02 1.91054419e-02 1.04242377e-01 2.24483404e-02 9.19310749e-02 1.25996917e-01 6.88620061e-02 8.66526887e-02 2.15644762e-02 7.84611329e-02 5.29712290e-02]
 [0.00000000e+00 8.92316103e-02 0.00000000e+00 0.00000000e+00 5.06176520e-03 0.00000000e+00 0.00000000e+00 4.58581299e-02 0.00000000e+00 0.00000000e+00 2.39926409e-02 2.51061772e-03 4.66249464e-03 1.87541038e-01 0.00000000e+00 3.15295070e-01]
 [0.00000000e+00 8.01942348e-02 0.00000000e+00 0.00000000e+00 2.94101294e-02 0.00000000e+00 0.00000000e+00 0.00000000e+00 1.39270732e-02 0.00000000e+00 0.00000000e+00 0.00000000e+00 0.00000000e+00 1.05103046e-01 5.06999611e-04 5.46580017e-01]
 [0.00000000e+00 5.74003570e-02 0.00000000e+00 0.00000000e+00 3.29834931e-02 0.00000000e+00 0.00000000e+00 0.00000000e+00 0.00000000e+00 0.00000000e+00 0.00000000e+00 0.00000000e+00 0.00000000e+00 1.08969495e-01 0.00000000e+00 5.62256813e-01]
 [0.00000000e+00 4.13085446e-02 0.00000000e+00 0.00000000e+00 8.61029029e-02 0.00000000e+00 0.00000000e+00 0.00000000e+00 0.00000000e+00 0.00000000e+00 0.00000000e+00 0.00000000e+00 0.00000000e+00 1.96547002e-01 0.00000000e+00 4.83400792e-01]
 [0.00000000e+00 6.55800626e-02 0.00000000e+00 0.00000000e+00 1.78272557e-02 0.00000000e+00 0.00000000e+00 0.00000000e+00 8.05007666e-02 0.00000000e+00 0.00000000e+00 0.00000000e+00 0.00000000e+00 1.84344694e-01 0.00000000e+00 4.26076025e-01]
 [0.00000000e+00 1.29121825e-01 0.00000000e+00 0.00000000e+00 4.53834534e-02 0.00000000e+00 0.00000000e+00 0.00000000e+00 5.32242320e-02 0.00000000e+00 0.00000000e+00 0.00000000e+00 0.00000000e+00 1.96078986e-01 0.00000000e+00 4.66246486e-01]]
hid2:
[[ 0.34274337 -0.00173013  0.1536072  -0.01299437  0.11564326  0.15873387 -0.00347042  0.17068598  0.0022776   0.20321673  0.16760713  0.16163053  0.16216134 -0.06408332  0.03648523  0.03896056]
 [ 0.34273955 -0.00173032  0.15360695 -0.01299438  0.11564142  0.15873224 -0.00346928  0.17068444  0.00227738  0.20321414  0.16760515  0.16162816  0.16215892 -0.06408212  0.03648495  0.03896071]
 [ 0.01941056  0.04748649  0.12248241 -0.01943517  0.01549922  0.00901639  0.02629613  0.03078217 -0.02902027  0.01432299 -0.01268623 -0.01745336  0.02078698  0.01277624  0.06079888 -0.03669196]
 [ 0.34275368 -0.00173084  0.15360792 -0.01299422  0.11564709  0.1587386  -0.00347215  0.17069013  0.00227822  0.20322318  0.16761258  0.16163675  0.16216634 -0.06408609  0.03648512  0.03896188]
 [ 0.34275043 -0.00173062  0.15360767 -0.01299427  0.11564587  0.15873714 -0.0034716   0.17068882  0.00227801  0.20322114  0.16761087  0.16163482  0.16216475 -0.06408522  0.03648515  0.03896148]
 [ 0.3427515  -0.00173058  0.15360773 -0.01299426  0.11564635  0.1587376  -0.00347189  0.17068921  0.00227804  0.20322187  0.16761139  0.1616355   0.16216536 -0.06408555  0.03648523  0.03896147]
 [ 0.34274313 -0.00173067  0.15360709 -0.01299425  0.11564261  0.15873389 -0.00346984  0.17068581  0.0022775   0.2032164   0.16760695  0.1616306   0.1621604  -0.06408305  0.03648496  0.03896137]
 [ 0.3427501  -0.00173024  0.15360756 -0.0129943   0.11564602  0.15873693 -0.00347187  0.17068857  0.00227784  0.20322113  0.16761056  0.1616348   0.1621648  -0.06408526  0.03648544  0.03896098]
 [ 0.3426661  -0.00174036  0.15360181 -0.01299161  0.11560028  0.15869872 -0.00344513  0.17065693  0.0022751   0.203163    0.16756596  0.16158618  0.1621081  -0.06405552  0.03647929  0.03897302]
 [ 0.3427535  -0.00173081  0.1536079  -0.01299423  0.11564703  0.15873852 -0.00347213  0.17069007  0.0022782   0.20322308  0.1676125   0.16163667  0.16216627 -0.06408606  0.03648514  0.03896185]
 [ 0.34273094 -0.0017307   0.15360673 -0.01299439  0.11563755  0.15872826 -0.00346708  0.17068146  0.00227738  0.20320833  0.16760091  0.16162248  0.16215438 -0.06407939  0.03648442  0.03896083]
 [ 0.34274524 -0.00173171  0.15360796 -0.01299402  0.11564302  0.15873437 -0.00347     0.17068776  0.00227875  0.20321737  0.16760856  0.16163103  0.16216227 -0.06408305  0.03648461  0.0389626 ]
 [ 0.3427402  -0.00173147  0.153607   -0.01299425  0.11564063  0.15873279 -0.0034682   0.17068468  0.00227744  0.20321403  0.16760558  0.16162843  0.16215779 -0.06408194  0.03648413  0.03896236]
 [ 0.34272397 -0.00173178  0.15360531 -0.01299363  0.11563302  0.15872496 -0.00346498  0.17067818  0.00227637  0.20320378  0.16759625  0.1616204   0.16214819 -0.06407665  0.03648464  0.03896262]
 [ 0.34273037 -0.00173428  0.15360647 -0.0129936   0.11563387  0.15872833 -0.00346378  0.1706813   0.0022775   0.20320661  0.16760048  0.16162269  0.16214973 -0.06407774  0.0364826   0.03896603]
 [ 0.3427491  -0.00173083  0.1536077  -0.01299427  0.11564516  0.15873653 -0.0034711   0.17068839  0.00227807  0.20322017  0.16761026  0.16163382  0.16216393 -0.06408475  0.03648494  0.03896168]]
topics:
[[ 0.01219715  0.17241822 -0.04726034  0.05880506  0.00083036 -0.27503502  0.10364313  0.03767892  0.00636838 -0.18414804 -0.09487701 -0.12993307  0.03659999  0.10847829  0.09641996 -0.04165003]
 [ 0.03417812 -0.00325659  0.02825209 -0.00195389 -0.08407379  0.07247505  0.12412466 -0.0789412  -0.14469552  0.00737602 -0.07508264  0.12081365 -0.24273396  0.01441583  0.03430941  0.07915734]
 [-0.07914902  0.07049583  0.13493663 -0.09563286  0.02260334  0.10096257 -0.12548098 -0.20261045  0.10385537 -0.18077296 -0.12193219  0.10829361  0.03325148 -0.05158949 -0.02229252  0.02812497]
 [ 0.07720739 -0.11496679  0.1866682  -0.00927419 -0.07502253  0.04269658  0.15833908  0.12058592  0.05279884 -0.02802074  0.07785489 -0.08741211 -0.02690526  0.05853447 -0.0627088   0.16790985]
 [ 0.00482206  0.12748888  0.25122222 -0.14678958  0.04891018 -0.01875647 -0.10192929 -0.02742165  0.06926028  0.1541044   0.04299331 -0.28663194  0.03071257  0.05341474  0.01770537  0.02457939]
 [ 0.0027822  -0.06263007  0.09781868 -0.1857023  -0.07030085 -0.10492266 -0.02365023  0.06210807 -0.16274945  0.02956894  0.16126706  0.04774034 -0.0570234  -0.04888695  0.23110525 -0.0464034 ]
 [-0.14488874  0.05759514  0.14322239  0.12706776 -0.00155813 -0.31672603 -0.27906737  0.1895986   0.13514954  0.03503219 -0.1765941   0.11367431  0.33646324  0.17654523  0.3772133  -0.05129747]
 [ 0.2132395   0.10229001  0.1775663  -0.08248858  0.24486908  0.28216562  0.14209646  0.12360989 -0.05740944  0.19171676 -0.04247788 -0.13016215 -0.07096884  0.06401961 -0.08910701 -0.48022565]
 [ 0.34275368 -0.00173084  0.15360792 -0.01299422  0.11564709  0.1587386  -0.00347215  0.17069013  0.00227822  0.20322318  0.16761258  0.16163675  0.16216634 -0.06408609  0.03648512  0.03896188]
 [-0.28633195  0.17577383  0.07958305  0.15157045 -0.01982469  0.13848718  0.2288453  -0.11434945 -0.31954262 -0.07217884 -0.09271994 -0.07161843  0.02057914 -0.196776    0.0258173  -0.14730175]]
R:
[[2.6243254e-06 2.9768116e-06 2.6243254e-06 8.8913475e-06 2.6243254e-06 2.6243254e-06 2.6243254e-06 2.6243254e-06 9.9996972e-01 2.6243254e-06]
 [3.2692863e-06 5.2208629e-06 3.2692863e-06 1.4244060e-05 3.2692863e-06 3.2692863e-06 3.2692863e-06 3.2692863e-06 9.9995768e-01 3.2692863e-06]
 [9.7094528e-02 9.7094528e-02 9.7094528e-02 1.2614922e-01 9.7094528e-02 9.7094528e-02 9.7094528e-02 9.7094528e-02 9.7094528e-02 9.7094528e-02]
 [2.0222668e-09 2.0222668e-09 2.0222668e-09 2.0222668e-09 2.0222668e-09 2.0222668e-09 2.0222668e-09 2.0222668e-09 1.0000000e+00 2.0222668e-09]
 [8.1125614e-07 9.9914757e-07 8.1125614e-07 2.7792028e-06 8.1125614e-07 8.1125614e-07 8.1125614e-07 8.1125614e-07 9.9999046e-01 8.1125614e-07]
 [6.1717026e-07 6.4309478e-07 6.1717026e-07 1.2609040e-06 6.1717026e-07 6.1717026e-07 6.1717026e-07 6.1717026e-07 9.9999380e-01 6.1717026e-07]
 [2.1521400e-06 5.4121824e-06 2.1521400e-06 1.1023419e-05 2.1521400e-06 2.1521400e-06 2.4954409e-06 2.1521400e-06 9.9996817e-01 2.1521400e-06]
 [1.1054206e-06 1.1054206e-06 1.1054206e-06 1.1054206e-06 1.1054206e-06 1.1054206e-06 1.1054206e-06 1.1054206e-06 9.9999011e-01 1.1054206e-06]
 [8.3827917e-06 6.8399924e-05 8.3827917e-06 1.3929147e-04 8.3827917e-06 8.3827917e-06 2.2846803e-05 8.3827917e-06 9.9971920e-01 8.3827917e-06]
 [5.8405170e-08 5.8405170e-08 5.8405170e-08 1.0483327e-07 5.8405170e-08 5.8405170e-08 5.8405170e-08 5.8405170e-08 9.9999952e-01 5.8405170e-08]
 [4.8745264e-06 7.4122649e-06 4.8745264e-06 2.7123855e-05 4.8745264e-06 4.8745264e-06 5.2763680e-06 4.8745264e-06 9.9993098e-01 4.8745264e-06]
 [1.1876074e-06 1.1876074e-06 1.1876074e-06 1.5400408e-05 1.1876074e-06 1.1876074e-06 2.8432414e-06 1.1876074e-06 9.9997342e-01 1.1876074e-06]
 [2.2742447e-06 7.9274832e-06 2.2742447e-06 1.8603250e-05 2.2742447e-06 2.2742447e-06 2.2742447e-06 2.2742447e-06 9.9995756e-01 2.2742447e-06]
 [4.3605028e-06 2.1347709e-05 4.3605028e-06 3.5413050e-05 4.3605028e-06 4.3605028e-06 8.5132460e-06 4.3605028e-06 9.9990845e-01 4.3605028e-06]
 [1.8089958e-06 1.9028603e-05 1.8089958e-06 4.2078729e-05 1.8089958e-06 1.8089958e-06 4.7321105e-06 1.8089958e-06 9.9992335e-01 1.8089958e-06]
 [9.9436272e-07 1.3404242e-06 9.9436272e-07 5.6440208e-06 9.9436272e-07 9.9436272e-07 9.9436272e-07 9.9436272e-07 9.9998605e-01 9.9436272e-07]]
distance_matrix:
[[ 0.6030791   0.603096    5.2487473   0.60303116  0.60304546  0.60303926  0.6030824   0.60304475  0.60347795  0.6030314   0.60313845  0.6030705   0.60309863  0.60318065  0.60315394  0.60305285]
 [ 0.56669354  0.5667076   4.829349    0.5666628   0.5666733   0.56666803  0.5666988   0.56667256  0.5669837   0.566663    0.5667405   0.5666907   0.56671023  0.5667665   0.5667503   0.5666778 ]
 [ 0.63729644  0.6373162   5.277168    0.63724947  0.6372657   0.63725567  0.6373017   0.6372688   0.6376972   0.63725066  0.63735485  0.6372869   0.63731694  0.637398    0.63737035  0.6372721 ]
 [ 0.4431479   0.4431548   4.261084    0.44312716  0.44313765  0.44313288  0.44314933  0.4431355   0.44331312  0.44312835  0.44317484  0.4431455   0.44315505  0.44318938  0.44317698  0.44313884]
 [ 0.54796195  0.5479789   4.867847    0.54792833  0.54793787  0.5479326   0.5479653   0.54793715  0.5482588   0.5479276   0.5480089   0.5479572   0.5479758   0.54803777  0.54801774  0.5479443 ]
 [ 0.4992349   0.49924612  4.729028    0.4991994   0.49921083  0.49920654  0.49923348  0.49921012  0.49951172  0.49919868  0.49927425  0.49922538  0.49924493  0.4993012   0.49928403  0.4992144 ]
 [ 0.565737    0.5657568   5.12284     0.5656929   0.5657053   0.565701    0.5657413   0.56570745  0.5661149   0.5656922   0.5657935   0.5657332   0.56575656  0.56583     0.56580997  0.56571364]
 [ 0.4874966   0.4875126   4.926576    0.48745632  0.4874668   0.48746347  0.487499    0.487468    0.48782873  0.4874556   0.48754358  0.48748994  0.4875133   0.48757815  0.48755622  0.4874761 ]
 [ 9.951971    9.951872    6.1463265   9.952211    9.952136    9.952164    9.951954    9.952135    9.949848    9.952208    9.951653    9.951988    9.951863    9.951455    9.951563    9.952099  ]
 [ 1.0841012   1.0840595   1.1843784   1.0842054   1.084173    1.0841835   1.0840969   1.0841718   1.0832407   1.0842032   1.083966    1.0841122   1.0840607   1.0838909   1.0839434   1.0841575 ]
 [ 6.563655    6.5635605   2.9109163   6.5638885   6.5638146   6.563841    6.5636406   6.563813    6.5616584   6.5638847   6.5633516   6.563677    6.5635557   6.5631685   6.563278    6.56378   ]
 [ 9.896705    9.896605    6.021624    9.896948    9.896872    9.896898    9.896688    9.89687     9.894583    9.896943    9.896385    9.896724    9.896597    9.896189    9.896298    9.896833  ]
 [10.48878    10.48868     6.5921955  10.489025   10.488947   10.488976   10.488763   10.488946   10.4866295  10.48902    10.488457   10.488798   10.48867    10.488258   10.488367   10.48891   ]
 [10.057346   10.057245    6.1502233  10.0575905  10.057514   10.057541   10.057329   10.057512   10.0552025  10.057587   10.057024   10.057364   10.057238   10.056826   10.056935   10.057476  ]
 [ 9.422461    9.422359    5.458775    9.422707    9.422629    9.422657    9.422444    9.422628    9.42031     9.422703    9.422135    9.422479    9.422352    9.421939    9.422049    9.422591  ]
 [10.223175   10.223075    6.343687   10.223419   10.223342   10.22337    10.223158   10.223341   10.221039   10.223414   10.222853   10.223194   10.223066   10.222657   10.222765   10.223305  ]]
