hid1:
[[0.0179614  0.18155661 0.12217719 0.11041755 0.04437365 0.         0.         0.         0.         0.03222753 0.10878496 0.         0.09815925 0.07953796 0.0810743  0.0182346 ]
 [0.         0.17718612 0.1380265  0.13657403 0.03972481 0.         0.00276096 0.         0.         0.0129663  0.10283722 0.00946761 0.09161291 0.08885161 0.07745059 0.        ]
 [0.         0.14819767 0.10145932 0.08593056 0.01875697 0.         0.00649961 0.         0.         0.04837809 0.08406845 0.         0.0821377  0.08080345 0.07808449 0.01311251]
 [0.         0.03272289 0.05992348 0.00374827 0.02053579 0.         0.14788885 0.         0.06347328 0.01971017 0.05540432 0.04914391 0.01134935 0.09543323 0.08236064 0.06638244]
 [0.007442   0.17494103 0.13963541 0.12436546 0.04432203 0.         0.04968797 0.         0.         0.03466393 0.08035173 0.         0.06576764 0.10404155 0.07787577 0.        ]
 [0.00536394 0.15785414 0.10429269 0.1026234  0.03667382 0.         0.02373427 0.         0.         0.04186263 0.10563944 0.01492263 0.05752625 0.09906644 0.06442703 0.00793966]
 [0.06774166 0.19417101 0.11038004 0.17061959 0.05059431 0.01578284 0.         0.         0.         0.06216027 0.09632894 0.         0.12410411 0.05569218 0.03998229 0.00668714]
 [0.03907455 0.21275158 0.14034922 0.1315875  0.04515736 0.         0.         0.         0.         0.06594807 0.09056225 0.         0.11813647 0.08206762 0.09190782 0.0147268 ]
 [0.         0.00264025 0.         0.         0.01775659 0.02077097 0.23366739 0.         0.15617892 0.00821423 0.         0.1795482  0.         0.09803082 0.         0.09396099]
 [0.         0.02768518 0.01767953 0.03135822 0.         0.1133089  0.12301411 0.         0.07648718 0.06816757 0.04832184 0.09272472 0.00605176 0.07919446 0.01806085 0.02873396]
 [0.         0.01062023 0.00473087 0.         0.04693646 0.         0.2467473  0.         0.11281296 0.         0.00805782 0.12735419 0.         0.10639592 0.02734783 0.04205337]
 [0.02840011 0.03333743 0.         0.         0.         0.         0.2668933  0.         0.14101337 0.00395797 0.         0.12389007 0.         0.1113786  0.00464514 0.11765673]
 [0.         0.         0.         0.         0.         0.         0.34738764 0.         0.1762298  0.         0.         0.29621598 0.         0.11302573 0.01279295 0.15059017]
 [0.04848026 0.         0.         0.         0.0170998  0.05041687 0.13594903 0.         0.14075711 0.         0.03091816 0.18619104 0.         0.09753174 0.00507206 0.08371393]
 [0.02918177 0.         0.         0.         0.         0.         0.3388228  0.         0.2538333  0.         0.         0.31628796 0.         0.13191482 0.         0.14943966]
 [0.         0.         0.         0.         0.         0.         0.3364172  0.         0.16110757 0.         0.00665623 0.21876782 0.         0.16540843 0.01546804 0.15111321]]
hid2:
[[ 0.01073777  0.16514169  0.12509298  0.11913336  0.03316373 -0.02340352  0.04102575 -0.00365987 -0.01071885  0.03077557  0.10583998 -0.01320797  0.05346434  0.10092938  0.08007547  0.02286294]
 [ 0.00946494  0.14682326  0.11300485  0.10637877  0.03223165 -0.01899457  0.03777216 -0.00249431 -0.00460602  0.02937933  0.09668915 -0.01045849  0.04829184  0.08777386  0.07316957  0.01842869]
 [ 0.00812867  0.13869864  0.10733765  0.10024109  0.03236787 -0.01757     0.0354333  -0.00121418 -0.0013336   0.02839178  0.09285697 -0.01040765  0.04736639  0.08186502  0.07039984  0.01571933]
 [ 0.00895504  0.13971046  0.10828273  0.10151324  0.03168752 -0.01724659  0.03671243 -0.00224291 -0.00220645  0.02882938  0.09292976 -0.00928065  0.04602686  0.08275715  0.07045868  0.01678314]
 [ 0.0107277   0.16451715  0.1246912   0.11873189  0.03308298 -0.02322417  0.04098247 -0.00368137 -0.01053277  0.03074383  0.10549069 -0.01304628  0.05319177  0.1004962   0.07982275  0.02275575]
 [ 0.00912546  0.1421043   0.10987779  0.10312264  0.03192625 -0.01784895  0.03700491 -0.002265   -0.00301732  0.029014    0.09425504 -0.00971678  0.04687176  0.08441911  0.0713815   0.01730997]
 [ 0.0107402   0.16485454  0.12491115  0.11895283  0.03312227 -0.02331638  0.04101326 -0.00367596 -0.01063849  0.03076435  0.10567808 -0.01312342  0.05332752  0.10073057  0.07995673  0.02282012]
 [ 0.00996071  0.15836664  0.12051174  0.11417782  0.03313209 -0.02200658  0.03935798 -0.00281951 -0.00824245  0.03011316  0.10264894 -0.01272068  0.05223413  0.09598881  0.07765507  0.02088334]
 [ 0.01049261  0.15976697  0.12157295  0.1155763   0.0325883  -0.02197067  0.04046159 -0.00368072 -0.00900269  0.03042678  0.10288783 -0.01206107  0.05140951  0.097183    0.07796198  0.0217848 ]
 [ 0.00685747  0.1178126   0.09360535  0.08590276  0.03099318 -0.01237472  0.03214339 -0.00026917  0.00551901  0.02688544  0.08217034 -0.00687284  0.04087939  0.06697109  0.06242396  0.01092356]
 [ 0.01073161  0.1648382   0.12489694  0.11893881  0.03312271 -0.02331658  0.04100633 -0.00367207 -0.0106273   0.03075954  0.10566769 -0.01312945  0.05333019  0.10072006  0.07995266  0.0228109 ]
 [ 0.01069625  0.16472302  0.1248159   0.11881638  0.03318675 -0.0233199   0.04089629 -0.0035812  -0.01057279  0.03073779  0.10567316 -0.01318854  0.05342032  0.10061049  0.07992885  0.02273289]
 [ 0.01071426  0.16386183  0.12427037  0.11830047  0.03301707 -0.02304202  0.04091446 -0.00368229 -0.0103367   0.03070918  0.10514334 -0.0128926   0.05293554  0.10003334  0.07956173  0.02263259]
 [ 0.01028041  0.15407218  0.11791035  0.11162698  0.03236489 -0.0205215   0.03943713 -0.00327905 -0.00725069  0.03008061  0.10020404 -0.01106499  0.04976581  0.09301617  0.07578141  0.02048984]
 [ 0.01074338  0.16515636  0.12510428  0.11914746  0.03315913 -0.02340339  0.04103608 -0.00366767 -0.01072692  0.03077888  0.10584369 -0.01320178  0.05345729  0.10094137  0.08007888  0.02287188]
 [ 0.01045534  0.15850873  0.12076868  0.11470477  0.03254201 -0.02164627  0.04023502 -0.00359036 -0.00862335  0.0303549   0.10230287 -0.01183331  0.05104389  0.09625852  0.07747836  0.02150325]]
topics:
[[ 1.07404264e-02  1.65275455e-01  1.25179514e-01  1.19218647e-01  3.31826881e-02 -2.34420821e-02  4.10332978e-02 -3.65350069e-03 -1.07592223e-02  3.07826139e-02  1.05916843e-01 -1.32432431e-02  5.35247996e-02  1.01021253e-01  8.01297799e-02  2.28854232e-02]
 [ 2.41125729e-02 -8.56339838e-03  1.74405556e-02  2.75743976e-02 -2.08700541e-02  4.24638875e-02  7.07617998e-02 -4.81060036e-02  3.07897329e-02  2.96319649e-02 -1.79178081e-02  7.01528415e-02 -8.05217326e-02 -8.36689677e-03 -2.90086882e-05  1.80839598e-02]
 [-2.86008120e-02  1.63288619e-02  9.80206300e-03 -3.73017155e-02  8.04946721e-02  6.24481253e-02 -6.13792129e-02 -7.97874480e-02  2.50538401e-02 -9.05969664e-02 -3.44646797e-02  5.53344712e-02  6.68700784e-03 -1.68388635e-02 -2.02025436e-02  2.60675922e-02]
 [ 2.83926427e-02 -9.24959183e-02 -7.72251189e-02  2.63683442e-02  4.28339699e-03  1.76203568e-02  5.14359139e-02  8.03565830e-02  2.77703777e-02 -3.00160479e-02  3.90905589e-02 -2.70533580e-02 -4.33213514e-04 -4.43507871e-03 -2.72089429e-02  1.78739149e-02]
 [ 2.37753731e-03  3.60215828e-02  3.06638833e-02 -6.24827743e-02  4.09171432e-02 -2.32636947e-02 -5.40412478e-02  1.12426188e-03 -5.30693214e-03  5.93599677e-02  1.58752706e-02 -9.33034644e-02 -6.10648980e-03  1.14866709e-02  2.71600839e-02 -2.44683862e-01]
 [-6.25873217e-03 -3.27758454e-02  7.23014697e-02 -6.53607175e-02 -2.37625535e-03 -5.32727614e-02 -1.02832820e-02  3.75881717e-02  1.12276174e-01  1.01479860e-02  2.87632979e-02  3.02049462e-02 -5.27299270e-02 -2.10252926e-02  1.04666829e-01 -3.67642380e-04]
 [-8.56514797e-02 -3.78687284e-03 -4.15332839e-02  6.97867423e-02 -8.00027326e-03 -1.32476047e-01 -1.35998651e-01  8.53230953e-02  1.64544642e-01  4.70444113e-02  5.84482476e-02  1.81721840e-02  2.98581332e-01  3.24915797e-02  1.44738242e-01  6.28657639e-03]
 [ 8.88890326e-02  2.81353481e-02  6.61921874e-02 -3.35231125e-02  1.31200254e-01  1.26589492e-01  5.73327504e-02  6.11903258e-02  6.79999515e-02  1.09020628e-01  6.47534877e-02 -8.87316391e-02  3.70155089e-02  1.69035215e-02 -6.16773032e-02 -6.65116776e-03]
 [ 7.39927962e-02 -1.90639123e-02  4.51312587e-02 -1.16071133e-02  6.93531483e-02  4.91050594e-02 -1.77927632e-02  4.45954874e-02 -1.21040642e-02  5.31995930e-02  1.00242831e-01  6.05068579e-02  1.32172732e-02 -7.19776899e-02 -2.34847957e-05  4.37817257e-03]
 [-1.68617457e-01  7.48360828e-02 -2.05831812e-03  7.32181817e-02 -7.26232911e-03  9.15649068e-03  1.08234249e-01 -3.54409441e-02  3.45053002e-02 -5.50138876e-02 -5.77040948e-03 -3.18606645e-02 -1.21249286e-02 -1.13532625e-01  2.04460882e-02 -4.64650877e-02]]
R:
[[9.99210358e-01 3.96304153e-04 4.77531212e-05 4.77531212e-05 4.77531212e-05 4.77531212e-05 4.77531212e-05 4.77531212e-05 5.89269875e-05 4.77531212e-05]
 [8.89658928e-01 2.74396930e-02 1.00173671e-02 1.00173671e-02 1.00173671e-02 1.00173671e-02 1.00173671e-02 1.00173671e-02 1.27798431e-02 1.00173671e-02]
 [8.39941621e-01 2.82287598e-02 1.64787024e-02 1.64787024e-02 1.64787024e-02 1.64787024e-02 1.64787024e-02 1.64787024e-02 1.64787024e-02 1.64787024e-02]
 [8.47115695e-01 4.03819866e-02 1.37346052e-02 1.37346052e-02 1.37346052e-02 1.37346052e-02 1.37346052e-02 1.37346052e-02 1.63601227e-02 1.37346052e-02]
 [9.95526373e-01 2.15061149e-03 2.74098245e-04 2.74098245e-04 2.74098245e-04 2.74098245e-04 2.74098245e-04 2.74098245e-04 4.04297636e-04 2.74098245e-04]
 [8.61427188e-01 3.52532081e-02 1.25419712e-02 1.25419712e-02 1.25419712e-02 1.25419712e-02 1.25419712e-02 1.25419712e-02 1.55258579e-02 1.25419712e-02]
 [9.97526944e-01 1.29580032e-03 1.33855676e-04 1.33855676e-04 1.33855676e-04 1.33855676e-04 1.33855676e-04 1.33855676e-04 2.40276873e-04 1.33855676e-04]
 [9.58236456e-01 4.64039715e-03 4.64039715e-03 4.64039715e-03 4.64039715e-03 4.64039715e-03 4.64039715e-03 4.64039715e-03 4.64039715e-03 4.64039715e-03]
 [9.67273831e-01 1.31006315e-02 2.42117047e-03 2.42117047e-03 2.42117047e-03 2.42117047e-03 2.42117047e-03 2.42117047e-03 2.67734472e-03 2.42117047e-03]
 [7.15314388e-01 6.42130449e-02 2.71843486e-02 2.71843486e-02 2.71843486e-02 2.71843486e-02 2.71843486e-02 2.71843486e-02 3.01821511e-02 2.71843486e-02]
 [9.97418523e-01 1.26748160e-03 1.58382245e-04 1.58382245e-04 1.58382245e-04 1.58382245e-04 1.58382245e-04 1.58382245e-04 2.05318909e-04 1.58382245e-04]
 [9.96685326e-01 3.44280998e-04 3.44280998e-04 3.44280998e-04 3.44280998e-04 3.44280998e-04 3.44280998e-04 3.44280998e-04 5.60390356e-04 3.44280998e-04]
 [9.91655231e-01 3.71805811e-03 5.36121544e-04 5.36121544e-04 5.36121544e-04 5.36121544e-04 5.36121544e-04 5.36121544e-04 8.73932848e-04 5.36121544e-04]
 [9.33467567e-01 2.14521959e-02 5.23453532e-03 5.23453532e-03 5.23453532e-03 5.23453532e-03 5.23453532e-03 5.23453532e-03 8.43853410e-03 5.23453532e-03]
 [9.99305010e-01 4.70007624e-04 2.55530522e-05 2.55530522e-05 2.55530522e-05 2.55530522e-05 2.55530522e-05 2.55530522e-05 4.61465934e-05 2.55530522e-05]
 [9.59817708e-01 1.49484165e-02 3.02737509e-03 3.02737509e-03 3.02737509e-03 3.02737509e-03 3.02737509e-03 3.02737509e-03 4.04220680e-03 3.02737509e-03]]
distance_matrix:
[[ 0.39887428  0.33979225  0.37227678  0.3636961   0.3940115   0.35272264  0.39661312  0.35712814  0.36354446  0.60523677  0.39648962  0.3955822   0.3891139   0.34204006  0.39898872  0.35736275]
 [ 0.24946404  0.4333706   0.57415247  0.5518532   0.25288582  0.50898695  0.25100517  0.2976961   0.28557205  1.0842454   0.25110197  0.25169563  0.25666952  0.33926678  0.24938488  0.29598618]
 [ 0.4774828   0.31166077  0.29606676  0.29413605  0.46901417  0.29709482  0.47357178  0.395957    0.4109869   0.40752673  0.4733405   0.4717369   0.46033335  0.35644913  0.4776907   0.39751816]
 [ 2.94121     2.1956398   1.9227655   1.9513776   2.912772    2.0311062   2.9281247   2.646002    2.7028716   1.3717065   2.9273403   2.922509    2.8832748   2.4697888   2.941867    2.650037  ]
 [ 0.30129385  0.3878417   0.48544025  0.46846533  0.30139017  0.43835545  0.3013072   0.3135419   0.3087821   0.88447595  0.30132198  0.3013053   0.30168915  0.3322606   0.301291    0.3125224 ]
 [ 0.21432352  0.21817446  0.27831936  0.2667365   0.2116437   0.24739742  0.2130723   0.19564962  0.19774485  0.58330655  0.21299839  0.21242476  0.20902538  0.19563818  0.21439505  0.19584131]
 [ 0.49569607  0.5541544   0.64024687  0.6240082   0.4948082   0.5974927   0.4952469   0.49787807  0.49490452  1.0071418   0.49524546  0.49506474  0.49407053  0.5093136   0.4957142   0.49663067]
 [ 0.44755363  0.67841816  0.84198713  0.8152065   0.45249748  0.76617     0.4497757   0.5139141   0.49715042  1.4051902   0.44993925  0.45088577  0.4578824   0.56494236  0.4474249   0.5106602 ]
 [12.364917   11.023628   10.502875   10.544602   12.314966   10.704439   12.341806   11.857727   11.944952    9.265191   12.34057    12.333559   12.26329    11.526651   12.3659115  11.851186  ]
 [ 4.510723    3.5822947   3.2336104   3.2664163   4.475726    3.3704617   4.4945784   4.150342    4.2170677   2.472144    4.4936676   4.488062    4.439432    3.9266202   4.511487    4.1515293 ]
 [ 7.4131813   6.332822    5.919644    5.9566984   7.372707    6.0813937   7.3944945   6.9983983   7.073037    4.9830313   7.393448    7.387332    7.3307915   6.7360067   7.414034    6.997238  ]
 [10.967514    9.669584    9.166908    9.207651   10.919128    9.361654   10.945133   10.475766   10.560769    7.9791956  10.94393    10.9370775  10.869066   10.155935   10.968485   10.469978  ]
 [16.228998   14.862894   14.338581   14.372598   16.177647   14.536745   16.205181   15.716463   15.79857    13.069168   16.203959   16.197521   16.124683   15.372603   16.22995    15.703109  ]
 [11.164766    9.84049     9.324837    9.368404   11.115552    9.525793   11.142015   10.662709   10.750618    8.107486   11.140778   11.133687   11.064606   10.337797   11.165767   10.658073  ]
 [15.897544   14.540275   14.018068   14.053935   15.846646   14.216587   15.873951   15.387281   15.470623   12.759686   15.87273    15.866137   15.794104   15.047259   15.898506   15.3757305 ]
 [17.38621    16.015133   15.491522   15.52279    17.334541   15.687679   17.36222    16.873074   16.953648   14.215594   17.361017   17.354698   17.28127    16.525623   17.387146   16.857704  ]]
