hid1:
[[0.4254177  0.12695022 0.5815247  0.3559999  0.47424927 0.28484598 0.1966163  0.01904831 0.29370376 0.3285391  0.28008205 0.3911848  0.3283604  0.13744198 0.22979762 0.        ]
 [0.4920616  0.04286007 0.3650491  0.38296163 0.4173985  0.3551353  0.2600753  0.08395588 0.53129786 0.4405098  0.4294941  0.5530407  0.3576665  0.33253407 0.12542021 0.        ]
 [0.50148094 0.         0.30520844 0.02606994 0.45086247 0.321212   0.23697186 0.08099214 0.22769347 0.06895922 0.         0.5516116  0.33486232 0.2525214  0.12198631 0.        ]
 [0.20071398 0.13043408 0.30144727 0.30371556 0.34677687 0.32470125 0.1855165  0.         0.2755257  0.31069964 0.19511448 0.49228054 0.2520608  0.26301986 0.39425772 0.        ]
 [0.31613818 0.22056215 0.21314894 0.06738822 0.6190056  0.30416605 0.29466662 0.08034083 0.40712914 0.44635165 0.35399944 0.5188325  0.35114804 0.3426711  0.43168956 0.01531363]
 [0.         0.67218745 0.9534337  0.         0.         0.         0.         0.         1.044594   0.37960356 0.         0.         0.         0.         0.8575571  0.        ]
 [0.15308756 0.04221965 0.6497505  0.39165312 0.51162195 0.23018864 0.33653465 0.18280058 0.3457549  0.72025615 0.32524562 0.6053929  0.42900988 0.34545454 0.40827748 0.19510789]
 [0.34706938 0.16646774 0.61358345 0.34957123 0.3574956  0.23486471 0.15811732 0.         0.5526936  0.3635635  0.2754118  0.4560985  0.25701123 0.19588052 0.4790276  0.1294804 ]
 [0.63649094 0.11596746 0.18652697 0.28399307 0.548233   0.31986114 0.4318574  0.07882216 0.07426834 0.43497863 0.2764658  0.6452748  0.4817674  0.42513928 0.         0.39271334]
 [0.         0.7764211  0.7316726  0.2734365  0.         0.         0.         0.         0.61555153 0.682852   0.         0.         0.         0.         0.9130646  0.        ]
 [0.42397198 0.         0.         0.         0.48063356 0.20600116 0.31117952 0.         0.         0.         0.         0.6545867  0.55663824 0.37030247 0.         0.        ]
 [0.         0.         0.         0.10410326 0.         0.         0.         1.0153297  0.         0.         0.95532715 0.         0.         0.         0.         1.5708215 ]
 [0.43514836 0.3134975  0.52837384 0.51904875 0.3789607  0.287771   0.23955582 0.48387632 0.3305201  0.5352835  0.4426505  0.47952616 0.34421092 0.33912298 0.39875257 0.59331393]
 [0.5130355  0.1793102  0.36812046 0.16887829 0.52577156 0.288965   0.430506   0.2945873  0.26814136 0.46624386 0.5727172  0.60191417 0.4588882  0.407464   0.13914756 0.39983582]
 [1.0358593  0.         0.         0.         0.52792084 0.2811536  0.3669128  0.         0.         0.         0.         0.62361217 0.42361277 0.3659143  0.         0.        ]
 [0.26079258 0.18874052 0.10699151 0.24291871 0.35733798 0.23417468 0.21983662 0.56990105 0.1394474  0.2564978  0.42174956 0.35721526 0.26141995 0.2704046  0.17296258 0.6309148 ]]
hid2:
[[ 0.21646392 -0.00857582  0.13491413  0.06507316  0.2021809   0.11339351  0.02909245  0.06829879  0.10752618  0.13325624  0.08557215  0.23248085  0.12203053  0.06996485  0.04783497  0.04158685]
 [ 0.21646418 -0.00857587  0.13491419  0.06507323  0.20218113  0.11339367  0.02909244  0.06829885  0.10752624  0.1332564   0.08557229  0.23248109  0.12203064  0.06996488  0.04783496  0.04158693]
 [-0.03152349  0.06118754  0.07822438  0.02546704  0.02028789 -0.06366809  0.04575719  0.01965375  0.02112694 -0.03745877 -0.03759431 -0.0271114   0.02773389  0.0926171   0.05966713 -0.02786179]
 [ 0.2164646  -0.008576    0.13491428  0.0650733   0.20218143  0.11339398  0.02909242  0.06829893  0.1075264   0.13325669  0.08557249  0.23248155  0.1220308   0.06996482  0.04783494  0.04158705]
 [ 0.21646443 -0.00857595  0.13491425  0.06507327  0.20218131  0.11339386  0.02909243  0.0682989   0.10752635  0.13325657  0.08557241  0.23248139  0.12203074  0.06996483  0.04783495  0.041587  ]
 [ 0.2164646  -0.008576    0.13491428  0.0650733   0.20218143  0.11339398  0.02909242  0.06829893  0.1075264   0.13325669  0.08557249  0.23248155  0.1220308   0.06996482  0.04783494  0.04158705]
 [ 0.2164516  -0.00857216  0.13491105  0.06507158  0.2021724   0.11338425  0.02909348  0.06829653  0.10752165  0.13324764  0.0855662   0.23246777  0.12202604  0.06996687  0.04783558  0.04158362]
 [ 0.2164646  -0.008576    0.13491428  0.0650733   0.20218143  0.11339398  0.02909242  0.06829893  0.1075264   0.13325669  0.08557249  0.23248155  0.1220308   0.06996482  0.04783494  0.04158705]
 [ 0.2164532  -0.00857285  0.13491318  0.06506974  0.20217203  0.11338701  0.02909175  0.0682959   0.1075229   0.13325013  0.08556695  0.23246872  0.12202585  0.06996424  0.04783518  0.04158258]
 [ 0.2164646  -0.008576    0.13491428  0.0650733   0.20218143  0.11339398  0.02909242  0.06829893  0.1075264   0.13325669  0.08557249  0.23248155  0.1220308   0.06996482  0.04783494  0.04158705]
 [ 0.21645519 -0.00857347  0.13491265  0.06507117  0.20217401  0.11338779  0.0290926   0.06829681  0.10752337  0.13325056  0.08556774  0.2324716   0.12202697  0.06996481  0.04783531  0.04158399]
 [ 0.21645556 -0.00857336  0.13491215  0.06507197  0.20217504  0.11338734  0.02909307  0.06829721  0.10752315  0.13325047  0.08556811  0.23247197  0.12202744  0.06996606  0.04783537  0.04158458]
 [ 0.21645609 -0.00857369  0.13491264  0.06507155  0.20217483  0.11338824  0.02909272  0.06829709  0.10752359  0.13325104  0.08556821  0.23247261  0.12202741  0.06996501  0.0478353   0.04158441]
 [ 0.21645916 -0.00857447  0.13491312  0.06507236  0.2021774   0.11339011  0.02909266  0.06829784  0.10752453  0.13325305  0.0855698   0.2324758   0.12202877  0.06996528  0.0478352   0.04158546]
 [ 0.21488889 -0.00808947  0.13443932  0.06497519  0.20117234  0.11211458  0.02928409  0.0680613   0.10691249  0.13210392  0.08481659  0.23082714  0.12151536  0.07036623  0.04793376  0.04124095]
 [ 0.2164646  -0.008576    0.13491428  0.0650733   0.20218143  0.11339398  0.02909242  0.06829893  0.1075264   0.13325669  0.08557249  0.23248155  0.1220308   0.06996483  0.04783494  0.04158705]]
topics:
[[-1.34270728e-01  1.09128729e-01 -1.30033577e-02  9.24951211e-02  2.02990994e-02 -2.12363273e-01  1.11554511e-01  3.61171253e-02 -4.98361513e-02 -1.54521078e-01 -7.65173584e-02 -1.28590494e-01  2.30377689e-02  2.29307517e-01  7.53750801e-02 -3.99859564e-04]
 [ 1.42602567e-02 -2.66775582e-02  3.76141705e-02 -2.99163368e-02 -6.18395098e-02  7.67454952e-02  9.92770270e-02 -9.67538729e-02 -1.00550465e-01  1.66929960e-02 -7.56787509e-02  1.04405530e-01 -2.03802511e-01 -8.05714875e-02  7.76677206e-03  2.55156495e-02]
 [-9.23378840e-02  4.74641211e-02  1.14110865e-01 -9.84161869e-02  7.60001317e-02  9.47153568e-02 -6.93643764e-02 -1.64309397e-01 -1.52127296e-02 -1.94223270e-01 -8.33452418e-02  1.26872838e-01 -1.52233904e-02 -3.44751291e-02 -1.48819303e-02  3.59826535e-02]
 [ 9.30476487e-02 -1.02028377e-01  1.59242466e-01 -7.64400419e-03 -8.32269117e-02  2.69744229e-02  1.30536184e-01  1.04880780e-01 -1.00538889e-02 -6.08845055e-02  7.92781785e-02  2.03732066e-02 -3.47210690e-02  3.26573029e-02 -4.84554544e-02  8.64489898e-02]
 [ 3.08667333e-03  9.94106755e-02  2.10305393e-01 -9.96208638e-02  5.01270406e-02 -1.16471667e-02 -9.53378230e-02 -3.59635875e-02  3.00141331e-02  1.30034000e-01  4.69519086e-02 -1.72229037e-01  1.02550909e-02  1.26238003e-01  2.34117713e-02 -1.29700676e-01]
 [ 3.26750539e-02 -3.68118696e-02  9.49215144e-02 -1.61844164e-01 -4.70492989e-02 -1.11311346e-01 -1.76303759e-02  3.31798270e-02  2.60630935e-01  3.03600952e-02  1.44313753e-01  5.06923497e-02 -9.59758908e-02 -4.23900969e-03  2.92576790e-01  4.88478970e-03]
 [-7.72395581e-02  5.74013107e-02  1.47083119e-01  1.38137653e-01 -9.12077054e-02 -2.96854466e-01 -2.53463030e-01  1.74130201e-01  1.26569450e-01  5.07678241e-02 -2.02037990e-01  7.82191232e-02  4.67872411e-01  1.04945108e-01  2.18962416e-01 -8.28624219e-02]
 [ 1.87123820e-01  8.76949728e-02  1.64568335e-01 -9.62678120e-02  2.10829034e-01  1.97441056e-01  1.11925736e-01  1.27808228e-01  3.17978933e-02  1.73997924e-01 -5.52833937e-02 -1.77606046e-01 -5.05626108e-03  1.51468478e-02 -1.12703346e-01 -2.70552665e-01]
 [ 2.16464594e-01 -8.57600104e-03  1.34914279e-01  6.50732964e-02  2.02181429e-01  1.13393977e-01  2.90924180e-02  6.82989284e-02  1.07526399e-01  1.33256689e-01  8.55724886e-02  2.32481554e-01  1.22030802e-01  6.99648187e-02  4.78349403e-02  4.15870510e-02]
 [-1.69196099e-01  2.03435108e-01  7.77400956e-02  1.99004784e-01 -7.32767954e-02  4.89643924e-02  1.61970556e-01 -1.13156617e-01  9.89449173e-02 -5.70440963e-02 -9.18917507e-02 -2.16837153e-02  2.66945995e-02 -5.01102135e-02  4.73373383e-02 -9.34515521e-02]]
R:
[[7.99725342e-07 2.20817469e-07 2.20817469e-07 2.20817469e-07 2.20817469e-07 2.20817469e-07 2.20817469e-07 2.20817469e-07 9.99997377e-01 2.20817469e-07]
 [6.45598732e-07 1.04727036e-07 1.04727036e-07 1.04727036e-07 1.85299783e-07 1.04727036e-07 1.04727036e-07 1.04727036e-07 9.99998450e-01 1.04727036e-07]
 [3.47093552e-01 7.25451559e-02 7.25451559e-02 7.25451559e-02 7.25451559e-02 7.25451559e-02 7.25451559e-02 7.25451559e-02 7.25451559e-02 7.25451559e-02]
 [3.41006960e-14 5.07001862e-15 5.07001862e-15 5.07001862e-15 5.07001862e-15 5.07001862e-15 5.07001862e-15 5.07001862e-15 1.00000000e+00 5.07001862e-15]
 [2.19364821e-07 5.24560058e-08 5.24560058e-08 5.24560058e-08 5.24560058e-08 5.24560058e-08 5.24560058e-08 5.24560058e-08 9.99999404e-01 5.24560058e-08]
 [1.40477796e-09 5.87971283e-10 5.87971283e-10 5.87971283e-10 5.87971283e-10 5.87971283e-10 5.87971283e-10 5.87971283e-10 1.00000000e+00 5.87971283e-10]
 [2.10444377e-05 3.06272887e-06 3.06272887e-06 3.06272887e-06 4.41142765e-06 3.06272887e-06 3.06272887e-06 3.06272887e-06 9.99953151e-01 3.06272887e-06]
 [2.97283753e-09 9.13059128e-10 9.13059128e-10 9.13059128e-10 9.13059128e-10 9.13059128e-10 9.13059128e-10 9.13059128e-10 1.00000000e+00 9.13059128e-10]
 [7.50610070e-06 4.51257029e-06 4.51257029e-06 4.51257029e-06 8.86809812e-06 4.51257029e-06 4.51257029e-06 4.51257029e-06 9.99952078e-01 4.51257029e-06]
 [9.06388783e-11 6.98064696e-12 6.98064696e-12 6.98064696e-12 1.05437490e-11 6.98064696e-12 6.98064696e-12 6.98064696e-12 1.00000000e+00 6.98064696e-12]
 [9.57721295e-06 3.46304091e-06 3.46304091e-06 3.46304091e-06 3.74623642e-06 3.46304091e-06 3.46304091e-06 3.46304091e-06 9.99962568e-01 3.46304091e-06]
 [1.38428732e-05 2.28522345e-06 2.28522345e-06 2.28522345e-06 3.22061396e-06 2.28522345e-06 2.28522345e-06 2.28522345e-06 9.99966979e-01 2.28522345e-06]
 [9.59133740e-06 2.95631435e-06 2.95631435e-06 2.95631435e-06 2.95631435e-06 2.95631435e-06 2.95631435e-06 2.95631435e-06 9.99966741e-01 2.95631435e-06]
 [7.23544463e-06 1.57290162e-06 1.57290162e-06 1.57290162e-06 2.01187186e-06 1.57290162e-06 1.70926353e-06 1.57290162e-06 9.99979496e-01 1.57290162e-06]
 [3.15819704e-03 2.45775620e-04 2.45775620e-04 2.45775620e-04 3.75752366e-04 2.45775620e-04 2.88526207e-04 2.45775620e-04 9.94702876e-01 2.45775620e-04]
 [1.81277322e-08 3.67461372e-09 3.67461372e-09 3.67461372e-09 3.96850908e-09 3.67461372e-09 3.67461372e-09 3.67461372e-09 1.00000000e+00 3.67461372e-09]]
distance_matrix:
[[15.248307  15.248298  26.587496  15.248293  15.248295  15.248293  15.24866   15.248293  15.248713  15.248293  15.248606  15.2485485 15.248568  15.248455  15.287023  15.248293 ]
 [11.644929  11.6449175 24.021572  11.644901  11.644905  11.644901  11.645329  11.644901  11.645363  11.644901  11.645252  11.645205  11.645216  11.64509   11.691834  11.644901 ]
 [ 7.8591385  7.859132  18.710892   7.859114   7.8591228  7.859114   7.8594694  7.859114   7.859481   7.859114   7.8594065  7.859373   7.859375   7.8592725  7.899355   7.859114 ]
 [14.542258  14.542247  25.599255  14.542236  14.54224   14.542236  14.542598  14.542236  14.542652  14.542236  14.542555  14.542496  14.542505  14.5424    14.5796    14.542236 ]
 [19.599747  19.599735  32.689613  19.599722  19.599724  19.599722  19.600176  19.599722  19.600243  19.599722  19.600124  19.600056  19.600075  19.599934  19.648262  19.599722 ]
 [90.98068   90.98068   92.307816  90.98069   90.98068   90.98069   90.980515  90.98069   90.98073   90.98069   90.98066   90.980576  90.980644  90.98064   90.94806   90.98069  ]
 [17.132507  17.132496  28.831354  17.132486  17.13249   17.132486  17.13287   17.132486  17.132921  17.132486  17.13282   17.13276   17.132772  17.132658  17.17384   17.132486 ]
 [15.801473  15.801469  25.755516  15.801456  15.801458  15.801456  15.801761  15.801456  15.801804  15.801456  15.801727  15.80168   15.801693  15.801598  15.832337  15.801456 ]
 [14.097434  14.097432  27.163153  14.097416  14.097422  14.097416  14.097884  14.097416  14.097904  14.097416  14.097792  14.097744  14.097752  14.097626  14.149266  14.097416 ]
 [51.405453  51.405453  52.819084  51.40546   51.40546   51.40546   51.405293  51.40546   51.405457  51.40546   51.40542   51.405357  51.405407  51.405415  51.37807   51.40546  ]
 [ 9.67074    9.670736  17.96007    9.670731   9.6707325  9.670731   9.670958   9.670731   9.670963   9.670731   9.670914   9.670889   9.670889   9.670832   9.696407   9.670731 ]
 [99.5549    99.55491   98.349106  99.554924  99.55492   99.554924  99.55464   99.554924  99.55472   99.554924  99.55475   99.55473   99.554756  99.55481   99.51928   99.554924 ]
 [25.871174  25.871162  37.37619   25.871145  25.871151  25.871145  25.871511  25.871145  25.871609  25.871145  25.871483  25.871405  25.871433  25.871323  25.907557  25.871145 ]
 [19.642586  19.642578  32.13121   19.642569  19.64257   19.642569  19.642994  19.642569  19.643045  19.642569  19.642944  19.642878  19.642883  19.642756  19.687654  19.642569 ]
 [11.279651  11.279643  20.460768  11.279633  11.279636  11.279633  11.279909  11.279633  11.279912  11.279633  11.279852  11.279828  11.279831  11.279755  11.310526  11.279633 ]
 [19.185913  19.185911  25.2867    19.185902  19.185907  19.185902  19.186005  19.185902  19.186058  19.185902  19.186008  19.185976  19.185995  19.185955  19.194437  19.185902 ]]
