hid1:
[[0.22994618 0.06564689 0.17782801 0.         0.19883418 0.15866373 0.         0.17633449 0.         0.25695053 0.23353651 0.         0.09530339 0.         0.         0.18275434]
 [0.25581402 0.05899132 0.19829899 0.         0.         0.1681262  0.         0.18115324 0.         0.25879708 0.24459952 0.         0.09710001 0.         0.         0.        ]
 [0.23849595 0.         0.20273663 0.         0.2121973  0.16910397 0.         0.2028319  0.         0.23714384 0.23393655 0.03589976 0.09379149 0.         0.         0.19334215]
 [0.17509751 0.0847355  0.11405962 0.02453216 0.17640543 0.10429496 0.         0.1250661  0.         0.1886238  0.17659786 0.         0.07376164 0.         0.0517228  0.12091682]
 [0.23263472 0.1067837  0.19370468 0.         0.         0.1416342  0.         0.21106239 0.         0.2528424  0.21285263 0.         0.0730572  0.         0.         0.16230264]
 [0.25067902 0.         0.15880111 0.         0.18294129 0.15018089 0.         0.16412455 0.         0.22684267 0.21483542 0.         0.10685448 0.         0.         0.15643713]
 [0.21562727 0.06041718 0.1966274  0.         0.2040732  0.15682055 0.         0.1893459  0.         0.24193768 0.20936483 0.         0.0738294  0.         0.         0.18386772]
 [0.20882156 0.05198918 0.20483361 0.         0.21917842 0.16603805 0.         0.202787   0.         0.24095534 0.22783482 0.         0.09870132 0.         0.         0.19195095]
 [0.         0.         0.         0.2714321  0.         0.         0.         0.         0.         0.         0.         0.07208466 0.         0.         0.2399656  0.        ]
 [0.05479683 0.01355299 0.02924743 0.04238366 0.07387806 0.         0.         0.05818924 0.         0.05430043 0.         0.05051887 0.         0.         0.         0.        ]
 [0.         0.         0.         0.23592046 0.01798367 0.00516341 0.         0.01647294 0.         0.         0.         0.0683916  0.01411637 0.         0.         0.        ]
 [0.         0.         0.         0.34044695 0.         0.         0.         0.         0.         0.         0.         0.09787651 0.         0.         0.28688306 0.        ]
 [0.         0.         0.         0.26001135 0.         0.         0.         0.         0.         0.         0.         0.10979878 0.         0.         0.         0.        ]
 [0.         0.         0.         0.25754622 0.         0.         0.         0.         0.         0.         0.         0.06863087 0.         0.         0.24216254 0.        ]
 [0.         0.         0.         0.3779591  0.         0.         0.         0.         0.         0.         0.         0.07968206 0.         0.         0.31300512 0.        ]
 [0.         0.         0.         0.31326464 0.         0.         0.         0.         0.         0.         0.         0.         0.         0.         0.3294938  0.        ]]
hid2:
[[ 1.80178270e-01  1.63652115e-02  1.34372905e-01  2.11901288e-03  1.29502654e-01  9.44846347e-02 -4.33148704e-02  1.16606280e-01 -9.34030302e-03  1.59937859e-01  1.71459734e-01  4.25688140e-02  3.99098173e-02 -7.97730237e-02 -1.99234506e-04  1.31995991e-01]
 [ 1.80150062e-01  1.63640864e-02  1.34371579e-01  2.11417745e-03  1.29474267e-01  9.44686830e-02 -4.32979241e-02  1.16590209e-01 -9.33737215e-03  1.59904778e-01  1.71430826e-01  4.25610468e-02  3.99021246e-02 -7.97567666e-02 -1.96026711e-04  1.31975144e-01]
 [ 3.24120447e-02  3.56389396e-03  1.29461512e-01 -2.21731830e-02 -2.91636568e-02  6.70799706e-03  4.86012660e-02  3.58062424e-02  1.23268645e-02 -2.00806167e-02  1.79898329e-02  5.90655021e-03  3.30781238e-03  1.09437751e-02  1.54783633e-02  2.76962854e-02]
 [ 1.45917714e-01  2.05536149e-02  1.28959790e-01 -1.95950363e-03  1.01765305e-01  7.68851861e-02 -3.18754092e-02  9.24658105e-02 -8.23299494e-03  1.30200654e-01  1.32987872e-01  3.85785364e-02  3.36309485e-02 -6.69816583e-02  7.92140886e-03  1.03276841e-01]
 [ 1.80181712e-01  1.63645204e-02  1.34373218e-01  2.11945851e-03  1.29505098e-01  9.44866240e-02 -4.33159322e-02  1.16608255e-01 -9.34083201e-03  1.59940988e-01  1.71463162e-01  4.25699390e-02  3.99099514e-02 -7.97745362e-02 -2.00077338e-04  1.31999105e-01]
 [ 1.80177420e-01  1.63654499e-02  1.34372786e-01  2.11890158e-03  1.29502118e-01  9.44842249e-02 -4.33146656e-02  1.16605677e-01 -9.34030488e-03  1.59937218e-01  1.71458796e-01  4.25686352e-02  3.99096906e-02 -7.97727704e-02 -1.98985799e-04  1.31995171e-01]
 [ 1.80160657e-01  1.63644794e-02  1.34371340e-01  2.11593276e-03  1.29485011e-01  9.44756344e-02 -4.33042273e-02  1.16594806e-01 -9.34014376e-03  1.59918100e-01  1.71440870e-01  4.25652191e-02  3.99033241e-02 -7.97638744e-02 -1.97247369e-04  1.31983072e-01]
 [ 1.77482441e-01  1.65791363e-02  1.34252131e-01  1.71760807e-03  1.27177715e-01  9.28691179e-02 -4.20886911e-02  1.15192413e-01 -8.85519478e-03  1.57049969e-01  1.68810710e-01  4.16569263e-02  3.96249965e-02 -7.83208236e-02  2.81873567e-04  1.29776075e-01]
 [ 1.80169523e-01  1.63624939e-02  1.34372890e-01  2.11709552e-03  1.29490927e-01  9.44798216e-02 -4.33067270e-02  1.16601251e-01 -9.33993328e-03  1.59925058e-01  1.71450436e-01  4.25669327e-02  3.99050787e-02 -7.97666311e-02 -1.99525632e-04  1.31991163e-01]
 [ 1.79508612e-01  1.63595565e-02  1.34336933e-01  2.00788956e-03  1.28855124e-01  9.41061005e-02 -4.29382771e-02  1.16223492e-01 -9.26784612e-03  1.59176618e-01  1.70775905e-01  4.23811600e-02  3.97462100e-02 -7.94001147e-02 -1.11665264e-04  1.31486714e-01]
 [ 1.80152401e-01  1.63616613e-02  1.34372115e-01  2.11413414e-03  1.29473507e-01  9.44701359e-02 -4.32962589e-02  1.16591506e-01 -9.33816843e-03  1.59904808e-01  1.71432897e-01  4.25622314e-02  3.99002805e-02 -7.97566622e-02 -1.97659276e-04  1.31978616e-01]
 [ 1.80185676e-01  1.63645092e-02  1.34373516e-01  2.12010974e-03  1.29508823e-01  9.44887400e-02 -4.33180965e-02  1.16610676e-01 -9.34106857e-03  1.59945309e-01  1.71467260e-01  4.25709002e-02  3.99110690e-02 -7.97765777e-02 -2.00614755e-04  1.32002130e-01]
 [ 1.80158257e-01  1.63622331e-02  1.34371758e-01  2.11515697e-03  1.29479915e-01  9.44741666e-02 -4.33001742e-02  1.16593726e-01 -9.33999848e-03  1.59912765e-01  1.71438292e-01  4.25647423e-02  3.99009176e-02 -7.97610357e-02 -1.98142327e-04  1.31982774e-01]
 [ 1.80162206e-01  1.63628384e-02  1.34372041e-01  2.11592694e-03  1.29484415e-01  9.44761559e-02 -4.33031023e-02  1.16596319e-01 -9.33991652e-03  1.59917668e-01  1.71442598e-01  4.25654389e-02  3.99028324e-02 -7.97633231e-02 -1.98349706e-04  1.31985351e-01]
 [ 1.80186585e-01  1.63643546e-02  1.34373575e-01  2.12022918e-03  1.29509509e-01  9.44893137e-02 -4.33184057e-02  1.16611131e-01 -9.34128184e-03  1.59946233e-01  1.71468139e-01  4.25712503e-02  3.99110541e-02 -7.97770470e-02 -2.00821843e-04  1.32002935e-01]
 [ 1.80019677e-01  1.63306016e-02  1.34371221e-01  2.08693929e-03  1.29307970e-01  9.43949521e-02 -4.31851670e-02  1.16517514e-01 -9.32761095e-03  1.59719974e-01  1.71294495e-01  4.25294004e-02  3.98411416e-02 -7.96638504e-02 -1.96550784e-04  1.31898135e-01]]
topics:
[[-1.64953008e-01  8.66643190e-02 -2.46736519e-02  6.31678328e-02  1.70034599e-02 -2.47077912e-01  8.10312480e-02  4.99358624e-02 -9.14359931e-03 -1.42209068e-01 -5.73891215e-02 -2.03893334e-01  6.98002707e-03  8.34418386e-02  5.85423633e-02 -1.09777320e-02]
 [ 9.67177562e-03 -1.73459537e-02  6.91454709e-02 -3.60563099e-02 -6.49348795e-02  7.72716999e-02  9.32607353e-02 -1.00194789e-01 -1.34548515e-01  7.84267019e-03 -7.52210096e-02  1.03692360e-01 -1.69464886e-01 -5.02291434e-02  4.45847679e-03  3.11365165e-02]
 [-9.36212763e-02  4.34052236e-02  1.17076598e-01 -9.63663012e-02  6.15237094e-02  9.00232866e-02 -7.90827349e-02 -1.57991484e-01  1.10324500e-02 -1.82002395e-01 -8.72232914e-02  1.17220066e-01 -2.52364650e-02 -3.01179439e-02 -1.27609195e-02  2.27264315e-02]
 [ 9.61610675e-02 -8.77920762e-02  1.66787714e-01 -2.86588129e-02 -8.28458220e-02  2.71384511e-02  1.29594177e-01  1.04625471e-01  2.05742903e-02 -7.19459876e-02  9.27182734e-02  8.73010140e-03 -3.91131863e-02  5.32181673e-02 -4.53093871e-02  1.37173146e-01]
 [ 7.92433228e-03  1.13233775e-01  2.24444941e-01 -1.29679859e-01  3.19651924e-02 -2.19980627e-02 -9.98204723e-02 -2.75437050e-02  1.03287902e-02  1.29585415e-01  5.59773222e-02 -2.13206992e-01 -1.44585716e-02  3.43929455e-02  2.04176959e-02  2.67510507e-02]
 [ 3.80095504e-02 -1.21972123e-02  1.07139163e-01 -1.44126207e-01 -2.02242900e-02 -1.09343663e-01 -2.02080496e-02  3.97144109e-02 -1.66670248e-01  4.71656993e-02  1.30172089e-01  4.16896120e-02 -1.04964085e-01 -2.30150111e-02  2.85443604e-01 -1.39242327e-02]
 [-7.23264590e-02  8.39240402e-02  1.48367345e-01  9.24054235e-02 -1.06347829e-01 -2.84616232e-01 -2.68559247e-01  1.44057348e-01  4.31518704e-01 -2.86082388e-03 -1.48453847e-01  1.10419400e-01  5.87891996e-01  9.05938074e-02  2.11474821e-01 -9.90146920e-02]
 [ 1.93995014e-01  9.27465484e-02  1.60665527e-01 -8.20296407e-02  2.04531148e-01  2.25662962e-01  1.05458878e-01  1.12728633e-01  9.69960243e-02  1.65048704e-01 -3.64254713e-02 -1.36128947e-01  5.54755405e-02  5.08563556e-02 -1.12714276e-01 -4.57957029e-01]
 [ 1.80187032e-01  1.63644385e-02  1.34373575e-01  2.12031975e-03  1.29510060e-01  9.44895670e-02 -4.33187634e-02  1.16611384e-01 -9.34132002e-03  1.59946829e-01  1.71468616e-01  4.25713658e-02  3.99112366e-02 -7.97773451e-02 -2.00839291e-04  1.32003233e-01]
 [-1.62452132e-01  2.49309167e-01  7.46918917e-02  1.60536513e-01 -6.73152134e-02  7.38416165e-02  1.52004868e-01 -1.20602466e-01 -6.14658222e-02 -6.78528622e-02 -7.87822530e-02 -3.06274276e-02  4.20388877e-02 -1.83514506e-01  4.77124192e-02 -8.21172446e-02]]
R:
[[4.2438005e-06 7.6103875e-06 4.2438005e-06 1.2204878e-05 4.2438005e-06 4.2438005e-06 4.2438005e-06 4.2438005e-06 9.9995041e-01 4.2438005e-06]
 [1.6180327e-05 3.5514920e-05 1.6180327e-05 7.6157135e-05 1.6180327e-05 1.6180327e-05 1.6180327e-05 1.6180327e-05 9.9977499e-01 1.6180327e-05]
 [5.6254093e-02 1.5279566e-01 5.6254093e-02 3.7854514e-01 5.6254093e-02 5.6254093e-02 7.4880548e-02 5.6254093e-02 5.6254093e-02 5.6254093e-02]
 [1.3186994e-02 6.4536154e-02 1.3186994e-02 1.3186994e-02 1.3186994e-02 1.3186994e-02 2.1828573e-02 1.3186994e-02 8.2132638e-01 1.3186994e-02]
 [2.3464465e-06 5.4939442e-06 2.3464465e-06 9.6600643e-06 2.3464465e-06 2.3464465e-06 2.3464465e-06 2.3464465e-06 9.9996841e-01 2.3464465e-06]
 [4.7044109e-06 8.9415307e-06 4.7044109e-06 1.1928926e-05 4.7044109e-06 4.7044109e-06 4.7044109e-06 4.7044109e-06 9.9994636e-01 4.7044109e-06]
 [1.0988882e-05 3.4678262e-05 1.0988882e-05 4.5641311e-05 1.0988882e-05 1.0988882e-05 1.0988882e-05 1.0988882e-05 9.9984288e-01 1.0988882e-05]
 [1.3731770e-03 1.3731770e-03 1.3731770e-03 4.6469416e-03 1.3731770e-03 1.3731770e-03 1.3731770e-03 1.3731770e-03 9.8436767e-01 1.3731770e-03]
 [6.6744788e-06 2.0270683e-05 6.6744788e-06 4.6882895e-05 6.6744788e-06 6.6744788e-06 6.6744788e-06 6.6744788e-06 9.9988616e-01 6.6744788e-06]
 [2.9808030e-04 6.4532569e-04 2.9808030e-04 1.3906525e-03 2.9808030e-04 2.9808030e-04 2.9808030e-04 2.9808030e-04 9.9587739e-01 2.9808030e-04]
 [1.3849317e-05 3.7355447e-05 1.3849317e-05 8.6725559e-05 1.3849317e-05 1.3849317e-05 1.3849317e-05 1.3849317e-05 9.9977905e-01 1.3849317e-05]
 [6.8137018e-07 6.8137018e-07 6.8137018e-07 2.6380944e-06 6.8137018e-07 6.8137018e-07 6.8137018e-07 6.8137018e-07 9.9999189e-01 6.8137018e-07]
 [1.1006558e-05 3.8457205e-05 1.1006558e-05 6.6067696e-05 1.1006558e-05 1.1006558e-05 1.1006558e-05 1.1006558e-05 9.9981850e-01 1.1006558e-05]
 [9.7350776e-06 3.1531545e-05 9.7350776e-06 5.5869976e-05 9.7350776e-06 9.7350776e-06 9.7350776e-06 9.7350776e-06 9.9984443e-01 9.7350776e-06]
 [1.6379468e-07 5.3552827e-07 1.6379468e-07 1.4819966e-06 1.6379468e-07 1.6379468e-07 1.6379468e-07 1.6379468e-07 9.9999690e-01 1.6379468e-07]
 [5.7258909e-05 1.9702461e-04 5.7258909e-05 5.5935257e-04 5.7258909e-05 5.7258909e-05 5.7258909e-05 5.7258909e-05 9.9884272e-01 5.7258909e-05]]
distance_matrix:
[[ 1.037935    1.0381062   4.967252    1.3293858   1.0379167   1.0379391   1.0380406   1.0544963   1.037993    1.0419841   1.0380976   1.0378952   1.0380592   1.038034    1.0378873   1.0389667 ]
 [ 1.1954582   1.1955793   4.843445    1.4328165   1.1954446   1.1954608   1.1955314   1.2073479   1.1954985   1.1983151   1.1955707   1.1954279   1.1955433   1.1955261   1.1954248   1.1961703 ]
 [ 1.1135314   1.1137011   5.028828    1.392273    1.1135101   1.1135335   1.1136341   1.1299181   1.1135883   1.1175523   1.113692    1.1134896   1.1136541   1.1136303   1.1134813   1.1145716 ]
 [ 0.62224936  0.6220834   2.745673    0.5580716   0.62226486  0.6222439   0.62214804  0.60813475  0.62218857  0.6184554   0.6220887   0.6222873   0.62212515  0.62214994  0.6222913   0.6212206 ]
 [ 1.1317279   1.1318357   4.732316    1.3609381   1.1317158   1.1317291   1.1317978   1.1425233   1.1317635   1.1343613   1.1318328   1.1316996   1.1318097   1.131794    1.131696    1.1323972 ]
 [ 1.0353358   1.0354135   4.4616985   1.2337003   1.0353265   1.035336    1.0353842   1.0431447   1.0353622   1.0372157   1.0354097   1.0353184   1.0353951   1.0353818   1.0353143   1.0358052 ]
 [ 1.0764873   1.076649    4.9567614   1.3610196   1.0764704   1.0764914   1.0765905   1.0918441   1.0765471   1.0803428   1.0766451   1.0764465   1.0766106   1.0765858   1.0764406   1.0774899 ]
 [ 1.1112335   1.1113751   4.86879     1.371315    1.111218    1.1112375   1.1113191   1.1249843   1.1112814   1.114564    1.1113651   1.1111999   1.1113372   1.1113148   1.1111939   1.1120682 ]
 [ 6.7767115   6.7755694   3.618145    5.75375     6.776825    6.7766857   6.7760143   6.6770773   6.7762833   6.7503386   6.775586    6.7769766   6.7758465   6.776016    6.777009    6.769389  ]
 [ 2.0591621   2.05831     0.4961934   1.3042924   2.059249    2.059142    2.0586405   1.9842792   2.058849    2.0394464   2.0583296   2.0593624   2.058522    2.0586476   2.059387    2.0537834 ]
 [ 5.0009727   4.999947    2.4957683   4.083975    5.0010757   5.000949    5.000345    4.9111156   5.000592    4.9772615   4.9999666   5.001212    5.0001993   5.000351    5.0012417   4.9944506 ]
 [12.205709   12.204546    8.923326   11.187595   12.205822   12.205685   12.205      12.105174   12.205266   12.178919   12.2045555  12.205976   12.204823   12.204997   12.206008   12.198164  ]
 [ 7.9780846   7.976948    4.854758    6.9725275   7.978196    7.9780593   7.9773903   7.8793364   7.977656    7.9518733   7.976962    7.978347    7.9772215   7.9773912   7.9783783   7.9707685 ]
 [ 6.887291    6.8861504   3.7428696   5.855302    6.8874054   6.887265    6.8865933   6.7876453   6.8868656   6.860937    6.8861694   6.887557    6.886428    6.8865976   6.887589    6.880005  ]
 [11.66063    11.659453    8.309348   10.613731   11.660748   11.6606045  11.659914   11.557906   11.660189   11.633471   11.65947    11.660902   11.6597395  11.659915   11.660935   11.653074  ]
 [ 9.031417    9.030251    5.7516446   7.989342    9.031533    9.031391    9.030706    8.929328    9.030981    9.004465    9.030269    9.031689    9.030536    9.030708    9.031721    9.023954  ]]
