hid1:
[[-3.17643285e-01 -7.86417052e-02 -1.07206456e-01 -2.32329458e-01  4.90238890e-04  4.46886867e-02  3.02429199e-02  1.15345106e-01  1.62491143e-01 -5.20903021e-02 -3.21505591e-04  2.82568485e-03 -4.87729907e-02 -8.60501826e-02  1.86699629e-02 -3.30109149e-04]
 [-1.18517242e-02 -1.07511580e-01  1.59119233e-01 -3.96723300e-02 -9.47259068e-02 -2.00954959e-01  3.44557292e-03  1.62160099e-02  7.29508996e-02  1.58655196e-02  2.14722008e-04  7.12173879e-02 -2.16908567e-02 -2.21381076e-02 -1.37202144e-02 -9.38743353e-03]
 [ 7.72327185e-04 -5.75316772e-02 -1.03521459e-02 -2.01073602e-01 -2.62131572e-01  2.33447105e-02 -4.00357544e-02  1.20811239e-02  1.16687387e-01 -9.21019316e-02 -2.69774273e-02  6.77523911e-02 -9.86371785e-02 -5.42942584e-02 -2.57392526e-02  2.03800574e-01]
 [ 3.04438770e-02 -5.53301685e-02  4.78064269e-03  9.76506621e-04  5.16289473e-02  8.39448273e-02 -5.38749099e-02  9.73013043e-03 -1.09860107e-01 -1.41301125e-01 -9.45041180e-02  1.19262099e-01  7.38424063e-03  1.68592930e-01  1.13166720e-01  4.38310146e-01]
 [ 7.13437498e-02 -2.02889383e-01 -4.22492921e-02 -2.87980735e-02 -6.69638067e-03  1.10831577e-04 -6.91881869e-05 -3.33165824e-02  7.80044496e-03 -5.67346811e-03 -1.06767073e-01 -1.07540246e-02 -1.43001992e-02 -1.47893876e-02  6.17469847e-03 -4.98281419e-03]
 [ 4.57901716e-01 -2.40445077e-01  2.68967241e-01 -1.91326171e-01 -1.07969344e-02  1.57662988e-01  1.34175569e-02  3.59917581e-02  3.12114134e-03  6.57282025e-02 -3.57830897e-03  6.46265745e-02  2.04835460e-02 -2.66517848e-02 -3.18460763e-02 -1.76969588e-01]
 [ 7.45482147e-02 -1.13525212e-01 -2.16872841e-02 -3.33037078e-02 -2.68480182e-03  1.42927468e-02  3.51015478e-04  1.17142871e-03  2.40738597e-03 -9.68741998e-03 -1.62903294e-02 -5.07703945e-02 -9.56831500e-03  2.85102054e-02 -8.35639983e-03 -1.60469487e-03]
 [-1.92201644e-01 -1.05045065e-01 -3.18332240e-02  1.88624859e-02  8.73688310e-02  2.64049023e-02  4.81609851e-02 -3.61379832e-02 -2.34159499e-01 -1.45455241e-01  4.90786284e-02  1.41631007e-01 -1.61907032e-01 -2.57493556e-02 -2.08849609e-02  3.70748341e-03]
 [-2.92410329e-02  1.28877044e-01 -4.19321004e-03 -1.21147186e-02 -1.74887851e-01  1.15711540e-02  8.80918354e-02 -4.07523289e-02  6.23086318e-02 -1.74652860e-02  5.55095524e-02 -1.96312308e-01  2.69079655e-02 -1.20749235e-01 -7.62417018e-02 -1.15502924e-01]
 [ 7.56985508e-04 -5.54080829e-02  1.47600919e-02  1.68222696e-01 -1.39162168e-01 -7.69037008e-03 -4.52993512e-02  5.78339696e-02 -5.74606657e-03  1.16712488e-01 -2.42021866e-03 -4.66873288e-01  4.44895029e-03  2.11427808e-02 -1.05423927e-02 -2.26616859e-03]
 [ 1.58288330e-03 -6.33140877e-02 -1.32294372e-06  4.63093445e-03  1.28138345e-05  5.11987954e-02 -8.50439072e-03 -1.56785082e-03 -4.19918709e-02  4.69643444e-01 -2.06926465e-03 -2.07299134e-04 -3.15860510e-02  1.11923799e-01  7.00531900e-03  6.03700429e-03]
 [-4.59218547e-02  6.22776896e-02  6.92052767e-04 -4.20842469e-02  7.54199922e-04  4.31963475e-04  6.15541190e-02 -2.87266448e-03 -1.08772144e-02  4.03589569e-03  2.64540166e-02  1.47245899e-02  1.18355639e-02 -2.93410718e-02 -8.56575519e-02 -5.22167385e-02]
 [ 3.33049186e-02  4.77987528e-03 -5.31029887e-03 -1.92785636e-02  1.70827731e-02 -2.83738002e-02  6.05703145e-02  3.37417796e-02  2.17329450e-02  2.64488459e-02  4.39550281e-02  3.65228504e-02  9.96537507e-03 -2.66155079e-02 -5.90488240e-02 -6.77233040e-02]
 [ 3.04439291e-02  9.09457803e-02 -9.04834364e-04 -3.54974866e-02 -1.69172794e-01 -6.87986612e-03  9.74428058e-02  3.08733433e-02 -6.17270544e-03 -5.83600160e-03  7.35826790e-04  3.58105451e-02  2.72816047e-03 -8.09654593e-05 -4.35828716e-02 -1.89510196e-01]
 [-2.61976197e-02  9.01288688e-02 -1.05679948e-02 -1.48556828e-02 -1.42209176e-02 -7.58347660e-03  2.64445573e-01  1.12396240e-01 -7.58656859e-03 -2.47860253e-02  2.40567327e-02  2.05820054e-03 -1.23660266e-03 -3.99774797e-02  1.47672594e-01 -7.86596835e-02]
 [ 8.88412446e-03 -9.84758139e-04 -5.40735386e-03  4.17630151e-02 -1.14684716e-01  1.79186265e-03  1.93556547e-02 -1.68500841e-03  1.90222654e-02  1.71889886e-02  5.07897064e-02  4.59197164e-02  3.46973538e-03 -1.90786645e-03 -2.93543637e-02 -4.64209467e-02]]
hid2:
[[-0.01529543 -0.08164747  0.01081757 -0.03445041 -0.01215794  0.07315401  0.06403284 -0.08597513 -0.11555304 -0.01235565 -0.04753358  0.06014574 -0.12131222 -0.00868622  0.02376872  0.03872126]
 [-0.01544895 -0.08165758  0.01049478 -0.03448904 -0.01223391  0.07334863  0.06411001 -0.08636209 -0.11598904 -0.01229624 -0.04773696  0.0603076  -0.1217213  -0.00865022  0.02380238  0.03869384]
 [-0.0154484  -0.08165721  0.01049659 -0.03448885 -0.01223383  0.07334746  0.06410979 -0.08636016 -0.11598668 -0.01229672 -0.04773605  0.06030651 -0.12171917 -0.00864994  0.02380228  0.0386937 ]
 [-0.01544924 -0.08165825  0.01049315 -0.03448925 -0.01223444  0.07334999  0.06411079 -0.08636384 -0.11599163 -0.012296   -0.04773759  0.06030872 -0.12172392 -0.00865009  0.02380215  0.03869454]
 [-0.01544852 -0.08165777  0.01049531 -0.03448898 -0.01223377  0.07334842  0.06410994 -0.08636137 -0.11598843 -0.01229632 -0.04773649  0.06030745 -0.12172076 -0.00865037  0.02380221  0.03869414]
 [-0.01544923 -0.08165825  0.01049316 -0.03448924 -0.01223444  0.07334998  0.06411078 -0.08636382 -0.11599161 -0.012296   -0.04773759  0.06030871 -0.12172391 -0.00865009  0.02380215  0.03869454]
 [-0.0154488  -0.08165796  0.01049447 -0.03448908 -0.01223396  0.07334901  0.0641102  -0.08636232 -0.11598962 -0.01229617 -0.04773692  0.06030794 -0.12172191 -0.00865034  0.02380222  0.03869426]
 [ 0.00092235 -0.03687715  0.11459195 -0.02104236  0.02469457 -0.01482328  0.01167013  0.02363782  0.05177698 -0.02642155 -0.00931575 -0.0116226   0.04875762 -0.01946339  0.04133147 -0.01069159]
 [-0.01544922 -0.08165822  0.01049322 -0.03448924 -0.01223443  0.07334993  0.06411075 -0.08636376 -0.11599152 -0.01229601 -0.04773757  0.06030867 -0.12172382 -0.00865009  0.02380216  0.03869452]
 [-0.01544923 -0.08165824  0.01049318 -0.03448925 -0.01223444  0.07334997  0.06411078 -0.08636381 -0.11599158 -0.012296   -0.04773758  0.0603087  -0.12172388 -0.00865009  0.02380216  0.03869453]
 [-0.01543432 -0.08164998  0.01053567 -0.03448386 -0.01222077  0.07331968  0.06409447 -0.08631486 -0.11592856 -0.01230231 -0.04771524  0.06028418 -0.12166193 -0.00865642  0.02380293  0.03868785]
 [ 0.03086332 -0.06863035  0.12171064 -0.02032406  0.02436216 -0.00153069  0.02384189  0.04573058  0.04566029 -0.02841477  0.01650563  0.00042601  0.03593132 -0.02909376  0.02103068  0.03196516]
 [-0.01544877 -0.08165805  0.01049437 -0.03448909 -0.0122341   0.07334914  0.06411038 -0.0863624  -0.11598984 -0.0122962  -0.04773692  0.06030802 -0.12172218 -0.00865023  0.02380213  0.03869442]
 [-0.01544908 -0.08165789  0.01049404 -0.03448914 -0.01223416  0.07334925  0.06411038 -0.0863629  -0.11599023 -0.01229613 -0.04773725  0.06030811 -0.1217225  -0.00865016  0.02380228  0.03869415]
 [-0.01544851 -0.08165772  0.01049543 -0.03448897 -0.01223383  0.07334833  0.06411    -0.08636126 -0.11598828 -0.01229639 -0.04773645  0.06030734 -0.12172065 -0.00865027  0.0238022   0.03869412]
 [-0.01544919 -0.08165821  0.01049327 -0.03448923 -0.01223442  0.0733499   0.06411074 -0.08636368 -0.11599144 -0.01229602 -0.04773752  0.06030863 -0.12172373 -0.00865009  0.02380214  0.03869452]]
topics:
[[-0.18783179  0.01552727 -0.03315952  0.04926867  0.04349319 -0.26017267  0.07812733  0.04770112 -0.00864001 -0.19860864 -0.09215115 -0.19509137  0.01205716  0.05294666  0.07207612 -0.008002  ]
 [-0.01544924 -0.08165825  0.01049314 -0.03448925 -0.01223445  0.07334999  0.06411079 -0.08636384 -0.11599164 -0.01229599 -0.04773759  0.06030872 -0.12172393 -0.00865009  0.02380215  0.03869455]
 [-0.09370431  0.04622253  0.12965024 -0.09485693  0.08041695  0.09156933 -0.08201975 -0.15296258 -0.01604346 -0.1868102  -0.08765138  0.11435649 -0.0274537  -0.03169647 -0.02279547  0.02704117]
 [ 0.09055086 -0.12237357  0.1763635  -0.02153674 -0.05652156  0.01970293  0.12248592  0.10882661  0.0302423  -0.07777766  0.08297861 -0.004912   -0.02627908  0.04763747 -0.04605919  0.14286087]
 [-0.00570874  0.05021049  0.21833803 -0.13127454  0.03804886 -0.02671209 -0.09561037 -0.04401063  0.01221651  0.10888495  0.01829655 -0.2042835  -0.02309397  0.02694826  0.03227317  0.02830961]
 [ 0.03772972 -0.10346567  0.10758287 -0.14222349 -0.02197062 -0.11306754 -0.01963752  0.03441131 -0.15669566  0.05159636  0.12524928  0.04966802 -0.10609741 -0.02804571  0.27257872 -0.0180242 ]
 [-0.08302624 -0.0250088   0.14889373  0.09356652 -0.07045441 -0.29747027 -0.26013973  0.14679871  0.5255748  -0.03025806 -0.15864508  0.10448539  0.65230745  0.09304188  0.2530013  -0.09215037]
 [ 0.19065133  0.07666979  0.16773275 -0.07830703  0.22287336  0.21300404  0.10007825  0.12537478  0.14532112  0.16133861 -0.02506343 -0.13868602  0.0999946   0.05794153 -0.11193829 -0.45591047]
 [ 0.09788419 -0.15407304  0.07682712 -0.01474101  0.14419875  0.03613813 -0.06071264  0.06654364  0.03681495  0.0353485   0.05176172  0.07152271  0.06229588 -0.19484265  0.01560146  0.08858044]
 [-0.17029093  0.08052326  0.0822682   0.16228545 -0.06841806  0.05287013  0.16254643 -0.13153069  0.09733491 -0.07698819 -0.0976973  -0.01471551  0.05237027 -0.22297011  0.04227655 -0.08615451]]
R:
[[1.34892180e-04 9.97382462e-01 1.34892180e-04 1.13089767e-03 1.34892180e-04 1.34892180e-04 1.34892180e-04 1.34892180e-04 5.42237365e-04 1.34892180e-04]
 [1.30410137e-06 9.99985695e-01 1.30410137e-06 3.31219030e-06 1.30410137e-06 1.30410137e-06 1.30410137e-06 1.30410137e-06 1.79020924e-06 1.30410137e-06]
 [2.25455688e-06 9.99972105e-01 2.25455688e-06 9.76551019e-06 2.25455688e-06 2.25455688e-06 2.25455688e-06 2.25455688e-06 2.25455688e-06 2.25455688e-06]
 [7.45405249e-09 1.00000000e+00 7.45405249e-09 7.45405249e-09 7.45405249e-09 7.45405249e-09 7.45405249e-09 7.45405249e-09 1.80330364e-08 7.45405249e-09]
 [1.33030028e-06 9.99981642e-01 1.33030028e-06 5.72038016e-06 1.33030028e-06 1.33030028e-06 1.33030028e-06 1.33030028e-06 3.32159084e-06 1.33030028e-06]
 [1.16468888e-08 9.99999881e-01 1.16468888e-08 3.20973044e-08 1.16468888e-08 1.16468888e-08 1.16468888e-08 1.16468888e-08 1.65257106e-08 1.16468888e-08]
 [8.52916116e-07 9.99988556e-01 8.52916116e-07 3.23913150e-06 8.52916116e-07 8.52916116e-07 8.52916116e-07 8.52916116e-07 2.36701658e-06 8.52916116e-07]
 [8.60320404e-02 8.60320404e-02 8.60320404e-02 1.91690505e-01 8.60320404e-02 8.60320404e-02 8.60320404e-02 8.60320404e-02 1.20053165e-01 8.60320404e-02]
 [5.87992837e-08 9.99999404e-01 5.87992837e-08 1.61079242e-07 5.87992837e-08 5.87992837e-08 5.87992837e-08 5.87992837e-08 6.41917950e-08 5.87992837e-08]
 [3.14719202e-08 9.99999762e-01 3.14719202e-08 1.04827890e-07 3.14719202e-08 3.14719202e-08 3.14719202e-08 3.14719202e-08 3.14719202e-08 3.14719202e-08]
 [2.52557638e-05 9.99638677e-01 2.52557638e-05 1.14609233e-04 2.52557638e-05 2.52557638e-05 2.52557638e-05 2.52557638e-05 6.98625299e-05 2.52557638e-05]
 [5.82021773e-02 5.82021773e-02 5.82021773e-02 3.23931992e-01 5.82021773e-02 5.82021773e-02 5.82021773e-02 5.82021773e-02 2.10450619e-01 5.82021773e-02]
 [6.73043928e-07 9.99989629e-01 6.73043928e-07 3.60732497e-06 6.73043928e-07 6.73043928e-07 6.73043928e-07 6.73043928e-07 1.91088725e-06 6.73043928e-07]
 [7.15352769e-07 9.99992251e-01 7.15352769e-07 1.80562836e-06 7.15352769e-07 7.15352769e-07 7.15352769e-07 7.15352769e-07 9.59064550e-07 7.15352769e-07]
 [1.40231305e-06 9.99980807e-01 1.40231305e-06 6.32277897e-06 1.40231305e-06 1.40231305e-06 1.40231305e-06 1.40231305e-06 2.95090240e-06 1.40231305e-06]
 [7.76973579e-08 9.99998808e-01 7.76973579e-08 3.91124729e-07 7.76973579e-08 7.76973579e-08 7.76973579e-08 7.76973579e-08 1.13148872e-07 7.76973579e-08]]
distance_matrix:
[[ 2.0469155  2.0448654  2.0448747  2.0448542  2.0448687  2.0448546  2.044862   5.0257697  2.0448544  2.0448542  2.045141   5.195282   2.0448613  2.0448585  2.0448682  2.044854 ]
 [ 2.1980286  2.1968658  2.1968708  2.196858   2.1968672  2.196858   2.196863   4.988054   2.1968586  2.196858   2.1970422  5.0560565  2.1968622  2.1968622  2.1968677  2.1968586]
 [ 1.9382491  1.9370053  1.9370122  1.9369984  1.9370072  1.9369984  1.9370039  4.710253   1.9369981  1.9369979  1.9371865  4.815855   1.9370036  1.9370022  1.9370077  1.9369981]
 [ 2.0308483  2.0337608  2.033745   2.0337756  2.033756   2.033775   2.0337636  3.3514726  2.0337749  2.033775   2.0333908  3.4185991  2.033765   2.033768   2.0337546  2.0337741]
 [ 2.0112863  2.008067   2.0080829  2.0080476  2.0080712  2.0080485  2.0080626  5.446648   2.0080497  2.008049   2.008506   5.588758   2.0080614  2.008059   2.0080721  2.0080497]
 [ 2.7855382  2.784734   2.784738   2.7847276  2.7847345  2.7847276  2.7847316  5.5191646  2.7847283  2.784727   2.7848747  5.5327826  2.784731   2.7847295  2.7847354  2.7847283]
 [ 2.1700616  2.1683705  2.1683798  2.1683602  2.168372   2.1683598  2.1683667  5.138059   2.168359   2.1683598  2.168617   5.228183   2.168367   2.1683664  2.1683724  2.1683595]
 [ 2.7072935  2.706094   2.7061014  2.7060876  2.7060955  2.7060876  2.7060916  5.4590793  2.7060888  2.706087   2.7062676  5.563455   2.7060924  2.706092   2.706096   2.7060883]
 [10.452468  10.467402  10.467325  10.467482  10.467379  10.467482  10.467418   7.6127453 10.46748   10.467482  10.465431   7.491528  10.467424  10.46744   10.467375  10.467476 ]
 [ 4.386717   4.3918915  4.391865   4.39192    4.391883   4.391919   4.3918962  4.8382773  4.391919   4.391919   4.3912005  4.9094195  4.391898   4.391905   4.391881   4.391917 ]
 [ 6.5700164  6.5814867  6.581427   6.581549   6.5814686  6.5815487  6.581499   4.8729167  6.581547   6.581548   6.5799675  4.8468647  6.5815034  6.5815153  6.581465   6.581544 ]
 [ 9.704432   9.719368   9.71929    9.719448   9.719344   9.719448   9.719383   6.840633   9.719445   9.719447   9.717396   6.7514133  9.719389   9.719405   9.719339   9.719441 ]
 [ 8.481934   8.4958     8.495728   8.495874   8.495777   8.495874   8.495813   5.9675055  8.495872   8.495873   8.493964   5.8985395  8.495819   8.495834   8.495773   8.495869 ]
 [ 9.276331   9.291578   9.2915     9.29166    9.291554   9.29166    9.2915945  6.2942605  9.291657   9.29166    9.289563   6.202743   9.291601   9.291616   9.29155    9.291654 ]
 [ 7.6154323  7.628544   7.628477   7.628614   7.628523   7.6286135  7.628557   5.4299498  7.6286116  7.628613   7.6268187  5.3154435  7.6285625  7.6285763  7.628519   7.6286077]
 [ 7.2558703  7.2691927  7.269125   7.2692637  7.2691717  7.2692633  7.269206   5.0103335  7.2692614  7.269263   7.267441   4.8825154  7.2692113  7.2692256  7.269167   7.2692575]]
