hid1:
[[-3.43317911e-02  2.63901949e-02 -6.02676868e-02 -1.36365891e-01  1.22724295e-01  2.41091460e-01  4.55917269e-02 -2.23570466e-01  4.79684591e-01  1.18417114e-01 -5.20412326e-01  6.20453238e-01  1.02229007e-01 -2.97610700e-01 -7.88139939e-01]
 [ 4.63353992e-02  4.74012673e-01 -1.13303912e+00 -5.85430741e-01 -2.38480449e-01  1.27249837e+00  8.10974896e-01  2.27787435e-01  8.56413133e-03  5.82549721e-02  3.65223736e-01 -4.07518059e-01 -2.48334408e-02 -1.23302639e-02 -4.01232913e-02]
 [ 5.35227954e-02  2.36783028e-02  6.17777705e-02  1.18103850e+00  5.16031981e-01 -1.12598315e-01 -1.10267997e-01  6.68176413e-02  7.23603010e-01  1.08537957e-01  2.22602785e-02 -1.33241028e-01  2.95930862e-01  6.26571774e-02 -1.94567919e-01]
 [ 6.18241308e-03  6.20324071e-03 -1.83977559e-03  4.00152281e-02  2.10416988e-01  9.83699858e-02  8.79260227e-02 -1.54002458e-02 -2.31122710e-02  5.24884611e-02  5.49208699e-03 -7.24923797e-03  2.26697087e-01 -2.24970698e-01  9.11719631e-03]
 [ 1.13381878e-01 -6.43271059e-02  1.24334395e-02  1.04166627e-01  6.57540262e-02 -1.06747538e-01 -5.58395460e-02 -1.52915150e-01  1.11087754e-01  2.54052788e-01  1.36566579e-01 -1.35030299e-01  4.38077375e-02  1.52866274e-01  2.00271577e-01]
 [ 2.36355960e-01 -7.74217471e-02 -7.44496137e-02 -1.53074637e-02  2.37096369e-01 -2.95178685e-02  1.93472415e-01  3.32151353e-02  3.27305049e-02 -5.12506850e-02  1.29584253e-01 -5.72103774e-04  1.03109725e-01 -2.65854776e-01  2.08543018e-02]
 [ 4.89097595e-01  2.11668909e-01 -9.49589536e-03 -9.45149362e-03 -4.22899127e-02 -1.01291299e-01 -5.08064032e-02 -3.74119729e-04  6.48752451e-02  2.74540274e-03  1.92146719e-01  6.33650482e-01  4.55472231e-01  9.68197584e-02 -1.59318328e-01]
 [-1.20037317e-01  1.44596219e-01  3.43061358e-01 -2.09403038e-02  1.14562273e-01  5.03619015e-02  2.35002935e-02  6.22877479e-03  2.62692571e-03  3.06384414e-02  9.14442062e-01 -5.29884696e-01  9.68350768e-02 -2.60889381e-02 -2.55603194e-01]
 [-9.11968648e-02 -1.42984288e-02 -1.28483679e-02  2.44570076e-02 -1.21604744e-02 -1.20502114e-01 -2.90572256e-01 -1.36384666e-01  4.49397713e-02  3.34087253e-01 -5.43473698e-02 -2.22516835e-01 -3.65002975e-02  3.96700442e-01  4.92294412e-03]
 [-2.52589583e-03 -2.50085354e-01 -7.32667744e-02  2.64425039e-01  4.00899053e-01 -3.38391334e-01  4.25770581e-02  1.46993995e-03  5.80830276e-02 -1.22594833e-03 -8.59211683e-02 -1.22099054e+00 -4.00586307e-01 -2.62412608e-01  3.01234722e-02]
 [-3.03494446e-02 -1.95545666e-02 -8.17032009e-02  1.69684887e-02  3.99817675e-02 -8.04391503e-03  3.06141376e-03 -1.60047486e-01  4.80558127e-02  5.53891897e-01  2.98266783e-02 -6.56490624e-02  6.06918037e-02  5.13471007e-01  1.08397156e-02]
 [ 4.15160693e-03  1.68499798e-02 -2.01052688e-02  1.83630109e-01  7.19300508e-02 -7.36903623e-02 -4.62518185e-02 -4.09684777e-02 -6.16858080e-02  1.24767907e-01  9.22550112e-02  9.53264907e-03  3.30427848e-02  7.67852217e-02  7.93106332e-02]
 [-3.09255719e-02  3.27437282e-01 -1.89876556e-03 -2.49856710e-02 -2.11534023e-01 -3.12191188e-01 -2.10229486e-01 -2.08967790e-01  6.66475147e-02 -1.31570995e-02 -2.53036618e-01  2.10253596e-01 -6.88781142e-02  8.72658968e-01 -2.38441586e-01]
 [-5.93937635e-01  5.63700199e-02 -9.15107131e-03  1.89200997e-01 -1.01663113e-01 -7.88180232e-01 -1.36864543e-01 -5.83484769e-02  1.20167464e-01  6.81665242e-02 -3.12346995e-01  1.63267732e-01 -6.04378581e-01 -1.67982817e-01 -5.26727438e-02]
 [-2.04693198e-01 -3.38664412e-01  2.91256495e-02  1.25997961e-01  7.39170432e-01 -2.25236401e-01 -2.85268486e-01 -1.11725211e-01 -9.28601623e-02  1.03172332e-01 -3.51251006e-01  5.72352409e-02  1.30241632e-01  3.22865427e-01  1.18629110e+00]]
hid2:
[[-2.70392653e-03  8.29253718e-02  5.34824561e-04 -1.73142925e-02 -1.37048215e-03 -6.85152188e-02 -3.71468961e-02 -2.14341469e-02 -3.93480100e-02  1.32709350e-02  3.06253508e-03 -6.88759051e-03  6.17767386e-02 -2.96041407e-02  1.07641239e-02]
 [ 8.86715055e-02 -3.06904428e-02  1.58263408e-02  1.17719159e-01  3.60889994e-02 -4.28049080e-02 -1.90032907e-02 -1.16002485e-01  1.86623365e-01  7.18250945e-02  1.44111440e-01 -1.55067071e-03 -1.60465576e-02  8.40771124e-02 -4.61134128e-02]
 [ 5.95991500e-03  7.07282498e-02  5.19468496e-03  7.63434917e-04  1.29733700e-04 -7.50718117e-02 -2.64804848e-02 -4.36121263e-02 -2.11304352e-02  1.63722616e-02  2.80097574e-02  2.24934891e-03  2.95544043e-02 -1.85630843e-03  1.63151361e-02]
 [ 4.36116420e-02  2.81891488e-02  2.35069785e-02 -9.80390236e-03 -2.85823420e-02 -6.07245341e-02 -3.06257419e-02 -3.25935408e-02  4.88571376e-02  3.34078632e-02  1.97513252e-02 -3.51174399e-02  5.31316809e-02 -1.27332471e-02 -4.42130268e-02]
 [ 1.92220248e-02  5.00563756e-02  1.24028195e-02 -3.03975902e-02 -2.10454464e-02 -6.34303018e-02 -3.24510634e-02 -2.83405930e-03 -5.29281422e-03  1.16824731e-02 -5.18484041e-03 -3.00230943e-02  6.53142184e-02 -2.18840968e-02 -1.67234782e-02]
 [ 2.10532378e-02  4.39968929e-02  1.21874046e-02 -7.78991729e-03 -1.93886608e-02 -6.67029023e-02 -3.08550633e-02 -2.79224664e-02 -1.05280429e-03  1.53960921e-02  1.85821876e-02 -1.89571045e-02  3.32888626e-02 -4.76550497e-03 -6.05887361e-03]
 [ 5.84691204e-03  6.46927282e-02  6.88251620e-03 -1.80078261e-02 -1.39514972e-02 -6.76179901e-02 -3.55570763e-02 -1.83393285e-02 -3.07633430e-02  1.07073709e-02  2.91319937e-03 -1.51449498e-02  5.01678810e-02 -2.28715017e-02  4.19967063e-03]
 [-8.70317779e-03  8.02322850e-02  2.25442043e-03 -1.99112520e-02 -8.42148997e-03 -8.11161995e-02 -2.67821252e-02 -2.38324106e-02 -6.32510185e-02 -1.72220916e-03  9.87812877e-03  2.12366693e-03  2.49564517e-02 -5.65958768e-03  3.56141329e-02]
 [ 2.92936880e-02  3.65081169e-02  1.96884032e-02 -2.08010003e-02 -2.34868806e-02 -6.11935481e-02 -3.48775499e-02 -8.48030671e-03  1.43639110e-02  1.80814788e-02  5.43354452e-03 -3.46366540e-02  6.03711009e-02 -1.87214445e-02 -2.39258278e-02]
 [ 6.76868297e-03  6.08369112e-02  6.49773376e-03 -5.93392923e-03 -1.37600712e-02 -7.19098523e-02 -3.44097614e-02 -3.26546803e-02 -3.02218497e-02  1.04343779e-02  2.15988383e-02 -7.52088055e-03  2.43378133e-02 -6.90219086e-03  1.58943962e-02]
 [ 1.17093083e-02  6.53028563e-02  1.62309073e-02 -2.53769197e-02 -3.10382769e-02 -7.38256946e-02 -3.80693749e-02 -3.00434455e-02 -2.53413245e-02  1.83129720e-02  6.64640218e-03 -1.98838171e-02  4.33785841e-02 -3.03322077e-02 -4.12282720e-03]
 [ 5.54435030e-02  4.71899211e-02  5.47839813e-02 -1.59838572e-02 -7.22771585e-02 -9.55306441e-02 -3.16473208e-02 -1.03589326e-01  5.79102337e-02  6.32987395e-02  6.00301400e-02 -2.68480442e-02  1.71755999e-03 -2.03680769e-02 -4.64463457e-02]
 [ 1.06413588e-02  5.94616868e-02  1.06595065e-02 -1.05719455e-02  2.62134010e-04 -6.41364381e-02 -3.18192095e-02 -1.27347074e-02 -1.35745294e-02  1.39109362e-02  4.69667092e-03 -1.56200938e-02  6.45198822e-02 -2.00526081e-02 -1.30982138e-04]
 [ 2.96351667e-02  3.72867174e-02  2.23624520e-04  3.72636691e-03  2.43219193e-02 -5.01615293e-02 -2.21207906e-02 -2.63077766e-03  4.39081714e-02  1.72417127e-02  1.95623003e-02 -1.92728825e-02  7.80693293e-02  1.10259242e-02 -1.93809047e-02]
 [ 1.02631096e-02  5.69521524e-02  3.11581790e-03 -6.88603148e-03  1.93759892e-03 -6.41295612e-02 -3.21760103e-02 -1.42839290e-02 -1.40493289e-02  9.24530253e-03  1.56994015e-02 -1.18704345e-02  4.90969568e-02 -4.93902899e-03  8.49670172e-03]]
topics:
[[ 0.23238213 -0.25636315 -0.02309041  0.08512215  0.2759705   0.1831843   0.04816093  0.32201916  0.63128966  0.05394305 -0.10331001 -0.19097131  0.5634684   0.07861055 -0.3742693 ]
 [ 0.22886074  0.16779603  0.48562977 -0.5955756  -0.950326   -0.5637923  -0.07536708 -0.54609185 -0.17135173  0.2527252   0.07723686 -0.13340272 -0.42571086 -0.37641197 -0.11786328]
 [ 0.02295478 -0.0263658  -0.01592674  0.03161026 -0.02687792 -0.00140217 -0.17909963  0.06686303 -0.02996886 -0.01031356  0.08907875 -0.07839577  0.01064758 -0.0316897   0.05788146]
 [ 0.40847123 -0.01427728  0.3138461  -0.5348669  -0.68132246 -0.20287576 -0.05572728 -0.24801555  0.3999075   0.34208748 -0.05181607 -0.3197674   0.04457141 -0.28575966 -0.48810592]
 [-0.02981541  0.1562968   0.00774779 -0.06350224 -0.02493493 -0.08429558 -0.05894294 -0.0367309  -0.09684374  0.03380907 -0.03440682 -0.00679804  0.11329881 -0.11687606  0.00251552]
 [ 0.44253984 -0.10920542  0.53645307 -0.50114924 -0.50529444 -0.15202913  0.06242814  0.05393339  1.1107785   0.3161572  -0.08702654 -0.58587503  0.5967259  -0.26967016 -1.071179  ]
 [-0.18345359  0.15243927  0.14403316  0.02274657 -0.32024932 -0.28694457 -0.07513545 -0.31454754 -0.7009172  -0.08623295  0.06777606  0.12717743 -0.57576996 -0.06953874  0.4042514 ]
 [-0.1637669  -0.02618317 -0.13208413 -0.35709596 -0.01600536  0.03732671 -0.00842667  0.69275934 -0.52181506 -0.39336586 -0.51026905 -0.16434786  0.27699798 -0.02560005  0.14800806]
 [-0.14066218  0.22387858  0.1235999  -0.06136385 -0.10778411 -0.40874615  0.1123086  -0.24366528 -0.5042181  -0.14763436  0.26603472  0.23454165 -0.6084096   0.30539688  0.5455592 ]
 [ 0.17594735  0.02757651 -0.05946148  0.4630211   0.0481869  -0.02594687 -0.06041022 -0.70987856  0.51857513  0.35399923  0.50529176  0.14676976 -0.2537921   0.12496423 -0.19141623]]
R:
[[0.10623584 0.00077706 0.05361865 0.00077706 0.57352585 0.00077706 0.02422741 0.07379536 0.07923144 0.08703425]
 [0.31763664 0.00732517 0.17443132 0.00732517 0.00732517 0.00732517 0.07804199 0.00732517 0.15954837 0.23371585]
 [0.13442111 0.00213959 0.04300816 0.00213959 0.46998256 0.00213959 0.03578768 0.07587744 0.11632932 0.11817496]
 [0.18378407 0.02095958 0.07595312 0.02095958 0.31192967 0.02095958 0.06873359 0.0921916  0.07091492 0.13361427]
 [0.14397047 0.01400507 0.06881747 0.01400507 0.41350275 0.01400507 0.04252058 0.11034399 0.07644144 0.10238808]
 [0.15186107 0.01196685 0.07718398 0.01196685 0.34415284 0.01196685 0.06198017 0.1069764  0.09106129 0.1308837 ]
 [0.12610659 0.00647882 0.06393932 0.00647882 0.46747807 0.00647882 0.05193005 0.09401397 0.07649907 0.10059654]
 [0.10272758 0.00212619 0.04062796 0.00212619 0.4833893  0.00212619 0.02908915 0.10802372 0.12251841 0.10724529]
 [0.1727596  0.01595013 0.09939861 0.01595013 0.35859075 0.01595013 0.06488872 0.08735847 0.07333452 0.09581892]
 [0.12350176 0.00584487 0.08411994 0.00584487 0.4074922  0.00584487 0.05163981 0.09665047 0.09875139 0.12030989]
 [0.11670545 0.01276834 0.07085161 0.01276834 0.4566277  0.01276834 0.05770845 0.08796034 0.07092077 0.10092067]
 [0.15061769 0.0349554  0.07963981 0.0349554  0.32070616 0.0349554  0.07655914 0.0349554  0.09707982 0.13557583]
 [0.1700684  0.00332417 0.06158819 0.00332417 0.48777488 0.00332417 0.06042285 0.05579972 0.0829993  0.07137413]
 [0.19833632 0.00406674 0.07481029 0.00406674 0.39610332 0.00406674 0.00406674 0.08241138 0.11794837 0.11412337]
 [0.14486931 0.00346728 0.08877567 0.00346728 0.43311715 0.00346728 0.03050495 0.08561903 0.10430203 0.10240992]]
distance_matrix:
[[53.479492  56.431583  53.511078  53.43344   53.076206  53.219593  53.254993  53.193203  53.19254   53.298515  53.25162   53.979633  53.43088   53.57923   53.292366 ]
 [37.824085  40.412285  37.766834  37.23765   37.063217  37.241867  37.4444    37.453632  37.109222  37.48039   37.29474   37.423946  37.656406  37.73983   37.509495 ]
 [16.184536  18.14092   16.296968  16.458126  16.199818  16.324947  16.229843  16.356762  16.2443    16.346546  16.425877  17.478523  16.081392  15.959987  16.07608  ]
 [ 5.3691587  7.4410095  5.345075   5.5988097  5.419418   5.3871174  5.344669   5.336654   5.4674892  5.3484597  5.3988814  5.9951935  5.3631535  5.5535245  5.3287563]
 [ 3.680193   5.62096    3.6541665  3.894774   3.7406702  3.7226787  3.6822681  3.6898396  3.7878466  3.6977394  3.7445233  4.301829   3.6690223  3.7867556  3.6398797]
 [ 5.6989183  8.429274   5.72564    5.8811765  5.593631   5.6412616  5.6010237  5.5503287  5.701334   5.627631   5.6104574  6.2725444  5.7349577  5.9875765  5.655714 ]
 [10.1048975 11.475197   9.940522  10.296169  10.247185  10.073006  10.0959    10.040639  10.264296  10.013119  10.154405  10.537311  10.104491  10.235402  10.035862 ]
 [15.492632  17.655071  15.591412  15.387723  15.331235  15.431298  15.415383  15.64236   15.343444  15.529351  15.371266  15.707098  15.450635  15.623894  15.48529  ]
 [ 3.7529602  5.883048   3.717069   4.0759954  3.8863044  3.8222384  3.7594285  3.708653   3.9542284  3.7431211  3.8099747  4.3928823  3.8022048  4.033475   3.7558541]
 [11.392671  12.707951  11.251444  11.182563  11.163765  11.101325  11.238151  11.276068  11.132556  11.180726  11.232279  11.463982  11.275047  11.266992  11.156189 ]
 [ 6.293995   7.478885   6.1832004  6.455258   6.4766874  6.333914   6.3358974  6.3879733  6.462738   6.2931037  6.3846207  6.6771383  6.2893977  6.3762956  6.265027 ]
 [ 1.66907    3.4981682  1.6382275  1.6551563  1.5662725  1.5709873  1.5938987  1.6705724  1.5889114  1.6229267  1.6164794  2.0474384  1.6084139  1.6941271  1.5762544]
 [13.693503  15.31539   13.652759  13.398923  13.328458  13.419789  13.529791  13.662785  13.32824   13.59258   13.565759  14.001201  13.506055  13.381852  13.450523 ]
 [11.265966  12.336136  11.131668  11.166671  11.1534395 11.089485  11.18144   11.254667  11.109521  11.160912  11.265993  11.687168  11.089214  11.010326  11.0432625]
 [11.135811  12.803598  10.94406   11.148098  11.00597   10.876833  10.972112  10.856613  11.012689  10.870423  11.007295  11.460604  11.033361  11.195819  10.9169445]]
