hid1:
[[ 0.49320343  1.0982175   0.00459169 -0.44378477 -0.53956807 -0.04376213  0.59979224  0.11813503  1.3739454   1.0470226   0.8097585  -0.07812689 -0.6160801  -1.4577388  -0.2716013 ]
 [-0.84035647 -1.4577388   0.3986829  -0.34591419 -0.6037778  -0.74419415 -0.5455061  -0.66299355  0.17195228 -0.15111238 -0.4918123   0.00936496 -1.4577388   0.42394286  0.79238266]
 [-0.3121651  -1.4577388  -1.4577388  -1.0590812  -0.15409955 -0.23959544  0.9232862  -0.59005386 -0.81457657 -1.4577388  -1.4577388   0.52690303 -0.707113   -0.59001714 -0.11494321]
 [-0.23927268 -0.48305237  0.5787498   0.25900182 -0.44723827  0.87772125 -0.10008797 -0.5656319   0.22994444 -1.4577388  -1.4577388  -0.40665084 -0.48187256 -0.643702   -0.42767364]
 [ 0.9685409  -0.6390196   0.6841941   0.05062362 -0.44545949  1.1728401   0.27983934  0.24056867  0.8207235   0.62513494  1.1013763  -0.3276021   0.82309526 -0.15684551  0.56689   ]
 [-0.7131621  -1.4577388   1.499391   -0.09407341 -0.86033607 -0.16245863 -0.22301778 -0.5655195  -0.51863873  0.77841556 -0.87272036  0.21228412 -1.4577388   0.6097127   0.41692793]
 [-1.4577388  -1.4577388   0.55809534 -0.45421916  0.0929127   0.50831866  0.36055326  0.0447478  -0.3451239   0.7935579   0.21521102  0.2387127  -0.2228733  -0.30674165 -0.5375688 ]
 [-1.4577388   0.4841063   0.43732497  0.7299784  -1.4577388  -0.14025533 -0.3148644  -1.0109992   0.5096427  -0.7484372  -1.4577388  -0.5543047   0.09304262  0.5491233   1.3638706 ]
 [ 1.2595903  -1.4577388  -0.11400041  0.24196795  0.02830185 -1.4577388  -0.5216982   0.50305986 -0.56486595 -1.4577388   0.43622977  0.32483983 -0.8969673  -0.58998734  0.38557798]
 [ 0.03779609  0.14322805  0.5793884   0.27519724 -0.8184689  -0.64946514 -0.63900656 -0.3441339  -1.0083839  -0.14483482 -0.2816823  -0.5756804  -0.7741824   0.00291206 -0.8150026 ]
 [-1.0236094   0.44316098 -0.88909054 -0.04543634 -0.5701176   0.3944714  -1.0414792   1.0003337   0.8726515   0.6593611   0.44211432 -1.4577388   0.65992916 -0.81673706 -0.01625742]
 [-1.184252   -0.41019183  0.454954    0.51393986 -0.15782428 -1.4577388   0.6309535   2.1054654  -0.3577336  -0.8641087  -0.3422851  -0.54814374  0.80482113  0.7201143  -1.4577388 ]
 [-1.072306   -1.2960984   1.066675   -0.7690309   0.39323503  0.02814016  0.81656337  0.36260176 -0.9314177  -1.2112992  -0.59725356 -0.68045634  0.08154422 -1.0682806   0.19641843]
 [ 1.4159629   0.43882477  0.8955762  -0.5186263  -0.18128046 -0.63551533  0.24438521  0.21848541  0.03700044 -1.4577388  -0.9847411  -0.15446451 -0.6748619  -0.69578606  0.71583045]
 [-0.38556844 -0.30239943 -1.4577388  -1.4577388   0.6700487  -1.4577388  -0.55823416 -0.8637458   0.2811768  -0.311335   -1.4577388   0.33367717 -0.53696173 -0.3825305   0.51796484]]
hid2:
[[-3.34816054e-02 -4.78729606e-02  4.42459695e-02  1.09682698e-02 -5.41673191e-02 -9.30868983e-02 -7.93876052e-02 -2.72271968e-02 -1.33719251e-01 -5.86098135e-02  1.35302797e-01 -3.98945715e-03 -2.06064254e-01  4.78449129e-02  1.72761366e-01]
 [-5.91144003e-02 -5.98717257e-02  7.73010179e-02  8.97046737e-03 -5.26579693e-02 -1.19159915e-01 -4.11934853e-02 -6.78540617e-02 -1.33440301e-01 -6.82772622e-02  1.43283010e-01  2.43048854e-02 -2.71874815e-01  6.32978082e-02  1.92429438e-01]
 [-1.19058922e-01  1.63929984e-02  1.19517818e-01 -5.56530319e-02 -1.77764669e-01 -2.51521140e-01 -5.46867177e-02 -1.85717344e-01 -4.17144597e-01 -1.16712518e-01  2.03414857e-01  9.11037698e-02 -5.49818575e-01  6.53394833e-02  3.93192947e-01]
 [ 4.84649390e-02 -4.76200245e-02  6.50738999e-02 -5.12309931e-02 -8.74027237e-02 -5.15660346e-02 -4.07054722e-02 -2.02510878e-02  9.68210623e-02  2.92021185e-02  3.18174809e-02 -7.31526539e-02  7.98439980e-03 -2.67063063e-02 -6.97164983e-02]
 [-3.20692658e-02 -7.25412276e-03  1.02006391e-01 -1.38614804e-01 -1.82692841e-01 -1.60647705e-01 -4.63808291e-02 -4.21204865e-02 -2.02486828e-01 -6.99371621e-02  4.60015200e-02 -2.49156449e-02 -2.34540105e-01 -9.11990739e-03  1.45157263e-01]
 [-4.56800312e-02 -3.27496813e-03  1.07017279e-01 -7.70916641e-02 -1.69122234e-01 -1.83312237e-01 -5.02837673e-02 -1.24634355e-01 -2.21874729e-01 -5.68633750e-02  1.28684372e-01  1.83099397e-02 -3.36066544e-01  2.06243880e-02  2.04283565e-01]
 [-4.57037352e-02  6.74621463e-02  1.10025685e-02 -7.96597525e-02 -3.71419676e-02 -6.88612387e-02 -3.53349857e-02 -3.23835644e-03 -1.23498119e-01 -1.36838108e-02 -6.01013005e-02 -5.24974242e-03  4.60722335e-02 -9.90091711e-02  3.01959254e-02]
 [-7.87594169e-02 -1.66178644e-02  8.26446861e-02 -1.66593958e-02 -1.13045208e-01 -1.74003124e-01 -6.67938292e-02 -1.11756772e-01 -2.77639955e-01 -8.79645571e-02  1.76166832e-01  4.76008169e-02 -3.86938751e-01  5.99439070e-02  2.89435327e-01]
 [-4.71967272e-04 -4.84743677e-02  6.77836761e-02 -1.33257583e-01 -1.16343021e-01 -7.55329132e-02 -4.09953743e-02  7.51304105e-02 -6.29503429e-02 -6.23332262e-02 -3.11392955e-02 -7.97725171e-02 -3.71808782e-02 -2.09172778e-02  2.41601933e-02]
 [-9.95406285e-02 -1.21573759e-02  7.03584701e-02 -4.98334169e-02 -1.09331638e-01 -1.68025702e-01 -5.75905070e-02 -5.33770323e-02 -3.23086470e-01 -1.25589624e-01  1.18493900e-01  4.14745249e-02 -3.56007397e-01  5.39042205e-02  2.97274351e-01]
 [-6.14240766e-02 -4.67409845e-03  7.59607330e-02 -1.65649772e-01 -1.64148837e-01 -1.45899236e-01 -4.43245508e-02  3.86705846e-02 -2.71055609e-01 -1.22520000e-01 -1.42477443e-02 -2.95300204e-02 -2.00322539e-01 -8.41118209e-03  1.73511460e-01]
 [ 4.86777052e-02 -7.11970218e-03  1.26306683e-01 -1.26598150e-01 -2.10501567e-01 -1.44096911e-01 -4.62636501e-02 -1.10783100e-01 -9.13297385e-03  3.61090526e-02  6.44622594e-02 -6.28739521e-02 -1.38092697e-01 -5.02794050e-02 -1.19124260e-02]
 [-7.72350580e-02 -1.30847618e-02  9.56499949e-02 -6.90222159e-02 -1.42633930e-01 -1.81632981e-01 -5.44015728e-02 -8.82221162e-02 -2.86164224e-01 -9.81745198e-02  1.30175099e-01  3.13856527e-02 -3.66502583e-01  4.18627597e-02  2.67976224e-01]
 [-9.71160829e-02  8.86909605e-04  1.02926075e-01 -6.55742213e-02 -1.57206133e-01 -2.10609630e-01 -5.57491072e-02 -1.23214506e-01 -3.49892199e-01 -1.10302061e-01  1.56980529e-01  5.62386476e-02 -4.42154646e-01  5.14893308e-02  3.24609578e-01]
 [-1.32500425e-01  8.73362552e-03  9.28298607e-02 -4.51495051e-02 -1.40056238e-01 -2.24493682e-01 -5.59994392e-02 -1.28170162e-01 -4.26019728e-01 -1.41724408e-01  1.73695579e-01  8.67887810e-02 -5.02156913e-01  7.20568746e-02  3.95554781e-01]]
topics:
[[ 1.20733082e-01 -2.63308197e-01 -2.21548565e-02  7.52821863e-02  2.27681831e-01  2.39094988e-01 -3.60306259e-03  3.31215739e-01  6.19277775e-01  4.45577241e-02 -1.11528680e-01 -2.10024878e-01  5.54655850e-01  1.51575776e-02 -3.98467690e-01]
 [ 1.74857020e-01  2.11297199e-01  4.79208738e-01 -6.23254240e-01 -9.32575226e-01 -6.00004435e-01 -6.45268708e-02 -5.37525117e-01 -2.21789822e-01  2.31289834e-01  4.29917127e-02 -1.27685905e-01 -4.33341026e-01 -3.61864120e-01 -9.36826691e-02]
 [ 2.85311770e-02 -5.92707023e-02 -1.14731742e-02  3.11975442e-02 -1.68266222e-02 -1.02960803e-02 -1.24014184e-01  6.73747510e-02 -1.85850952e-02 -2.17715688e-02  9.89780203e-02 -7.07139522e-02 -8.89753550e-03  2.14194600e-02  6.02568649e-02]
 [ 3.75668436e-01 -1.12465378e-02  3.65703762e-01 -5.58171153e-01 -6.70869231e-01 -2.17404410e-01 -4.80077006e-02 -2.26658642e-01  4.22720701e-01  3.08036149e-01 -5.27931489e-02 -3.39977592e-01  6.79558441e-02 -2.87543803e-01 -5.12891531e-01]
 [-3.24602947e-02  1.01745769e-01  4.72887512e-03 -7.13713765e-02 -3.02093085e-02 -6.39272481e-02 -3.52429077e-02 -4.32274006e-02 -8.77013430e-02  3.16357948e-02 -6.68594465e-02  7.86530320e-04  9.93646532e-02 -1.37860045e-01 -1.50342016e-02]
 [ 5.38497627e-01 -1.60337418e-01  3.93758893e-01 -4.08665478e-01 -4.33836877e-01 -6.36968315e-02  7.21824728e-03 -4.31303531e-02  1.18914247e+00  4.31996644e-01 -2.13719457e-02 -5.24291039e-01  5.41722596e-01 -2.52239287e-01 -1.04535925e+00]
 [-2.18778372e-01  2.01888546e-01  3.03150266e-02  4.46219184e-02 -1.99224100e-01 -2.58563697e-01 -3.88418064e-02 -3.18846494e-01 -7.13387728e-01 -9.87432152e-02  8.82292390e-02  2.26254433e-01 -5.82362056e-01 -1.01909945e-02  4.77292776e-01]
 [-1.95147917e-01 -1.60158370e-02 -1.13819793e-01 -3.78644258e-01 -2.87816096e-02  2.38922872e-02 -2.02961117e-02  6.79282427e-01 -5.49828529e-01 -4.40089375e-01 -5.17852545e-01 -1.39993832e-01  2.53446430e-01 -4.11079377e-02  1.77010402e-01]
 [-1.60986662e-01  3.54005024e-02  1.27768114e-01 -2.68892739e-02 -1.84192389e-01 -2.98550040e-01 -5.77150621e-02 -2.51016200e-01 -5.28397620e-01 -1.40382484e-01  2.66253412e-01  1.44209728e-01 -6.93178535e-01  9.33576748e-02  5.06643474e-01]
 [ 2.05241010e-01  2.50583235e-02  4.76005161e-03  4.25341547e-01 -3.78243588e-02 -5.02300411e-02 -4.07995805e-02 -7.12775826e-01  5.40133476e-01  3.82527649e-01  5.03690720e-01  1.14528351e-01 -2.49466226e-01  9.03738961e-02 -2.20054463e-01]]
R:
[[1.3606456e-01 2.6823877e-04 4.4441232e-01 4.4619017e-03 2.6823877e-04 2.6823877e-04 2.6823877e-04 6.5288008e-03 4.0068564e-01 6.7738034e-03]
 [3.1398091e-01 2.5658568e-03 1.6972052e-02 2.5658568e-03 2.5658568e-03 2.5658568e-03 2.5658568e-03 2.5658568e-03 6.3706714e-01 1.6584817e-02]
 [4.5116194e-02 1.2236153e-03 2.1035735e-02 4.3241907e-02 2.6213608e-03 1.2236153e-03 1.2236153e-03 3.5542961e-02 8.4411228e-01 4.6586283e-03]
 [2.5585851e-01 3.6424052e-02 1.0860990e-01 6.5926120e-02 9.9480607e-02 3.6424052e-02 3.6424052e-02 8.1041597e-02 1.8209901e-01 9.7712107e-02]
 [9.8559387e-02 2.4495978e-02 5.4527044e-02 1.1168929e-01 2.4495978e-02 2.4495978e-02 2.4495978e-02 1.5182079e-01 4.6092361e-01 2.4495978e-02]
 [9.7839452e-02 1.9168463e-02 6.0686417e-02 7.6024599e-02 1.9168463e-02 1.9168463e-02 1.9168463e-02 7.3288783e-02 5.6976312e-01 4.5723703e-02]
 [5.0894201e-02 7.4687938e-04 2.3074786e-03 4.1845189e-03 7.6700860e-01 7.4687938e-04 7.4687938e-04 6.3929722e-02 1.0633550e-01 3.0993198e-03]
 [9.7223386e-02 6.2704587e-04 2.2789235e-01 1.8479301e-02 6.2704587e-04 6.2704587e-04 6.2704587e-04 1.2300418e-02 6.3761663e-01 3.9796480e-03]
 [2.1904935e-01 2.1173231e-02 8.7269261e-02 1.0644776e-01 2.4515670e-02 2.1173231e-02 2.1173231e-02 1.8920192e-01 2.8882313e-01 2.1173231e-02]
 [9.7825967e-02 4.8896885e-03 1.4560387e-01 4.8896885e-03 4.8896885e-03 4.8896885e-03 4.8896885e-03 1.0336643e-01 6.2386554e-01 4.8896885e-03]
 [7.4682482e-02 1.5505287e-02 4.6597775e-02 9.9670872e-02 3.0264994e-02 1.5505287e-02 1.5505287e-02 2.4947044e-01 4.3729231e-01 1.5505287e-02]
 [1.2564673e-01 6.3770354e-02 9.5355816e-02 1.2016205e-01 6.3770354e-02 6.3770354e-02 6.3770354e-02 6.3770354e-02 2.7621326e-01 6.3770354e-02]
 [1.1188905e-01 2.5278106e-03 9.5299281e-02 6.1308548e-02 2.5278106e-03 2.5278106e-03 2.5278106e-03 7.1831949e-02 6.4703220e-01 2.5278106e-03]
 [7.3087052e-02 2.0754156e-03 7.7916965e-02 5.1087506e-02 2.0754156e-03 2.0754156e-03 2.0754156e-03 6.4873852e-02 7.2195292e-01 2.7800284e-03]
 [5.6441870e-02 1.3927277e-03 6.5161124e-02 1.3927277e-03 1.3927277e-03 1.3927277e-03 1.3927277e-03 7.4987561e-02 7.9505306e-01 1.3927277e-03]]
distance_matrix:
[[167.61668  164.74852  157.37646  179.96838  163.40121  160.37692  178.53413  160.1061   174.42639  160.5819   164.9756   168.86938  159.85545  158.3269   158.10512 ]
 [122.03146  119.641045 114.88799  136.15077  119.93113  117.52568  140.09412  116.06709  129.04588  116.23104  120.73976  126.81609  115.972404 114.987755 114.77543 ]
 [155.33804  156.86298  169.13812  154.8559   154.58759  158.28648  151.78586  160.41321  151.68396  158.50348  153.22615  154.97269  159.07747  162.68498  166.03148 ]
 [120.50575  121.82828  132.59335  124.475746 123.68365  124.65254  123.12557  124.47995  122.8876   124.047424 123.61047  124.63684  124.85116  127.56005  129.87117 ]
 [142.81197  145.1157   161.86267  142.06693  147.18367  149.48714  141.78984  150.40038  142.71497  150.03758  147.31342  145.14363  150.6933   154.89815  158.607   ]
 [145.25092  146.60854  162.22693  142.07033  145.84734  149.13538  143.81798  151.89565  141.73917  151.1251   146.06589  143.1333   150.98067  155.2499   159.60034 ]
 [120.8374   120.24704  122.06773  125.89411  116.11232  117.51373  126.85495  119.4409   120.03981  118.326454 115.96892  119.01876  117.806694 119.02138  121.10222 ]
 [134.90111  132.64478  128.89967  145.66125  131.41219  129.55513  149.11086  129.59413  139.9558   129.87137  132.74284  136.07536  129.11537  128.54272  129.12398 ]
 [146.29471  148.13545  164.17955  143.61037  147.13928  150.93866  144.9633   153.42595  142.42776  152.36928  146.83731  145.07617  152.40637  156.85228  161.23341 ]
 [139.3854   139.9565   150.76004  139.52373  137.69218  140.87308  140.40271  143.19847  135.96931  141.64597  136.9347   138.18994  141.70479  144.9519   148.28722 ]
 [211.39098  215.53313  240.99329  201.10248  215.0939   220.61537  200.19838  224.5868   204.70357  223.66714  215.06033  207.83826  223.9417   230.65257  236.933   ]
 [150.20241  151.19989  165.0712   148.3028   151.21292  153.37338  149.63863  155.70268  148.65514  155.48024  152.09213  148.44781  155.25845  158.96017  162.87688 ]
 [153.159    152.49507  166.35136  152.2149   153.19658  155.638    157.17827  157.7823   150.52626  157.18295  153.67992  152.1781   156.72424  160.38585  164.2058  ]
 [174.7918   175.65977  186.03534  177.61766  176.05205  177.8242   174.68736  178.4109   175.04028  177.19879  175.26555  177.54965  178.06056  180.8253   183.15457 ]
 [180.84251  180.66582  189.81699  184.66016  180.14592  182.47563  187.4075   183.33435  179.5627   181.82498  179.1446   182.98538  182.1666   184.81094  187.289   ]]
