hid1:
[[0.01533442 0.19821775 0.         0.         0.         0.         0.         0.         0.35753694 0.         0.16326635 0.         0.         0.         0.        ]
 [0.28090248 0.1724839  0.         0.         0.         0.         0.         0.         0.         0.         0.42087787 0.         0.2799154  0.         0.        ]
 [0.1804578  0.         0.         0.         0.         0.         0.         0.         0.         0.         0.         0.         0.         0.         0.        ]
 [0.         0.15604982 0.         0.         0.         0.         0.         0.         0.12681648 0.         0.         0.         0.16131495 0.         0.        ]
 [0.         0.10139507 0.         0.         0.         0.         0.         0.         0.07931962 0.         0.06261121 0.         0.18455528 0.         0.        ]
 [0.         0.12329241 0.         0.         0.         0.         0.         0.         0.0459163  0.         0.05433542 0.         0.20012331 0.         0.        ]
 [0.08707668 0.16556564 0.         0.         0.         0.         0.         0.         0.04483889 0.         0.02720775 0.         0.10351365 0.         0.        ]
 [0.         0.31829378 0.         0.         0.         0.         0.         0.         0.1575299  0.         0.         0.         0.14546698 0.         0.        ]
 [0.         0.20450395 0.         0.         0.         0.         0.         0.         0.         0.         0.05141004 0.         0.10289671 0.         0.        ]
 [0.00865563 0.10239721 0.         0.         0.         0.         0.         0.         0.07582164 0.         0.         0.         0.         0.         0.        ]
 [0.         0.18136027 0.         0.         0.         0.         0.         0.         0.         0.         0.10137308 0.         0.11867969 0.         0.        ]
 [0.         0.12469853 0.         0.         0.         0.         0.         0.         0.06060902 0.         0.         0.         0.         0.         0.        ]
 [0.         0.00174606 0.         0.         0.         0.         0.         0.10399603 0.         0.16783944 0.         0.         0.02260116 0.         0.        ]
 [0.         0.         0.02464527 0.         0.063277   0.         0.         0.20064443 0.         0.08544017 0.         0.         0.         0.         0.104571  ]
 [0.         0.         0.09244169 0.02124543 0.00773538 0.         0.         0.25522324 0.         0.15518557 0.         0.         0.         0.         0.13023141]]
hid2:
[[ 0.01328754  0.04374148  0.00845387  0.01257437 -0.00655204 -0.01354017 -0.09016675  0.0048724   0.0086578   0.0144699   0.04832887 -0.03437623  0.0426249  -0.02995982  0.01149536]
 [ 0.06095668 -0.0077964   0.04526726  0.03580289 -0.04826996 -0.01465748 -0.07918762 -0.06348874  0.11098129  0.05088482  0.10927337 -0.04380995 -0.01332569  0.00728429 -0.03270639]
 [ 0.01159219  0.05722138  0.0226499  -0.00739614 -0.02482157 -0.02510704 -0.06172826 -0.02003255  0.0013176   0.01100286  0.03913726 -0.02406857  0.02117938 -0.02130456  0.0090564 ]
 [ 0.02373822  0.05044318  0.03572267 -0.03490229 -0.0537105  -0.03391388 -0.06363187 -0.01176664  0.01302261  0.01564395  0.0222236  -0.04400454  0.03563942 -0.03838972 -0.017768  ]
 [ 0.01617393  0.06108813  0.02705348 -0.02870397 -0.03560875 -0.02850399 -0.06344061 -0.00670887  0.00670457  0.01401699  0.01982729 -0.03728064  0.04680334 -0.03997884 -0.01050938]
 [ 0.01408077  0.05707268  0.02683801 -0.02619918 -0.04564541 -0.03749242 -0.07128046 -0.01066381 -0.01334192  0.00918617  0.03025696 -0.03593182  0.02210067 -0.03566974  0.00621617]
 [ 0.01529313  0.06331924  0.03266934 -0.0335944  -0.04871156 -0.03833444 -0.0616217  -0.01753868 -0.00623539  0.01265716  0.02388244 -0.03462665  0.02716332 -0.03822019 -0.0028953 ]
 [ 0.00307754  0.06089473  0.01388254  0.00137192 -0.01230223 -0.02279474 -0.07264776 -0.00910814 -0.01682239  0.00678838  0.04101222 -0.02111161  0.0240138  -0.02510888  0.02534421]
 [ 0.01649074  0.05639066  0.03227574 -0.03581078 -0.04848321 -0.03569065 -0.06654393 -0.00477495 -0.00602709  0.00931931  0.02204012 -0.04045589  0.03195921 -0.03834032 -0.00223578]
 [ 0.00714563  0.05882559  0.01431967  0.0072554  -0.01606777 -0.0238423  -0.07633514 -0.01844144 -0.00731788  0.01456039  0.0449529  -0.02247055  0.02463179 -0.02972414  0.0166399 ]
 [ 0.01543835  0.06381615  0.03449542 -0.04118289 -0.05155014 -0.038213   -0.06129035 -0.01036981 -0.00662369  0.01173515  0.01485937 -0.03893685  0.03651562 -0.04409867 -0.00824831]
 [ 0.03507922  0.06195695  0.05233334 -0.02222235 -0.06672718 -0.0470544  -0.05967918 -0.06810753  0.03911209  0.04499066  0.05638933 -0.03300294  0.00785549 -0.03926916 -0.02552157]
 [ 0.00974363  0.03674114  0.01997506  0.00802576 -0.00740569 -0.00501303 -0.07874877  0.01231404  0.01027051  0.00949208  0.03329151 -0.03476551  0.04799031 -0.02832122  0.00830019]
 [ 0.02881472  0.03257903  0.00949922  0.02314498  0.01500575  0.01054681 -0.07274797  0.00174621  0.07664448  0.02735728  0.05083144 -0.03666182  0.07373097 -0.01582159 -0.02485122]
 [ 0.01916487  0.03568513  0.01291693  0.01885623  0.00143306 -0.00019343 -0.07928304  0.0019673   0.04035076  0.0204614   0.04486901 -0.03490005  0.05702622 -0.02452159 -0.00755696]]
topics:
[[ 0.14735162 -0.23640326  0.03509993  0.07100912  0.21961993  0.3315865  -0.01164856  0.3165872   0.64447147  0.05267785 -0.10569464 -0.19462211  0.55911195  0.03251938 -0.3729702 ]
 [ 0.2080802   0.18102682  0.51708704 -0.57980716 -0.96383375 -0.61588395 -0.08572707 -0.5560019  -0.18427509  0.25770205  0.07976845 -0.12134641 -0.43517742 -0.38033748 -0.11185504]
 [ 0.02438695 -0.01578888 -0.00946819  0.02680088 -0.02069394 -0.02073098 -0.17067547  0.07491391 -0.0274999  -0.00590561  0.0936873  -0.07357652  0.01148368 -0.02384552  0.06121929]
 [ 0.37884533 -0.00933321  0.40153307 -0.55243295 -0.6982004  -0.19622284 -0.04496386 -0.2457461   0.40632302  0.3292052  -0.04738453 -0.3269686   0.0459109  -0.29254195 -0.4885521 ]
 [-0.02735155  0.18827854  0.00962851 -0.07594851 -0.02259726 -0.07010741 -0.06227902 -0.02425583 -0.09113109  0.02852627 -0.03585026 -0.01082376  0.10714326 -0.13026227  0.00331108]
 [ 0.4687972  -0.11015194  0.44706866 -0.4793486  -0.45263812 -0.11128912  0.05670827  0.04830224  1.1101058   0.32038057 -0.08569619 -0.57894397  0.6002244  -0.2740056  -1.0408361 ]
 [-0.18603247  0.17904949  0.1226892   0.01226174 -0.30291015 -0.28201476 -0.07736292 -0.31737724 -0.6998692  -0.08136024  0.07752402  0.15472299 -0.5739543  -0.06133463  0.42108217]
 [-0.16450253 -0.01358777 -0.11193086 -0.3776304  -0.01993286  0.03270668 -0.02174052  0.69174516 -0.5238681  -0.43745697 -0.5095624  -0.16467941  0.27589223 -0.02655878  0.15096483]
 [-0.13517204  0.20174325  0.11013314 -0.0631718  -0.11819807 -0.21556436  0.08637224 -0.24682245 -0.518692   -0.16497488  0.2545401   0.21051721 -0.6462753   0.2574108   0.54117966]
 [ 0.18058714  0.03570401 -0.03659693  0.45670143  0.01648672 -0.03395029 -0.05852271 -0.70620763  0.52427596  0.3447263   0.5116189   0.13992314 -0.25345263  0.11606431 -0.19570965]]
R:
[[0.11817178 0.00049704 0.38428953 0.00049704 0.31573766 0.00049704 0.03776774 0.02711529 0.04669316 0.06873371]
 [0.17652206 0.02460339 0.39978576 0.02460339 0.02460339 0.02460339 0.05624112 0.02460339 0.09417544 0.15025863]
 [0.13347833 0.00855326 0.21226043 0.00855326 0.330935   0.00855326 0.04531404 0.06204983 0.09171446 0.09858808]
 [0.12329142 0.02199318 0.21085367 0.02199318 0.30261382 0.02199318 0.05031327 0.08405408 0.06569049 0.09720373]
 [0.12360892 0.01458942 0.19976063 0.01458942 0.37247148 0.01458942 0.03769534 0.06976786 0.06730919 0.08561831]
 [0.09916411 0.01528877 0.26314533 0.01528877 0.31488395 0.01528877 0.04756306 0.07368797 0.06847636 0.08721299]
 [0.1130695  0.01790414 0.19464909 0.01790414 0.34893316 0.01790414 0.04857474 0.07477959 0.07652376 0.08975777]
 [0.12280959 0.00096814 0.27411047 0.00096814 0.3585507  0.00096814 0.04775608 0.0403702  0.07953278 0.07396565]
 [0.11361857 0.01823751 0.23561823 0.01823751 0.3246944  0.01823751 0.04570097 0.07406127 0.07303292 0.07856107]
 [0.11990623 0.00210679 0.2800832  0.00210679 0.35192192 0.00210679 0.05833241 0.03785243 0.06069068 0.08489271]
 [0.11587682 0.01946082 0.18424977 0.01946082 0.36115265 0.01946082 0.05137854 0.07799888 0.06862578 0.08233509]
 [0.12681128 0.02707579 0.18677783 0.02707579 0.3321694  0.02707579 0.05614597 0.02707579 0.08562154 0.10417079]
 [0.17980075 0.00123927 0.30845854 0.00123927 0.3024787  0.00123927 0.08291906 0.02066564 0.05350633 0.04845316]
 [0.17729467 0.00128453 0.2929698  0.00128453 0.32534912 0.00128453 0.00128453 0.02917685 0.07152911 0.09854237]
 [0.16705595 0.00101742 0.31321454 0.00101742 0.3116036  0.00101742 0.0470024  0.02620137 0.05194009 0.07992979]]
distance_matrix:
[[2.5568986  2.582192   2.349797   2.313325   2.3676448  2.3727138  2.339478   2.4726088  2.3454897  2.4878356  2.3593795  2.3228283  2.5131037  2.7379308  2.591098  ]
 [3.5679288  3.7769358  3.3966768  3.3629956  3.3840353  3.4112647  3.3740792  3.4916117  3.389562   3.4927719  3.3847795  3.3817081  3.541517   3.7729573  3.6122613 ]
 [1.8785869  2.2030554  1.6950797  1.6625971  1.6828628  1.6952689  1.6662221  1.7787683  1.674123   1.7963094  1.6709936  1.7658219  1.8328865  2.135872   1.9416968 ]
 [1.1159978  1.5061626  0.929924   0.9058601  0.91837907 0.9297655  0.9008561  1.0044878  0.9128408  1.020888   0.90394634 1.0249796  1.0640639  1.3970623  1.1843796 ]
 [1.0392365  1.5112914  0.89550483 0.893975   0.88250804 0.9161269  0.8909218  0.95034647 0.9001326  0.96363986 0.8909027  1.0488784  0.9766391  1.2906111  1.088336  ]
 [1.249173   1.673409   1.0840654  1.061852   1.0674981  1.0791193  1.0531007  1.1469415  1.0667984  1.1559832  1.0554786  1.1708949  1.2056966  1.5458268  1.3244385 ]
 [1.0965792  1.5337695  0.9131342  0.9310405  0.9200326  0.954304   0.92470044 0.98276484 0.93318063 1.0160415  0.93032485 1.1016642  1.028903   1.314598   1.1375536 ]
 [1.4711591  1.8756789  1.3387045  1.3541013  1.3323064  1.3883517  1.3541207  1.3989209  1.3747153  1.3956585  1.3599563  1.446835   1.4167025  1.6638751  1.4921114 ]
 [1.0084782  1.6012474  0.8352009  0.84551734 0.8290738  0.8366546  0.8166929  0.8756921  0.8283989  0.90470564 0.81668264 1.0345873  0.9512528  1.3425295  1.0990293 ]
 [0.64124227 1.1578012  0.5193193  0.5441035  0.51947796 0.55712354 0.5410483  0.56128514 0.5428575  0.5846869  0.5429472  0.7442376  0.5741779  0.8748347  0.6843227 ]
 [0.6071057  1.1262643  0.49152312 0.5489986  0.5223219  0.52484727 0.5235747  0.51414275 0.5317439  0.5357008  0.53891325 0.7069962  0.571856   0.907012   0.6889471 ]
 [0.6724322  1.1283022  0.51842713 0.53339183 0.5197363  0.5532219  0.5288153  0.5765659  0.53759503 0.5976851  0.5331069  0.69662386 0.60904795 0.90587616 0.7163894 ]
 [0.6563761  1.2175326  0.5942335  0.67572093 0.6160929  0.6681999  0.66099656 0.60513437 0.6699257  0.615998   0.6730424  0.8420615  0.61351764 0.8619158  0.6909618 ]
 [0.8680769  1.4486816  0.8519218  0.9759903  0.90698683 0.93648726 0.9543756  0.8344481  0.9528343  0.8538656  0.97708064 1.1633382  0.8404714  1.0965977  0.92132634]
 [1.7469536  2.4196548  1.738698   1.9123238  1.8141221  1.8551514  1.8697495  1.6977241  1.8835907  1.7077879  1.8963985  2.0856972  1.7026017  1.9837734  1.7891562 ]]
