hid1:
[[1.59724876e-01 1.73726022e-01 2.14062095e-01 0.00000000e+00 0.00000000e+00 1.88172609e-01 1.42530680e-01 6.81439601e-03 0.00000000e+00 0.00000000e+00 0.00000000e+00 0.00000000e+00 1.19366728e-01 0.00000000e+00 3.18527296e-02]
 [3.11642975e-01 9.40255672e-02 2.95602828e-01 0.00000000e+00 0.00000000e+00 3.24930221e-01 8.41117725e-02 2.11979467e-02 0.00000000e+00 0.00000000e+00 8.65715146e-02 0.00000000e+00 7.56649598e-02 0.00000000e+00 0.00000000e+00]
 [1.54512078e-01 1.68161556e-01 2.15801790e-01 0.00000000e+00 0.00000000e+00 1.79751113e-01 1.42119512e-01 4.66561597e-03 0.00000000e+00 0.00000000e+00 0.00000000e+00 0.00000000e+00 1.26305342e-01 0.00000000e+00 3.17374766e-02]
 [1.43454701e-01 1.35637417e-01 1.64201394e-01 0.00000000e+00 0.00000000e+00 1.71273574e-01 7.40839168e-02 3.40810679e-02 0.00000000e+00 0.00000000e+00 1.71868280e-02 0.00000000e+00 1.00360468e-01 0.00000000e+00 5.19357659e-02]
 [1.32899925e-01 1.08131632e-01 1.44090191e-01 0.00000000e+00 0.00000000e+00 1.72839850e-01 7.28352442e-02 3.39919366e-02 0.00000000e+00 0.00000000e+00 1.52624566e-02 0.00000000e+00 9.38554257e-02 0.00000000e+00 4.54675853e-02]
 [1.35714665e-01 1.33839771e-01 1.48420617e-01 0.00000000e+00 0.00000000e+00 1.53353319e-01 7.32034370e-02 3.41145173e-02 0.00000000e+00 0.00000000e+00 1.15821101e-02 0.00000000e+00 1.02114975e-01 0.00000000e+00 6.57360777e-02]
 [1.53689846e-01 4.50285636e-02 1.39488086e-01 0.00000000e+00 0.00000000e+00 1.94090903e-01 9.71435010e-03 5.24600260e-02 0.00000000e+00 0.00000000e+00 5.61313145e-02 0.00000000e+00 5.95236383e-02 0.00000000e+00 3.55313309e-02]
 [1.39622763e-01 1.06062010e-01 1.51810005e-01 0.00000000e+00 0.00000000e+00 1.53380305e-01 6.62182122e-02 4.07512188e-02 0.00000000e+00 0.00000000e+00 1.42707082e-03 0.00000000e+00 9.90665480e-02 0.00000000e+00 4.87942658e-02]
 [1.29932612e-01 1.02552533e-01 1.35326594e-01 0.00000000e+00 0.00000000e+00 1.42891213e-01 5.37620261e-02 4.18785475e-02 0.00000000e+00 0.00000000e+00 2.80439742e-02 0.00000000e+00 9.82301980e-02 0.00000000e+00 5.59678152e-02]
 [1.22010723e-01 1.22565515e-01 1.38811350e-01 0.00000000e+00 0.00000000e+00 1.37127429e-01 6.01759553e-02 4.02188972e-02 0.00000000e+00 0.00000000e+00 1.99508145e-02 0.00000000e+00 1.04324251e-01 0.00000000e+00 5.70210181e-02]
 [1.15245804e-01 1.01411797e-01 1.26551032e-01 0.00000000e+00 0.00000000e+00 1.27321184e-01 5.51558770e-02 4.13684621e-02 0.00000000e+00 0.00000000e+00 3.25172208e-02 0.00000000e+00 9.15284455e-02 0.00000000e+00 5.13760671e-02]
 [1.11758612e-01 1.38031676e-01 1.41833708e-01 0.00000000e+00 0.00000000e+00 1.28743544e-01 6.27407581e-02 3.10469531e-02 0.00000000e+00 0.00000000e+00 2.78027672e-02 0.00000000e+00 9.74445567e-02 0.00000000e+00 5.04141934e-02]
 [6.51755631e-02 1.93413794e-01 1.12018436e-01 0.00000000e+00 0.00000000e+00 5.64787984e-02 6.11380488e-02 1.25356391e-02 0.00000000e+00 0.00000000e+00 2.56524291e-02 0.00000000e+00 8.39729533e-02 0.00000000e+00 3.26157212e-02]
 [6.14678003e-02 2.17684776e-01 1.18168741e-01 0.00000000e+00 0.00000000e+00 2.90405620e-02 8.53274465e-02 0.00000000e+00 0.00000000e+00 0.00000000e+00 4.68251854e-02 0.00000000e+00 8.81085172e-02 3.55757028e-03 2.69283578e-02]
 [3.16120014e-02 2.77468532e-01 1.26776472e-01 1.14028770e-02 0.00000000e+00 0.00000000e+00 9.47166309e-02 0.00000000e+00 0.00000000e+00 0.00000000e+00 6.11246303e-02 0.00000000e+00 8.86507705e-02 4.32793349e-02 2.26718315e-04]]
hid2:
[[ 5.03714532e-02  1.93603396e-01  1.01555079e-01 -1.79165863e-02 -1.92750618e-02  3.73228677e-02  6.36413842e-02  1.65842362e-02 -4.38339151e-02 -5.81289642e-05  3.79152074e-02 -2.99233366e-02  8.72779489e-02 -2.94844201e-03  3.97716761e-02]
 [ 1.96257383e-01  2.72476785e-02  1.65115848e-01  4.51499186e-02 -2.54215822e-02  2.22879469e-01  1.38739962e-02  6.18203580e-02  3.76005098e-02 -4.21609730e-02  6.35536313e-02 -4.75584902e-02  6.35231882e-02  7.73528144e-02  3.14705968e-02]
 [ 1.11996137e-01  1.54622853e-01  1.43306166e-01  2.44180765e-03 -7.48665771e-03  1.30899742e-01  7.10926205e-02  3.53167132e-02 -1.59019306e-02 -9.68275778e-03  3.52697745e-02 -2.33980287e-02  9.39652920e-02  3.08638010e-02  3.85075137e-02]
 [ 1.28217101e-01  1.33727327e-01  1.54640436e-01  7.23543391e-03 -2.46016346e-02  1.38195306e-01  6.16457313e-02  2.88433209e-02 -5.46567701e-03 -2.09601335e-02  4.17603701e-02 -3.41444872e-02  8.32157806e-02  4.32545617e-02  3.13973576e-02]
 [ 1.14916138e-01  1.51715994e-01  1.47084326e-01  6.58571720e-04 -1.76032688e-02  1.24485493e-01  6.91337734e-02  2.88763121e-02 -1.29072871e-02 -1.43812466e-02  3.74159254e-02 -2.88271345e-02  8.97019580e-02  3.42786238e-02  3.37941758e-02]
 [ 1.39959276e-01  1.46685660e-01  1.75012276e-01  3.99939530e-03 -2.63712090e-02  1.51972562e-01  7.95310587e-02  2.14869026e-02 -2.28527840e-03 -2.31197942e-02  3.55900638e-02 -3.08058057e-02  8.94050449e-02  5.27622141e-02  2.66380366e-02]
 [ 1.00014359e-01  1.49479762e-01  1.30127490e-01 -8.84997658e-04 -2.07025725e-02  1.00145191e-01  5.73931858e-02  2.80974098e-02 -1.77365318e-02 -1.33512262e-02  4.25777510e-02 -3.31585184e-02  8.36960748e-02  2.56524850e-02  3.56820002e-02]
 [ 4.42347676e-02  2.02190325e-01  1.02033712e-01 -2.21307799e-02 -2.32283678e-02  2.61849575e-02  6.68783709e-02  1.11893918e-02 -4.75335568e-02  1.03520229e-04  3.71073298e-02 -3.10766511e-02  8.67803991e-02 -4.80895117e-03  3.87360193e-02]
 [ 1.22966900e-01  1.19637899e-01  1.41624019e-01  1.06789535e-02 -2.60026529e-02  1.30285442e-01  4.64942902e-02  3.37902680e-02 -5.65623119e-03 -2.13364009e-02  4.74633351e-02 -3.84351015e-02  7.68571123e-02  3.85093689e-02  3.37635726e-02]
 [ 3.67469862e-02  2.41217121e-01  1.18014716e-01 -3.41927931e-02 -2.73977183e-02  1.49677880e-02  9.43651050e-02 -6.63199695e-03 -5.59717976e-02  2.58475123e-03  2.66288612e-02 -2.59668212e-02  9.56955180e-02 -4.64527681e-03  3.33633795e-02]
 [ 1.35091648e-01  1.11348391e-01  1.53113827e-01  1.55625083e-02 -2.95550879e-02  1.48095414e-01  4.70150858e-02  3.31797600e-02 -9.75126401e-04 -2.51656398e-02  4.73986827e-02 -3.98193672e-02  7.51409233e-02  4.62406054e-02  3.17063741e-02]
 [ 1.24180771e-01  1.34549811e-01  1.50816560e-01  6.43946324e-03 -2.60048322e-02  1.30823433e-01  5.94773479e-02  2.73758899e-02 -6.79188780e-03 -2.09359061e-02  4.30230945e-02 -3.53471227e-02  8.16462934e-02  4.13709171e-02  3.14401835e-02]
 [ 3.04389149e-02  2.48869613e-01  1.16321884e-01 -3.68394367e-02 -2.50660367e-02  1.19408416e-02  9.77689475e-02 -5.70446439e-03 -6.07589632e-02  6.17558695e-03  2.33884081e-02 -2.36425046e-02  9.87397134e-02 -9.84340068e-03  3.46776769e-02]
 [ 3.86113748e-02  2.42101938e-01  1.11438900e-01 -3.55842151e-02 -1.77188125e-02  1.38693778e-02  9.59095731e-02 -1.24204392e-03 -5.19683696e-02  4.59075533e-03  2.70851068e-02 -2.17183903e-02  1.00641772e-01 -4.69777547e-03  3.49141136e-02]
 [ 2.65222304e-02  2.53154933e-01  1.09466612e-01 -3.79974507e-02 -1.84259526e-02  7.58524379e-03  9.88417640e-02 -3.05555132e-03 -6.15281351e-02  9.13550332e-03  2.29574442e-02 -2.03327965e-02  1.01996191e-01 -1.31215518e-02  3.65112759e-02]]
topics:
[[ 8.37353408e-01  4.53355210e-03  6.96136951e-01  1.65998340e-01  3.13848138e-01  1.29099071e+00  4.23179537e-01  2.56109923e-01  2.93405831e-01 -4.51119691e-02 -1.00681394e-01  2.00731710e-01  3.50363702e-01  4.29492861e-01  3.80318761e-02]
 [ 6.00078404e-01  4.74727824e-02 -3.38160582e-02 -1.75471127e-01 -7.95871973e-01 -1.79243311e-01  1.18669838e-01 -4.39591080e-01 -1.07401498e-01 -1.52929202e-01 -9.02568828e-03  5.26688874e-01  3.45597751e-02 -9.91229892e-01 -5.09279072e-01]
 [ 3.11867800e-02 -7.23331654e-03 -2.98812594e-02  4.29945067e-02 -1.62212830e-02  2.11672690e-02 -1.14854217e-01  9.87835899e-02 -2.74342354e-02 -7.20945047e-03  1.03724368e-01 -7.15872794e-02  1.87990479e-02 -3.83185111e-02  7.29017556e-02]
 [ 6.59121037e-01  7.27235898e-02 -8.63896310e-02 -8.37875485e-01  4.45385501e-02  2.39966169e-01 -2.49617264e-01 -1.30256206e-01  2.96076357e-01  9.17801201e-01 -1.80461988e-01 -1.67994931e-01 -1.59164473e-01  2.04324909e-02 -2.07144010e-04]
 [-2.24635601e-02  3.30529571e-01  9.40080211e-02 -6.96330220e-02 -1.66586246e-02 -5.54573089e-02  1.32682353e-01 -2.23312341e-02 -8.89716595e-02  2.79088039e-02  2.47245585e-03 -8.84238724e-03  1.23194024e-01 -4.66250926e-02  3.10746171e-02]
 [-3.64328593e-01 -8.33429322e-02  1.34365451e+00 -8.80846009e-02 -1.36290944e+00 -8.90255749e-01  2.06558213e-01 -1.16913825e-01  9.96901572e-01 -2.21012354e-01  2.34067082e-01 -1.16049075e+00  3.60396385e-01  1.71715841e-01 -9.09443140e-01]
 [-9.21479836e-02  3.38894762e-02  8.88059795e-01  2.81637132e-01 -6.67665958e-01  6.71945632e-01 -3.01572215e-02 -2.66165435e-01 -5.62505305e-01 -1.08242959e-01 -3.34864296e-02 -3.06106508e-01 -3.62890214e-01  7.24659190e-02  1.40486613e-01]
 [ 4.46812175e-02  5.14434949e-02 -5.25058746e-01 -4.62982170e-02  2.94491332e-02  5.10899015e-02 -1.65693253e-01  4.10921454e-01 -4.61196333e-01 -9.61383939e-01 -3.29741478e-01 -2.09834754e-01  2.58201450e-01  2.53951490e-01  3.51454467e-02]
 [ 3.68744172e-02  4.70680267e-01  7.09508836e-01 -1.55929327e-01  2.47717097e-01 -4.14770812e-01  4.57302153e-01 -1.22671716e-01 -2.36369804e-01 -2.48930022e-01  4.76427197e-01 -5.85191771e-02 -2.49751508e-01  8.81737769e-01  6.57725513e-01]
 [ 3.39373946e-01  1.01758294e-01 -4.29861933e-01  6.45693958e-01  6.81869686e-02 -9.23349429e-03 -1.98823586e-01 -6.74297035e-01  4.43375319e-01 -2.60227174e-01  4.27404374e-01  1.59614310e-02 -1.45359516e-01  3.66567343e-01 -2.70040035e-01]]
R:
[[0.05089835 0.00795372 0.31447127 0.00795372 0.56426674 0.00795372 0.0127947  0.00795372 0.01459357 0.01116049]
 [0.17294233 0.02708932 0.5949549  0.02708932 0.02708932 0.02708932 0.03468408 0.02708932 0.03236407 0.02960796]
 [0.11640749 0.01096597 0.3490941  0.01096597 0.44133523 0.01096597 0.01966743 0.01096597 0.01652326 0.01310852]
 [0.12124702 0.01885392 0.3675249  0.01885392 0.360242   0.01885392 0.02866236 0.01885392 0.02536054 0.02154749]
 [0.11333956 0.01527919 0.34146476 0.01527919 0.42287436 0.01527919 0.02274714 0.01527919 0.02132229 0.01713508]
 [0.13493112 0.02130894 0.3032896  0.02130894 0.39159632 0.02130894 0.03227881 0.02130894 0.02845775 0.02421068]
 [0.09478259 0.01463853 0.37078208 0.01463853 0.41732624 0.01463853 0.02012077 0.01463853 0.02143533 0.01699886]
 [0.04405157 0.00868742 0.29248    0.00868742 0.58704907 0.00868742 0.01383436 0.00868742 0.01626559 0.01156976]
 [0.11264004 0.01840551 0.42039722 0.01840551 0.32059026 0.01840551 0.02742544 0.01840551 0.02449505 0.02083001]
 [0.04121215 0.00940021 0.17310317 0.00940021 0.6991128  0.00940021 0.01742019 0.00940021 0.01781955 0.01373131]
 [0.12367623 0.02032899 0.42074186 0.02032899 0.29135934 0.02032899 0.03345678 0.02032899 0.02593347 0.02351641]
 [0.11600215 0.01892166 0.37011024 0.01892166 0.36204445 0.01892166 0.02821125 0.01892166 0.02582939 0.02211576]
 [0.03847388 0.00747205 0.16173601 0.00747205 0.72829926 0.00747205 0.01666274 0.00747205 0.01457863 0.0103612 ]
 [0.04435683 0.00803227 0.18145551 0.00803227 0.70432156 0.00803227 0.00803227 0.00803227 0.01737526 0.01232949]
 [0.03670298 0.00532476 0.16355951 0.00532476 0.74591595 0.00532476 0.01117432 0.00532476 0.01247721 0.00887105]]
distance_matrix:
[[0.47949088 0.62056863 0.19972312 0.20138013 0.19494474 0.14812982 0.26436234 0.5162429  0.26225984 0.561852   0.25563234 0.21324742 0.6102743  0.5598713  0.6517294 ]
 [1.6853187  0.551137   0.9768088  0.79851437 0.93188703 0.71270967 1.0718704  1.770165   0.84719336 1.9546869  0.7398612  0.83230865 2.0634127  1.9731969  2.1554344 ]
 [0.44742656 0.6037712  0.17984664 0.18234742 0.17486799 0.13433194 0.23930705 0.48365527 0.23954797 0.533327   0.2356444  0.19302356 0.58170426 0.5306816  0.62226385]
 [0.3472721  0.38012153 0.09581536 0.07810813 0.08778483 0.07521003 0.12304825 0.3916253  0.09762186 0.51177615 0.09667063 0.08362073 0.5684176  0.5100469  0.6105056 ]
 [0.31142873 0.3994816  0.08418077 0.07520598 0.07890779 0.07965797 0.10727662 0.35457373 0.09096092 0.4757076  0.09569848 0.07907885 0.529617   0.47305447 0.56885827]
 [0.2845372  0.4333954  0.07481849 0.07743049 0.07317376 0.08346188 0.09903479 0.32603568 0.09419048 0.441298   0.10438162 0.0806272  0.4917909  0.4358381  0.52755946]
 [0.56354696 0.21117997 0.24086958 0.16005224 0.21790475 0.19090122 0.23991531 0.6240883  0.14201134 0.83632994 0.12105644 0.16474062 0.91483015 0.8430299  0.97116363]
 [0.30143774 0.3763107  0.08214045 0.06757116 0.07467544 0.07926118 0.0969373  0.34475046 0.07699108 0.47565973 0.08228523 0.07004189 0.5314448  0.474483   0.5716992 ]
 [0.26887095 0.39476383 0.07694077 0.07039523 0.07186317 0.09301436 0.0845778  0.31127614 0.07319736 0.44846368 0.08550996 0.07075584 0.5019095  0.44519615 0.53894037]
 [0.22093022 0.4423362  0.05536711 0.06245959 0.05296504 0.08246994 0.06401718 0.2592836  0.06995499 0.38028967 0.08879417 0.06190956 0.42905235 0.37507367 0.46252722]
 [0.22902465 0.40244865 0.06914151 0.0647893  0.06329048 0.09868765 0.06447303 0.26930553 0.05983174 0.412647   0.07827932 0.06227469 0.46526492 0.4098245  0.5008828 ]
 [0.19338715 0.47335935 0.05252624 0.06425798 0.05001497 0.0871433  0.05572248 0.22871369 0.0707432  0.34420645 0.09385222 0.06205726 0.39091003 0.34027588 0.4233591 ]
 [0.05994016 0.8224414  0.09985286 0.1642471  0.10365933 0.20213133 0.07550246 0.07343197 0.1710661  0.13658649 0.23087192 0.15123373 0.1641652  0.13207453 0.18218756]
 [0.06366336 1.0563004  0.1837424  0.2695725  0.18832111 0.30664623 0.14896715 0.06498832 0.28195024 0.09274006 0.3558455  0.25222778 0.11112082 0.09205532 0.12505513]
 [0.18172932 1.4544842  0.39338183 0.51224077 0.4033041  0.54922974 0.35183656 0.16999835 0.53179276 0.15685058 0.62383133 0.49032927 0.16286707 0.15767968 0.16950291]]
