hid1:
[[0.00390271 0.05541248 0.02267097 0.0094776  0.         0.06129576 0.06749853 0.02213254 0.01716548 0.04983314 0.04996558 0.01723124 0.05081791 0.00419102 0.02447094]
 [0.         0.04929802 0.06115165 0.01206902 0.         0.06713255 0.04366107 0.0447224  0.0265283  0.0324423  0.04142686 0.01762659 0.03762861 0.02431093 0.06090726]
 [0.00675838 0.04365601 0.04175977 0.         0.         0.06139298 0.06750338 0.03031953 0.01979459 0.0321844  0.0552477  0.02680157 0.04634771 0.03349311 0.01915967]
 [0.00679561 0.05477133 0.04247188 0.00849175 0.         0.04231603 0.07377797 0.03791299 0.03746613 0.0328027  0.05874163 0.01749942 0.02943674 0.00989561 0.03315187]
 [0.00496998 0.0580926  0.03610044 0.         0.0002761  0.06441522 0.06802978 0.03668413 0.01414989 0.03586199 0.04689876 0.01368771 0.03758236 0.02693924 0.02465457]
 [0.         0.00987869 0.05267887 0.01621994 0.         0.04710128 0.05677092 0.02971113 0.03974181 0.0318464  0.0539232  0.00187892 0.03336979 0.03107053 0.0417412 ]
 [0.         0.03978101 0.04376139 0.         0.         0.05416243 0.04625235 0.03370796 0.04328024 0.05024862 0.05173823 0.01707154 0.04299538 0.02824521 0.03371074]
 [0.02204642 0.04121564 0.03436313 0.         0.00375855 0.05305056 0.06123478 0.02970231 0.0081817  0.03463528 0.05167508 0.00818951 0.03619385 0.01634896 0.02017212]
 [0.         0.04299651 0.03429457 0.00045145 0.         0.05918054 0.04847659 0.0446343  0.02389091 0.03274924 0.04557192 0.01238364 0.05306581 0.0111113  0.02875406]
 [0.         0.0395881  0.0473245  0.0096602  0.         0.04154675 0.05842758 0.03792389 0.02211565 0.04531119 0.03673495 0.02495082 0.0505852  0.02738423 0.03141049]
 [0.01278959 0.04564217 0.04247312 0.         0.         0.0565001  0.06218709 0.0326133  0.02847601 0.05004813 0.03771253 0.0112519  0.03820957 0.02767973 0.03526757]
 [0.         0.0413767  0.0554676  0.00278501 0.         0.04532386 0.04795611 0.04656996 0.03542705 0.04391437 0.04209375 0.01302642 0.03891186 0.03659591 0.04535464]
 [0.02826229 0.04078098 0.01649418 0.01039111 0.00220552 0.01417666 0.03219676 0.         0.03721899 0.03194051 0.01927201 0.02205728 0.03262885 0.00977818 0.03128717]
 [0.03776526 0.04873484 0.02348039 0.00248476 0.01572875 0.02147943 0.01667863 0.0119649  0.02073864 0.04499142 0.00953829 0.01161827 0.0512691  0.00335317 0.01404066]
 [0.05949772 0.02338688 0.         0.07281923 0.0574607  0.00227117 0.00221092 0.         0.00312119 0.04731421 0.         0.         0.03128272 0.         0.00323362]]
hid2:
[[ 1.87610332e-02  5.82646690e-02  3.32140438e-02  7.53914937e-05  3.34764365e-03  4.74155918e-02  6.70928210e-02  2.45316848e-02  7.50836078e-03  3.71050723e-02  4.02519181e-02  1.54947843e-02  4.66741920e-02  1.01137385e-02  2.93480009e-02]
 [ 7.89347738e-02 -4.25018882e-03  2.36289669e-02  2.18958817e-02  1.28103066e-02  3.47937760e-03 -8.32883827e-03  5.23245893e-03  2.45643239e-02  2.92928144e-02  4.12908010e-02  3.10604414e-03  1.95424934e-03  2.34872568e-02  6.20686449e-03]
 [ 2.93706544e-02  5.11055216e-02  3.43260020e-02  3.50048440e-03  6.10730704e-03  4.07068133e-02  5.94048612e-02  2.04086360e-02  1.08681191e-02  3.80739234e-02  3.97528484e-02  1.74195189e-02  3.97747904e-02  1.56928562e-02  2.57370435e-02]
 [ 3.41428071e-02  4.86444756e-02  3.54898162e-02  3.19687277e-03  3.89345759e-03  3.57755236e-02  5.68294525e-02  1.67549364e-02  1.31952483e-02  3.85475941e-02  3.88118997e-02  1.61514692e-02  3.68434228e-02  1.77674610e-02  2.17501093e-02]
 [ 2.83650253e-02  5.23166247e-02  3.42544243e-02  1.53650995e-03  5.38578862e-03  4.21392731e-02  6.12483397e-02  2.12211218e-02  1.12184500e-02  3.79350893e-02  3.99054401e-02  1.62178054e-02  4.16480079e-02  1.43011380e-02  2.58825254e-02]
 [ 2.97213737e-02  4.92260903e-02  3.39896791e-02  3.22444225e-03  2.56647589e-03  3.75908688e-02  5.63746281e-02  1.83515977e-02  1.04330387e-02  3.65539081e-02  3.97450291e-02  1.39380042e-02  3.75223346e-02  1.55062582e-02  2.40446385e-02]
 [ 2.67896429e-02  5.41524217e-02  3.54958512e-02  1.82314357e-03  4.82788868e-03  4.22924124e-02  6.32500425e-02  2.08052006e-02  9.81689245e-03  3.81924249e-02  3.97849046e-02  1.75353736e-02  4.12840731e-02  1.58574153e-02  2.68407185e-02]
 [ 2.30575763e-02  5.70058115e-02  3.53597067e-02 -4.04071063e-04  3.76897026e-03  4.53454144e-02  6.67169020e-02  2.26355363e-02  9.11470689e-03  3.79456654e-02  4.02754769e-02  1.65141523e-02  4.44146208e-02  1.33134583e-02  2.82219891e-02]
 [ 2.76577864e-02  5.22161350e-02  3.46851125e-02  1.23596378e-03  3.42068449e-03  4.08745036e-02  6.07064851e-02  2.05176082e-02  1.04491152e-02  3.73773761e-02  3.97850126e-02  1.51796183e-02  4.07549478e-02  1.42966127e-02  2.54772995e-02]
 [ 5.31548783e-02  3.28871422e-02  3.49320993e-02  1.16975633e-02  7.57453311e-03  2.11401023e-02  3.80344354e-02  8.21977668e-03  1.81267560e-02  3.84949185e-02  3.74800712e-02  1.69970077e-02  2.23273337e-02  2.71869004e-02  1.41263641e-02]
 [ 3.03851254e-02  5.03121130e-02  3.56029607e-02  3.02279624e-03  4.30045882e-03  3.80555317e-02  5.83935790e-02  1.96189843e-02  1.08237863e-02  3.82188074e-02  3.87261510e-02  1.74410362e-02  3.84404771e-02  1.61281452e-02  2.41501015e-02]
 [ 3.03991791e-02  5.05264364e-02  3.49792615e-02  2.79628299e-03  3.01729119e-03  3.83991487e-02  5.85553907e-02  1.72381066e-02  1.14981607e-02  3.74279842e-02  4.05302308e-02  1.46530066e-02  3.76993455e-02  1.68969147e-02  2.42527574e-02]
 [ 5.04899845e-02  3.27879861e-02  3.37939672e-02  1.10212136e-02  1.13376658e-02  2.54325885e-02  3.81706804e-02  1.50372721e-02  1.65371746e-02  3.83109339e-02  3.69516946e-02  1.93880089e-02  2.60478090e-02  2.27219090e-02  1.72280185e-02]
 [ 5.77237457e-02  3.29816490e-02  2.97266468e-02  1.02639785e-02  2.03655567e-02  3.31395529e-02  4.18272801e-02  1.40959527e-02  2.41276845e-02  3.97829674e-02  4.05643247e-02  1.81206688e-02  3.04617304e-02  2.49076691e-02  1.83480289e-02]
 [ 4.57030721e-02  3.57949100e-02  3.15074399e-02  1.11072306e-02  1.29723838e-02  3.10487300e-02  4.13856506e-02  1.71203539e-02  1.51822995e-02  3.74833718e-02  3.88177894e-02  1.85327455e-02  2.94250604e-02  2.07635704e-02  2.08678469e-02]]
topics:
[[ 3.71265560e-01 -1.03629209e-01  4.32883464e-02  4.06416543e-02  3.33784282e-01  4.29914594e-02 -2.63898298e-02  1.46966532e-01  1.94800779e-01  1.66399777e-01 -4.23511826e-02  2.64473259e-01  8.11700299e-02  4.42836322e-02 -4.27117683e-02]
 [ 1.67574257e-01  1.35033324e-01 -1.28452212e-01 -2.91530788e-01 -1.63356617e-01 -3.88291270e-01  1.58265859e-01 -2.05475003e-01 -5.58646843e-02  7.94116706e-02  1.79137196e-02  9.75797921e-02 -1.00502949e-02 -5.05508482e-01 -1.80753738e-01]
 [ 1.06285224e-02 -4.42670484e-04 -7.38992356e-03  2.16676351e-02 -2.32544169e-02  1.62661914e-02 -2.63736453e-02  2.36206613e-02 -9.28250607e-03  2.13078656e-05  4.74253632e-02 -4.27741595e-02  1.64952185e-02 -2.87824553e-02  2.00328697e-02]
 [ 3.66581321e-01 -9.08200219e-02  2.86080509e-01 -8.14675093e-02 -8.56667832e-02  1.96733385e-01 -2.25457832e-01 -5.06598875e-02  1.34860963e-01  2.34492227e-01 -5.51598519e-02  6.97011799e-02 -3.38798687e-02  1.42779291e-01  3.62115987e-02]
 [-6.51839748e-03  8.84046182e-02  3.97068746e-02 -1.05937459e-02 -1.19902694e-03  6.56906590e-02  1.04274102e-01  3.19427289e-02  2.03331909e-03  4.33291532e-02  3.79054919e-02  2.39573140e-02  6.78404272e-02  5.28370962e-03  3.70300598e-02]
 [-1.74922153e-01  1.04039237e-02  2.44837880e-01 -1.34348974e-01 -5.30665517e-01 -2.92686313e-01  1.76020518e-01 -3.74974050e-02  4.12289262e-01 -6.37806654e-02  5.03137074e-02 -5.25977194e-01  1.34784937e-01  3.51456925e-02 -5.10004759e-01]
 [-4.77613546e-02 -7.95508400e-02  1.66280597e-01  1.27843559e-01 -2.77988642e-01 -3.47282469e-01 -2.17884615e-01 -8.56271014e-02 -1.92300305e-01 -1.30347768e-02 -5.67361414e-02  4.87526469e-02 -2.67590493e-01  6.70464337e-02 -7.20951036e-02]
 [ 2.79480368e-02 -8.92168749e-03 -2.36766711e-01  9.04746801e-02  3.77341658e-02 -3.38751525e-02 -6.46962747e-02  8.28481764e-02 -1.68600559e-01 -1.21728174e-01 -2.13207424e-01 -1.34754822e-01  9.09287035e-02  1.13499649e-01 -2.70366687e-02]
 [ 1.09824486e-01  9.20442194e-02  1.65096626e-01 -5.36288545e-02  1.22272730e-01  2.06127375e-01  1.94120735e-01 -2.23262366e-02 -3.47611047e-02 -7.76820211e-03  2.30362535e-01  3.43474597e-02 -7.95502365e-02  2.92262733e-01  2.76716471e-01]
 [ 1.31177887e-01  1.04566105e-02 -1.81057766e-01  3.59913200e-01  5.81298992e-02 -7.60146752e-02 -8.56810212e-02 -3.65448385e-01  1.84625313e-01  1.00167856e-01  1.12573363e-01 -3.03100906e-02 -8.77212286e-02  1.50965706e-01 -1.44670844e-01]]
R:
[[0.03755771 0.00662463 0.20221691 0.00662463 0.67675894 0.00662463 0.01229283 0.00728686 0.03233965 0.01167317]
 [0.13067976 0.02673172 0.54524183 0.02673172 0.02673172 0.02673172 0.04689517 0.02673172 0.10024137 0.04328331]
 [0.0555901  0.01014629 0.20559454 0.01014629 0.6088629  0.01014629 0.02245867 0.01138837 0.04631092 0.01935561]
 [0.05996929 0.01531206 0.19515419 0.01531206 0.5796002  0.01531206 0.02668383 0.01611596 0.05314467 0.02339567]
 [0.05263609 0.01105896 0.20661782 0.01105896 0.6159034  0.01105896 0.01787017 0.01156341 0.04515421 0.01707806]
 [0.05191324 0.01273652 0.2218713  0.01273652 0.5802378  0.01273652 0.02417116 0.01413394 0.04945963 0.02000337]
 [0.05029993 0.01016421 0.18513519 0.01016421 0.63687295 0.01016421 0.02183452 0.01172616 0.04615158 0.01748705]
 [0.04350861 0.00947664 0.18563315 0.00947664 0.6616277  0.00947664 0.01610059 0.00962989 0.04141683 0.01365334]
 [0.05001627 0.01183417 0.20718962 0.01183417 0.6123819  0.01183417 0.01995966 0.01230473 0.04596031 0.01668508]
 [0.09085853 0.02128818 0.23005542 0.02128818 0.42632172 0.02128818 0.04665713 0.0259463  0.07697374 0.03932261]
 [0.05702599 0.01193793 0.19728784 0.01193793 0.603544   0.01193793 0.0269945  0.01300394 0.04744324 0.01888677]
 [0.05186597 0.01351207 0.2059893  0.01351207 0.5899326  0.01351207 0.02338159 0.01351207 0.05270773 0.0220746 ]
 [0.09454233 0.01613339 0.25802496 0.01613339 0.44074073 0.01613339 0.04202046 0.02046945 0.06592303 0.02987875]
 [0.10193864 0.01826048 0.2704397  0.01826048 0.41708228 0.01826048 0.01826048 0.02291448 0.07666323 0.03791969]
 [0.08645594 0.01222146 0.27229077 0.01222146 0.46471033 0.01222146 0.03322906 0.01694784 0.06105575 0.02864593]]
distance_matrix:
[[0.2562213  1.9604145  0.2627691  0.29043508 0.2570417  0.2765125  0.25129223 0.24600863 0.25759292 0.58557415 0.26895547 0.27296042 0.5235375  0.5939863  0.44927394]
 [0.25581992 2.0132995  0.269233   0.29936492 0.26267684 0.28394198 0.2550527  0.24742234 0.26280677 0.6080903  0.27535474 0.28060925 0.54454994 0.62073934 0.46847534]
 [0.23979008 2.0553901  0.25730777 0.289971   0.25081098 0.27617455 0.2410258  0.23200738 0.25197566 0.6100067  0.26430643 0.27097356 0.5458157  0.6211988  0.46771717]
 [0.20344639 1.9536637  0.21614993 0.24577427 0.20988679 0.23135722 0.20328116 0.19609952 0.21058059 0.5522871  0.22247028 0.22831178 0.48847616 0.5630257  0.4126066 ]
 [0.2044524  1.9152563  0.2102232  0.23743308 0.2052275  0.22451329 0.19851267 0.19405472 0.20571172 0.5311061  0.21566737 0.22116482 0.46948266 0.5437981  0.39659   ]
 [0.19848073 1.92612    0.21067142 0.2398895  0.20406163 0.22433543 0.19902575 0.19184601 0.20467865 0.54351604 0.2175299  0.22188771 0.479877   0.55109537 0.40322995]
 [0.18096232 1.8595182  0.18543804 0.21129322 0.1804161  0.19733655 0.17559695 0.17164373 0.18047905 0.49948764 0.19069147 0.19528031 0.43823397 0.5127344  0.36586726]
 [0.18181252 1.7258838  0.17247951 0.19295979 0.1684885  0.1794864  0.16878128 0.16962099 0.1685617  0.45036316 0.17736721 0.17939043 0.39043152 0.4553355  0.32211125]
 [0.19710636 1.7695676  0.1879524  0.20763159 0.18392372 0.19631302 0.1822505  0.1828568  0.18375444 0.46890688 0.19149303 0.19492626 0.4100138  0.47946835 0.3438915 ]
 [0.17281735 1.648394   0.15497231 0.17290032 0.15298116 0.16049433 0.15498221 0.15945733 0.15308416 0.41180003 0.15895975 0.16170776 0.35183525 0.41852772 0.28704596]
 [0.19874668 1.6625638  0.17339098 0.18897796 0.17223597 0.18051422 0.17239547 0.17931366 0.17283416 0.41862035 0.17687058 0.17889762 0.3624593  0.42270207 0.3005017 ]
 [0.2080152  1.6514477  0.18291557 0.1997912  0.18238974 0.18910396 0.18357658 0.19090414 0.1828208  0.42663264 0.18656898 0.18961239 0.3673662  0.43182373 0.30483043]
 [0.28629923 1.2152781  0.19373    0.18142104 0.20258355 0.18238652 0.21636415 0.24959779 0.20162153 0.2677666  0.19018817 0.18695235 0.22682583 0.27377903 0.19234288]
 [0.4403776  1.0822031  0.30354548 0.27483928 0.3196143  0.2863431  0.33794796 0.38839996 0.31886756 0.2752229  0.2951101  0.291592   0.2434299  0.28205836 0.2279284 ]
 [0.9872407  1.0799301  0.77595377 0.71646166 0.8029463  0.7412888  0.83353186 0.9131017  0.80131257 0.5626111  0.7606082  0.75016725 0.5518578  0.56702685 0.5656551 ]]
