hid1:
[[0.30318913 0.         0.         0.25765556 0.         0.         0.         0.         0.11452959 0.         0.31071708 0.         0.25424433 0.         0.        ]
 [0.         0.         0.         0.0241685  0.         0.         0.         0.         0.1028807  0.         0.36555278 0.         0.24687397 0.         0.        ]
 [0.24188988 0.         0.         0.1410375  0.15540749 0.         0.07093886 0.         0.20109835 0.         0.35201728 0.         0.32642728 0.         0.14277257]
 [0.40120545 0.28971058 0.44799784 0.20082897 0.26126975 0.281753   0.14695604 0.25063825 0.3157058  0.09167925 0.38078156 0.1321784  0.15182777 0.         0.326428  ]
 [0.3421771  0.30663893 0.45279878 0.22472535 0.19364405 0.26407325 0.16290782 0.23000368 0.24747638 0.08355328 0.3706304  0.10255234 0.18598706 0.37777773 0.20962688]
 [0.42985773 0.2559723  0.48514065 0.23207472 0.29139745 0.29694656 0.16040649 0.22628872 0.29690272 0.0636013  0.38670877 0.13897374 0.17062214 0.41192424 0.3239037 ]
 [0.35462937 0.28838357 0.37524995 0.23410548 0.         0.19762845 0.15068686 0.17788477 0.16773656 0.18443634 0.23432435 0.08251642 0.19614859 0.         0.        ]
 [0.36567664 0.28356314 0.28378916 0.15129974 0.21516238 0.22414786 0.23320326 0.24769017 0.20801798 0.17512137 0.12062857 0.17492728 0.30401134 0.24219707 0.20111813]
 [0.34904692 0.28039676 0.35828358 0.22111328 0.         0.21311618 0.17732744 0.22151786 0.20775437 0.17443615 0.28018358 0.13029163 0.22110647 0.35654202 0.        ]
 [0.36377746 0.30343345 0.352247   0.19370624 0.1852677  0.23432511 0.19374911 0.24898064 0.2525396  0.19506799 0.20511974 0.12773518 0.21465679 0.35442558 0.22659202]
 [0.29971403 0.27786416 0.24505372 0.1722499  0.         0.22553717 0.2180357  0.19762488 0.09952689 0.2764433  0.11153292 0.13591471 0.17618652 0.49565673 0.        ]
 [0.3436942  0.23372349 0.2729151  0.17593564 0.41588956 0.17526549 0.08610696 0.19269055 0.18451153 0.28761318 0.0706243  0.03353553 0.19762346 0.41970876 0.26987565]
 [0.         0.27983385 0.18455622 0.         0.2937054  0.23204216 0.21984495 0.19167069 0.         0.29545692 0.         0.11262194 0.         0.37240648 0.13771598]
 [0.         0.22105387 0.20055184 0.         0.2929266  0.20969002 0.21175878 0.18034531 0.         0.34929767 0.         0.1086938  0.         0.48246723 0.23924775]
 [0.         0.18563983 0.13122042 0.         0.2714054  0.2588333  0.2041068  0.10315237 0.         0.34699824 0.         0.14704838 0.         0.48610327 0.25153902]]
hid2:
[[ 0.16348676  0.08520264  0.05314263  0.0455952   0.12598698  0.10981676  0.06091345  0.06659788  0.04602361  0.06301454  0.01762325  0.04488114  0.09876142  0.0426276   0.02880871]
 [ 0.1676338   0.04379503  0.14979905  0.05934239  0.02510782  0.0593404   0.01644532 -0.00753754  0.07974523  0.02835479  0.1559383  -0.00987722 -0.01486807  0.13933153  0.05626945]
 [ 0.17900498  0.09871579  0.18419136  0.0454985   0.09717669  0.12961376  0.10384098  0.03767489  0.05168608  0.0338385   0.1199008   0.03759195  0.03633457  0.17493144  0.09678291]
 [ 0.18373877  0.08751034  0.14517471  0.04090672  0.09299204  0.1097454   0.08063968  0.03884576  0.06016314  0.04712077  0.08161098  0.03422323  0.05317934  0.12335706  0.05831257]
 [ 0.16868107  0.10315786  0.18745294  0.04034454  0.08566327  0.12322416  0.10597302  0.03376344  0.04438262  0.03083814  0.12424417  0.03203191  0.03340204  0.17342836  0.09975596]
 [ 0.17586584  0.09448127  0.17717886  0.03954336  0.07893942  0.11179689  0.09242895  0.02915306  0.05356482  0.03522916  0.11381754  0.02841184  0.03423237  0.15790462  0.0815779 ]
 [ 0.08269316  0.10288179  0.08041878  0.00934305  0.00538753  0.03745586  0.05050668  0.01433529 -0.00208007  0.02394273  0.07307776 -0.01595344  0.04925732  0.04599619  0.04398635]
 [ 0.16215776  0.0871814   0.06737645  0.04228942  0.11334395  0.10355371  0.0635003   0.05770863  0.04733464  0.0633248   0.02837818  0.03999045  0.09079551  0.04771027  0.03047825]
 [ 0.12768766  0.10932553  0.15544881  0.01988883  0.0386452   0.08058116  0.08926028  0.01896691  0.02136284  0.02824989  0.10779445  0.00719401  0.03659146  0.12059964  0.07767618]
 [ 0.14815871  0.10392904  0.15718701  0.02663472  0.05700374  0.09161312  0.08982627  0.02405366  0.03552771  0.03575667  0.10105169  0.01732695  0.04153611  0.12458883  0.07235162]
 [ 0.10174925  0.12059344  0.13520035  0.01077246  0.02123636  0.0646067   0.08879903  0.01113308  0.0049841   0.02726339  0.09746087 -0.00038325  0.04318721  0.09497858  0.07017545]
 [ 0.15360375  0.11207848  0.18173131  0.03796461  0.06402857  0.10451665  0.1054216   0.009426    0.04467117  0.03978664  0.12977844  0.0255447   0.02943674  0.15418434  0.08829647]
 [ 0.14601976  0.10580835  0.142139    0.02641757  0.06921265  0.09634379  0.09143417  0.03448832  0.0319905   0.04217146  0.08562126  0.02247242  0.05465335  0.10734875  0.06894125]
 [ 0.15498823  0.10353913  0.15814623  0.03029551  0.06582943  0.09820164  0.09197305  0.02575082  0.03966846  0.03679397  0.10009132  0.02244787  0.04315852  0.13044792  0.07298381]
 [ 0.12065924  0.12225179  0.15548375  0.02388932  0.05531395  0.09617507  0.10638601  0.02362231  0.0138527   0.03135945  0.11014421  0.01742785  0.04411886  0.12623963  0.09150514]]
topics:
[[ 7.76676953e-01 -1.07298814e-01  2.24467129e-01  2.78161258e-01  7.64468193e-01  5.63735247e-01  1.17418565e-01  3.44795644e-01  4.20232683e-01  2.17848167e-01 -5.52645475e-02  3.56542349e-01  1.95955575e-01  3.50728899e-01  6.52884915e-02]
 [ 7.24999964e-01  1.37322947e-01 -1.26732126e-01 -5.15184283e-01 -3.30536306e-01 -2.15935066e-01 -6.39630333e-02 -4.55261469e-01 -1.14185795e-01  4.04382735e-01 -5.76921217e-02  2.84831852e-01 -3.05931836e-01 -6.70810342e-01 -5.10068126e-02]
 [ 1.89865958e-02  1.08448112e-04 -3.34802493e-02  3.04469783e-02 -2.83076726e-02 -1.46360770e-02 -8.82976800e-02  7.39183798e-02 -2.99812779e-02 -5.73421223e-03  9.40530077e-02 -8.39051157e-02  1.50589077e-02 -4.20818888e-02  5.17667159e-02]
 [ 5.90260208e-01 -7.78243616e-02  1.90627173e-01 -6.51512802e-01 -6.01075709e-01  6.95763901e-02 -1.28030688e-01 -2.65815467e-01  3.64852786e-01  4.67507511e-01 -7.96172470e-02 -2.79226571e-01 -1.43232299e-02 -1.34094834e-01 -3.45754504e-01]
 [-7.92760774e-03  2.03503549e-01  3.97785641e-02 -3.82321179e-02 -1.22784786e-02  1.99611653e-02  1.32947415e-01 -3.75596830e-03 -7.07213283e-02  6.59962296e-02  7.46932533e-03 -3.43585131e-03  1.21189073e-01 -6.56454340e-02  3.01069450e-02]
 [-1.15035623e-01  6.20678440e-02  1.06498194e+00 -3.14615756e-01 -1.05228806e+00 -7.99697936e-01  1.89115420e-01 -6.42862869e-03  9.42604303e-01 -1.65976286e-02  6.82422146e-02 -9.43719149e-01  4.90806073e-01 -2.45397881e-01 -1.07320750e+00]
 [-2.36008972e-01 -1.33451279e-02  6.21997595e-01  2.04025686e-01 -4.83951420e-01 -9.09939945e-01 -2.49743059e-01 -2.12167367e-01 -5.05488813e-01 -1.48208022e-01 -7.61550814e-02 -1.92213386e-01 -3.97981972e-01 -1.43850848e-01 -1.91523656e-02]
 [-8.52388516e-02 -2.03782786e-02 -2.49960363e-01 -3.03367823e-01 -2.66040443e-03  4.57554199e-02 -1.30173281e-01  6.52842462e-01 -5.10889471e-01 -5.27883291e-01 -4.87388670e-01 -1.71645477e-01  2.79260248e-01  6.94611743e-02  1.22771226e-01]
 [ 1.03525169e-01  2.47044697e-01  6.15901411e-01  3.27977464e-02  6.06799126e-02  2.85327435e-01  3.62495929e-01  3.92860780e-03 -7.26187378e-02 -1.31055936e-01  4.83077466e-01  4.26696725e-02 -1.33542731e-01  6.98809803e-01  4.70430672e-01]
 [ 2.24953130e-01  2.96810940e-02 -1.89966008e-01  5.16240716e-01  4.26715240e-02 -3.87253352e-02 -1.92107558e-01 -7.14371979e-01  5.14825702e-01  2.14318022e-01  5.04372418e-01  1.18103057e-01 -2.46202111e-01  2.00105578e-01 -2.19052806e-01]]
R:
[[0.19335283 0.00545156 0.17592992 0.00545156 0.500503   0.00545156 0.00545156 0.04598974 0.01182591 0.05059234]
 [0.11982455 0.02817157 0.4255219  0.02817157 0.02817157 0.02817157 0.02817157 0.02817157 0.18365812 0.101966  ]
 [0.1694292  0.01583763 0.16359779 0.01583763 0.304084   0.01583763 0.01583763 0.03293381 0.21180856 0.05479613]
 [0.18070057 0.01921922 0.15664351 0.01921922 0.34244767 0.01921922 0.01921922 0.04304302 0.13822661 0.06206177]
 [0.1553355  0.0161791  0.16896887 0.0161791  0.30945405 0.0161791  0.0161791  0.03068904 0.21929891 0.05153724]
 [0.16042319 0.02015681 0.16886431 0.02015681 0.29448417 0.02015681 0.02015681 0.03769368 0.19635007 0.06155739]
 [0.06113443 0.01499167 0.2608342  0.01499167 0.41330165 0.01499167 0.01499167 0.05070706 0.0926703  0.06138567]
 [0.18505941 0.00843279 0.17966782 0.00843279 0.48421636 0.00843279 0.00843279 0.0395926  0.02790653 0.04982614]
 [0.1058062  0.0183126  0.19482951 0.0183126  0.36239895 0.0183126  0.0183126  0.03422013 0.17855649 0.05093832]
 [0.13205063 0.01910742 0.17297603 0.01910742 0.35947868 0.01910742 0.01910742 0.03516698 0.169887   0.05401098]
 [0.07885274 0.01633439 0.17957702 0.01633439 0.43080732 0.01633439 0.01633439 0.03665933 0.15709563 0.05167041]
 [0.1324938  0.01764067 0.16008547 0.01764067 0.35153702 0.01764067 0.01764067 0.01764067 0.20814829 0.05953205]
 [0.14031301 0.01563691 0.17312008 0.01563691 0.40806943 0.01563691 0.01563691 0.02979294 0.14349669 0.04266029]
 [0.14107108 0.01857517 0.15736671 0.01857517 0.36123776 0.01857517 0.01857517 0.0377625  0.1708194  0.05744183]
 [0.10700478 0.01180965 0.1748125  0.01180965 0.42418742 0.01180965 0.01180965 0.02256965 0.1836482  0.04053881]]
distance_matrix:
[[ 5.685379   6.373939   5.704116   5.3847933  5.6708508  5.5773773  4.968805   5.51022    5.166338   5.1989017  4.924102   5.4218473  5.0746512  5.2242064  5.077548 ]
 [ 7.0187216  6.3094597  5.646643   5.850199   5.5221786  5.596141   5.371818   6.7102194  5.1395416  5.30836    4.9582376  5.263337   5.383348   5.3549314  5.0154753]
 [ 7.1129065  6.3515267  5.4726644  5.781827   5.3714294  5.481528   5.6966043  6.799485   5.1928196  5.308405   5.11454    5.1840143  5.397419   5.32974    5.038019 ]
 [11.539128   9.151113   6.9965305  8.332173   7.0258303  7.4241095 11.141294  11.106059   8.418111   8.207368   9.182329   7.4178777  8.593635   8.050272   8.156502 ]
 [14.6889105 11.4980545  9.102489  10.884647   9.048785   9.622274  13.5949335 14.152281  10.521389  10.430314  11.276815   9.366865  10.939216  10.287856  10.140607 ]
 [15.106404  11.52341    9.140571  10.998996   9.144563   9.700563  14.380512  14.56587   10.938629  10.737502  11.911538   9.625988  11.304125  10.554504  10.625583 ]
 [ 7.6800756  7.407675   5.3216486  5.91       5.409296   5.608487   8.067964   7.4257793  6.308298   6.0423727  6.7702417  5.6458955  6.119363   5.9008336  6.0286818]
 [ 6.408634   8.144506   5.8124437  5.7851152  6.0232086  6.050071   8.145729   6.334366   6.841131   6.384819   7.2344847  6.277823   6.1794176  6.20463    6.535841 ]
 [ 9.548409   8.588433   6.174053   7.178625   6.2105856  6.5651674  9.510529   9.2089615  7.3005314  7.0955563  7.8247066  6.4483886  7.2865887  6.949322   6.9230175]
 [ 9.365341   9.453889   6.7389774  7.481696   6.8489504  7.1325693 10.122772   9.115513   7.9982214  7.668271   8.532096   7.133823   7.727188   7.4866977  7.593671 ]
 [ 6.8538885  9.242649   6.7351255  6.6115875  6.9244184  6.966446   8.5722065  6.8143234  7.544999   7.136632   7.7722316  7.0642877  6.845704   6.9707894  7.145975 ]
 [ 6.568823   9.128817   6.5388517  6.3737497  6.7873707  6.8034515  8.7788925  6.570962   7.608844   7.102031   7.958317   7.0525107  6.789934   6.901409   7.2302504]
 [ 5.643509   8.120189   6.371567   5.8700686  6.5635176  6.4446816  7.2192245  5.652499   6.8196898  6.449296   6.9314723  6.6667643  6.106102   6.327584   6.5909147]
 [ 5.664012   8.166479   6.4843497  5.9478617  6.680539   6.548128   7.27128    5.677698   6.9170504  6.5424304  7.019839   6.765268   6.1897926  6.4215517  6.691283 ]
 [ 5.8295918  8.58602    6.865582   6.2448244  7.0929193  6.9288006  7.7129436  5.87537    7.374543   6.9504704  7.5023065  7.2134466  6.5669613  6.8139787  7.1586523]]
