hidden representaion(r*topic):
[[-7.02058151e-02  4.69154716e-02 -1.55133888e-01  3.64004336e-02  6.60053827e-03  5.30671179e-02  1.92324311e-01  5.46636172e-02  2.43353844e-01 -1.39893353e-01 -2.69121855e-01 -2.47029498e-01  3.25593613e-02  1.28808960e-01  1.01423651e-01]
 [-7.09243268e-02  4.71758246e-02 -1.54955000e-01  3.60003971e-02  6.59368560e-03  5.39935045e-02  1.93010852e-01  5.45063242e-02  2.44190797e-01 -1.40367240e-01 -2.69220620e-01 -2.47143894e-01  3.24127041e-02  1.29265249e-01  1.01322830e-01]
 [-8.59801769e-02  4.20813635e-02 -1.57192841e-01  7.02185789e-03 -5.93379559e-03  5.94222657e-02  1.75773486e-01  4.71920557e-02  2.31415078e-01 -1.32626787e-01 -2.42510483e-01 -2.20988125e-01  3.35162319e-02  1.32269412e-01  8.91001299e-02]
 [-1.72998950e-01 -2.72681937e-03 -1.79586392e-02 -1.08476788e-01 -1.58703327e-02  1.12894103e-01  1.83753930e-02 -1.25131607e-01  1.76414236e-01 -3.89123783e-02 -1.03655063e-01  6.17314056e-02  1.48774553e-02 -1.62362028e-03  3.86229604e-02]
 [-1.33094952e-01  1.03670973e-02 -1.14103615e-01 -9.71587822e-02 -4.48083207e-02  7.60739744e-02  3.82477753e-02 -5.70739433e-02  1.52205065e-01 -6.71601892e-02 -1.06403552e-01 -3.01050618e-02  2.66302228e-02  6.86397105e-02  4.77566756e-02]
 [-1.17366388e-01  1.69563144e-02 -1.65809065e-01 -8.02407414e-02 -5.15177771e-02  6.16568513e-02  1.02113321e-01  2.09235642e-02  1.69448212e-01 -9.69573483e-02 -1.52462646e-01 -1.25953317e-01  3.54836918e-02  1.35731518e-01  5.48669286e-02]
 [-1.35234982e-01  4.87665646e-03 -1.32882684e-01 -1.12422913e-01 -5.78393303e-02  7.00638369e-02  6.64327219e-02 -1.19365482e-02  1.38578221e-01 -6.66400865e-02 -1.20631069e-01 -6.25809357e-02  3.54337618e-02  1.19498312e-01  3.83959934e-02]
 [-1.30031541e-01 -3.14272568e-03 -1.06807239e-01 -1.08269282e-01 -4.09991965e-02  4.27930802e-02  2.96813864e-02 -2.93613039e-02  1.19416848e-01 -4.52031344e-02 -9.70228538e-02 -2.21082326e-02  3.76085378e-02  6.75369054e-02  2.84968652e-02]
 [-1.27293900e-01 -1.49099436e-03 -4.33861203e-02 -1.02354810e-01 -8.25596321e-03  2.70921960e-02  7.88314175e-03 -4.94138598e-02  8.30166861e-02 -1.66968107e-02 -8.33676234e-02  2.39121243e-02  3.16988751e-02  3.18686552e-02  1.50837405e-02]
 [-1.25854164e-01  9.27615911e-04 -2.69576721e-02 -8.54327530e-02 -5.67603996e-03  4.65173088e-02  5.50607219e-03 -8.53419378e-02  9.57349688e-02 -1.12007912e-02 -1.00511700e-01  3.00734565e-02  3.40053029e-02  1.57916956e-02  2.68841945e-02]
 [-1.28369898e-01  1.09651126e-04 -1.07288122e-01 -1.06304429e-01 -4.45179120e-02  4.99494262e-02  1.26339626e-02 -5.33537716e-02  1.52026728e-01 -6.15478083e-02 -7.85546601e-02  3.31851169e-02  2.96353130e-03  5.06025180e-02  4.65734899e-02]
 [-1.31879807e-01 -2.41660327e-03 -1.14422150e-01 -1.13730647e-01 -4.97855619e-02  4.64730114e-02  4.61759493e-02 -1.76037215e-02  1.28345132e-01 -5.24962656e-02 -1.02111682e-01 -2.43136659e-02  3.24219204e-02  9.44807827e-02  2.83812918e-02]
 [-1.14227034e-01 -6.48841262e-04 -9.30505618e-02 -1.03639998e-01 -2.83200927e-02  1.05287284e-02  2.57842671e-02 -7.20538571e-03  8.99209157e-02 -3.32478248e-02 -8.93650204e-02 -3.66574433e-03  2.83059590e-02  7.54935741e-02  2.16835290e-02]
 [-1.26110315e-01  7.51889218e-03  4.54354100e-02 -6.69714212e-02  4.94238846e-02  3.19373645e-02 -2.38687880e-02 -1.09877311e-01  1.17219515e-01 -1.75725855e-02 -7.24636093e-02  1.20329671e-01 -1.84835996e-02 -6.70286566e-02  3.51546109e-02]
 [-1.32992193e-01  3.67192179e-03 -2.98726913e-02 -8.84530693e-02 -8.74278508e-03  6.02923259e-02 -1.18276626e-02 -1.13374181e-01  1.25588834e-01 -2.67827548e-02 -8.02331418e-02  6.42065182e-02  1.53029598e-02 -9.37637221e-03  3.69658023e-02]]
R_hid(hidden representaion to predict r):
[[0.50390637 2.8768957  0.05882099 0.9726842  0.         0.         0.         0.         1.1060174  0.7002109  0.         0.7391789  0.         0.         0.10720162]
 [0.         2.8604982  1.0233839  2.0539613  0.         0.         0.         0.         0.6156834  0.01751774 0.         0.8119977  0.         0.         0.        ]
 [0.2522884  1.5226648  1.3528839  1.6437052  0.         0.         0.         0.         0.18345691 0.         0.         1.0808905  0.06529897 0.03907135 0.        ]
 [0.         0.         0.25942397 1.1559846  0.         0.         0.         0.         0.         0.         0.         0.5636732  1.4014838  1.0371277  0.        ]
 [0.         0.         0.60847455 1.8475566  0.         0.         0.         0.         0.69931203 0.         0.         0.24243444 1.4411353  0.9316064  0.        ]
 [0.         0.         0.98383415 2.2179427  0.         0.         0.         0.         0.9391971  0.         0.         0.48484612 0.34021592 0.2942002  0.        ]
 [0.         0.         0.7916916  2.1224859  0.         0.         0.         0.         0.8398797  0.         0.         0.         1.0961273  0.8481783  0.        ]
 [0.         0.         0.         0.63632506 0.         0.         0.         0.         1.267099   0.3490206  0.         0.         0.55284345 0.6369534  0.        ]
 [0.11179996 0.         0.         0.73512334 0.         0.         0.         0.7324069  0.92213655 0.33158484 0.         0.40772468 0.9280495  1.2955589  0.        ]
 [0.         0.         0.20207745 0.7515227  0.         0.         0.         0.44048753 0.5784306  0.3918343  0.         0.73893416 0.86429507 1.4781724  0.        ]
 [0.         0.         0.         1.5922107  0.         0.         0.         0.         1.6399069  0.         0.         0.34317052 0.75357175 0.59585273 0.        ]
 [0.0197139  0.         0.16077618 0.14113954 0.         0.         0.08255637 0.         0.91609985 0.         0.         0.06334145 0.87982166 0.16165806 0.        ]
 [0.         0.         0.         0.2758372  0.         0.         0.         0.34179685 1.315051   0.         0.         0.0677119  0.35365888 0.80873764 0.        ]
 [0.         0.         0.1829879  0.0580283  0.         0.         0.         1.4511724  1.5675741  0.         0.         0.672862   0.39493284 1.3187587  0.        ]
 [0.         0.         0.539344   1.3595189  0.         0.08389249 0.09691048 1.192331   0.8360354  0.13476999 0.         1.076111   1.7704332  1.1775984  0.796284  ]]
topics:
[[-2.21296206e-01  1.31272208e-02  3.25890213e-01  1.09323580e-02  1.22448750e-01  2.68840104e-01 -1.11561194e-01 -5.49837410e-01  2.90098786e-01  2.86845043e-02 -1.16494246e-01  3.26575011e-01 -1.75313391e-02 -3.81059170e-01  8.55974257e-02]
 [-8.16863850e-02  4.48700562e-02  1.36059178e-02 -5.31484410e-02  1.79226220e-01 -1.24798574e-01  2.15315092e-02  1.78116828e-01  4.17148173e-02 -9.94789973e-02 -2.76042968e-02 -1.08390460e-02 -8.89878348e-02 -6.78009391e-02  1.56311840e-02]
 [-1.91450164e-01  1.67431105e-02 -6.72566712e-01 -3.56115252e-01 -2.51523077e-01  6.20958991e-02 -1.14083409e-01  1.54436842e-01  2.91318804e-01 -4.00765419e-01  2.94938415e-01 -9.18136984e-02 -1.19906425e-01  1.19161502e-01  8.41279998e-02]
 [ 7.44221583e-02 -5.68454564e-02 -6.09418005e-02  1.20435189e-02 -1.34053364e-01 -1.35655701e-01  8.15019682e-02  3.23235951e-02  1.92371652e-01  2.77267303e-02 -2.24369481e-01  4.42178369e-01 -2.07390293e-01  3.20531428e-01  1.64303452e-01]
 [ 1.99945495e-01 -1.74368285e-02 -2.83707708e-01  1.07507687e-02 -1.87631741e-01 -4.42043238e-04 -2.76266843e-01 -1.25789195e-01 -5.28600276e-01  1.88390046e-01 -1.58328414e-01 -2.43120447e-01  1.37960419e-01  1.93626285e-01  2.07691640e-01]
 [-5.78945935e-01  6.91528916e-02  1.08484797e-01 -4.84280080e-01 -1.07314609e-01  4.67556715e-01  3.63149703e-01 -1.04785822e-01  3.06038409e-01 -6.12955652e-02 -9.67145562e-02  5.56657016e-02  1.02415070e-01  4.49438632e-01 -2.07884088e-01]
 [-1.74702540e-01  9.03875157e-02 -3.14799286e-02 -7.72895142e-02  1.26145720e-01 -1.17461652e-01 -1.64139941e-01 -9.25136358e-02 -5.56747094e-02  2.15289801e-01 -5.43353669e-02  1.18531667e-01  2.00279579e-01 -1.84331730e-01 -6.70768023e-02]
 [-1.58471227e-01 -8.70447904e-02 -2.56536412e-04 -2.28851929e-01 -9.12023783e-02 -2.89662302e-01 -2.84976028e-02 -8.61753747e-02 -1.18676253e-01  1.61312222e-01  1.78652212e-01  2.04140022e-02  3.89002144e-01  2.97893826e-02 -3.96172822e-01]
 [-6.84563890e-02  4.82401997e-02 -1.54836759e-01  4.09633480e-02  8.78043566e-03  5.31718507e-02  1.96004823e-01  5.57046682e-02  2.46240571e-01 -1.41746506e-01 -2.73752689e-01 -2.52407491e-01  3.26670334e-02  1.28694057e-01  1.03248745e-01]
 [-3.14926594e-01 -3.59405994e-01 -2.87909098e-02 -3.98163944e-01 -1.75158754e-01  1.13041855e-01  1.54228518e-02  2.06747189e-01  5.80444634e-02  1.55863822e-01 -2.42386878e-01  1.04392141e-01  7.73740783e-02  7.80013800e-02 -4.80201701e-03]]
R:
[[8.93603370e-04 1.03600742e-03 4.13521240e-03 2.37930985e-03 2.14947923e-03 2.61807721e-03 1.21298758e-03 1.63159007e-03 9.82340574e-01 1.60325691e-03]
 [1.05926674e-03 8.25813797e-04 4.28606197e-03 2.06912123e-03 1.71793706e-03 3.93503997e-03 9.04970744e-04 1.07875944e-03 9.82813954e-01 1.30905199e-03]
 [5.85889677e-03 3.01910751e-03 2.96795294e-02 8.36564042e-03 1.28457015e-02 2.75683273e-02 8.37173034e-03 8.51040427e-03 8.88265908e-01 7.51483394e-03]
 [2.83457547e-01 6.28387332e-02 1.00766145e-01 6.23188801e-02 5.11578955e-02 9.36944783e-02 3.44185978e-02 3.89867164e-02 2.08935022e-01 6.34260401e-02]
 [1.52228266e-01 3.19604054e-02 1.34115696e-01 6.04704730e-02 8.57665911e-02 7.90995061e-02 3.41524221e-02 5.29515631e-02 3.39477986e-01 2.97771506e-02]
 [2.83241868e-02 1.53971044e-02 1.10824041e-01 4.44568209e-02 6.84242770e-02 7.95438737e-02 2.16999557e-02 4.41931710e-02 5.52350163e-01 3.47863771e-02]
 [7.24308714e-02 4.15697061e-02 1.15811743e-01 6.17463663e-02 9.48143527e-02 1.08498804e-01 2.47511528e-02 5.62892184e-02 3.74991804e-01 4.90959547e-02]
 [1.13324165e-01 8.16362202e-02 1.13692001e-01 6.42317384e-02 8.49333629e-02 6.76623955e-02 4.72151898e-02 8.18566084e-02 2.87675917e-01 5.77724129e-02]
 [1.51018232e-01 1.99310362e-01 6.45487532e-02 7.12345243e-02 1.00465037e-01 7.53127187e-02 4.13810946e-02 9.26683694e-02 1.58869311e-01 4.51915748e-02]
 [1.99414596e-01 1.48801193e-01 5.22622019e-02 6.94717541e-02 1.04656368e-01 6.82888106e-02 4.27578129e-02 8.24819282e-02 1.92466930e-01 3.93984132e-02]
 [1.67955369e-01 7.41713494e-02 1.59028873e-01 1.17861681e-01 6.34993687e-02 5.57615310e-02 4.24118601e-02 5.87432981e-02 2.22728044e-01 3.78386565e-02]
 [9.08259600e-02 7.47579634e-02 1.14470705e-01 8.36563110e-02 8.13943371e-02 8.66085738e-02 3.41131277e-02 7.91770443e-02 3.01000804e-01 5.39951213e-02]
 [7.95095861e-02 1.67616799e-01 8.78662169e-02 9.74289551e-02 9.41105410e-02 7.02182576e-02 4.83888164e-02 8.96775573e-02 2.21710771e-01 4.34724949e-02]
 [2.99186885e-01 3.17373753e-01 4.57520895e-02 1.02004990e-01 5.60740493e-02 3.71003263e-02 2.89818384e-02 5.53972609e-02 3.89792584e-02 1.91495158e-02]
 [2.56795377e-01 1.25872478e-01 9.87280086e-02 8.48474056e-02 8.51513594e-02 5.68370745e-02 4.22000103e-02 7.03433156e-02 1.52339697e-01 2.68852692e-02]]
cosine similarity of topic:
[[ 1.00000012e+00 -2.03281656e-04 -2.65839444e-05  1.62033557e-05 -2.29291527e-05 -4.10793727e-05 -2.96830349e-05 -2.90129105e-06 -8.02091527e-05  3.34114920e-05]
 [-2.03281656e-04  1.00000024e+00  3.12551783e-05 -1.44186733e-05 -1.82798576e-05  6.13040611e-05  9.36017532e-05  4.57169008e-05  1.95260058e-04  5.10973259e-05]
 [-2.65839444e-05  3.12551783e-05  1.00000036e+00  4.33921787e-06 -6.74595140e-05  3.36472185e-05  1.13554335e-04  6.01789143e-05 -7.81464696e-05  2.25535732e-05]
 [ 1.62033557e-05 -1.44186733e-05  4.33921787e-06  9.99999821e-01  7.90886697e-05 -1.30642647e-05 -3.63293767e-01 -2.82619494e-05 -6.28771716e-07 -6.26067340e-05]
 [-2.29291527e-05 -1.82798576e-05 -6.74595140e-05  7.90886697e-05  9.99999881e-01 -4.08788110e-05 -2.95026712e-05 -7.85356679e-05  3.88676308e-05  4.03415434e-05]
 [-4.10793727e-05  6.13040611e-05  3.36472185e-05 -1.30642647e-05 -4.08788110e-05  1.00000012e+00 -1.97069949e-05  2.12076156e-05  7.57728340e-05 -8.36707113e-06]
 [-2.96830349e-05  9.36017532e-05  1.13554335e-04 -3.63293767e-01 -2.95026712e-05 -1.97069949e-05  1.00000036e+00  9.18588466e-06 -5.08202575e-05 -1.10230860e-04]
 [-2.90129105e-06  4.57169008e-05  6.01789143e-05 -2.82619494e-05 -7.85356679e-05  2.12076156e-05  9.18588466e-06  9.99999821e-01  7.88303514e-05  5.95646525e-05]
 [-8.02091527e-05  1.95260058e-04 -7.81464696e-05 -6.28771716e-07  3.88676308e-05  7.57728340e-05 -5.08202575e-05  7.88303514e-05  1.00000000e+00 -1.45590702e-05]
 [ 3.34114920e-05  5.10973259e-05  2.25535732e-05 -6.26067340e-05  4.03415434e-05 -8.36707113e-06 -1.10230860e-04  5.95646525e-05 -1.45590702e-05  1.00000036e+00]]
