hidden representaion(r*topic):
[[ 0.2372713  -0.19316527  0.12584549 -0.08895398 -0.32567862 -0.16820474 -0.08910137 -0.1180001   0.24962014 -0.14941438 -0.03638964  0.15499982  0.28166974  0.08252411 -0.49435288  0.19334723]
 [ 0.12036509 -0.10714358  0.13168196 -0.00883387 -0.07406021 -0.14251086 -0.04011043 -0.06743785  0.09563994  0.04239774  0.02275143  0.14948492  0.05525174  0.04553934 -0.24308966 -0.02431284]
 [ 0.23433341 -0.19206503  0.12599324 -0.08680974 -0.31974503 -0.16765219 -0.08778134 -0.11673583  0.24597669 -0.1446227  -0.03552507  0.15489791  0.2759466   0.08168057 -0.488544    0.18846472]
 [ 0.07819819 -0.07965179  0.13608347  0.01831714 -0.01723217 -0.12165353 -0.02575107 -0.04075331  0.04869463  0.10745091  0.02515515  0.16117728 -0.01751299  0.07096845 -0.1579489  -0.11406451]
 [ 0.16139598 -0.14684775  0.13066891 -0.04535089 -0.19161029 -0.14751622 -0.0588113  -0.08483557  0.16150717 -0.03390367 -0.013441    0.15007772  0.14850669  0.07385977 -0.34963584  0.05702597]
 [ 0.17541867 -0.1599805   0.13044757 -0.04642554 -0.20209478 -0.15536723 -0.05743962 -0.09074799  0.17617214 -0.04843974 -0.01872551  0.15321894  0.16350801  0.06703197 -0.37100625  0.08438733]
 [ 0.17623879 -0.16103572  0.13161358 -0.04967672 -0.20997031 -0.1539256  -0.06103707 -0.0928364   0.17707753 -0.05205539 -0.01869723  0.15240121  0.17041665  0.06993999 -0.37458396  0.0854235 ]
 [ 0.15620655 -0.14711037  0.1314362  -0.03086505 -0.15770712 -0.15094587 -0.05483351 -0.08482432  0.14385024 -0.01370415 -0.00415081  0.15425219  0.12759015  0.0604977  -0.32364947  0.04504231]
 [-0.19741715  0.24386758  0.00305365 -0.04084599  0.41676894 -0.07404728 -0.21241102 -0.02077802 -0.37850145  0.3435622   0.41102013 -0.11340486 -0.27222618 -0.1730336   0.22598492 -0.521865  ]
 [-0.03664116  0.0470364   0.07716393  0.03197474  0.1963264  -0.09952882 -0.09208804 -0.02805428 -0.13924532  0.22807941  0.17894071  0.06736933 -0.15259655 -0.02576126  0.02711573 -0.2883646 ]
 [-0.12468247  0.15156677  0.02557397 -0.00217653  0.3253198  -0.08765116 -0.16949096 -0.02308276 -0.2802074   0.29261282  0.31441253 -0.03289216 -0.2230333  -0.11077131  0.13843635 -0.41263023]
 [-0.19746158  0.24391024  0.00303893 -0.04084941  0.41683197 -0.07403792 -0.21243225 -0.02077114 -0.37856582  0.34360722  0.4110673  -0.11343777 -0.27227148 -0.17305882  0.22605021 -0.52193636]
 [-0.09786039  0.11359388  0.03955206  0.00996804  0.28912702 -0.09410156 -0.14887561 -0.02654602 -0.24151804  0.27632365  0.2741951  -0.00230142 -0.20150758 -0.0890562   0.10566947 -0.37379876]
 [-0.19502203  0.2411185   0.00353883 -0.03966434  0.4140355  -0.07461055 -0.21125442 -0.02076625 -0.3754891   0.34183946  0.40826473 -0.11091686 -0.27076072 -0.17123216  0.22320394 -0.5182916 ]
 [-0.19741751  0.2438687   0.00303979 -0.04082477  0.4167968  -0.07404907 -0.2124157  -0.02077318 -0.37851757  0.34357893  0.41102567 -0.11339265 -0.27224305 -0.17303468  0.22600473 -0.5218748 ]
 [ 0.0245701  -0.03603299  0.11447678  0.03297468  0.09263355 -0.11505449 -0.04369934 -0.04919484 -0.03335151  0.16756612  0.08833566  0.1106005  -0.07582615  0.00477966 -0.0797914  -0.17875338]]
R_hid(hidden representaion to predict r):
[[0.         0.         0.         0.33809108 0.         1.1430391  0.3829639  0.         0.         0.         2.2173724  0.2247758  0.         1.5691309  0.11714658 0.74488914]
 [0.         0.5152242  0.         0.         0.         1.615211   0.         0.         0.         0.         1.7300813  0.11955589 0.         1.4493589  0.         0.        ]
 [0.         0.         0.         0.62985194 0.38098454 1.2968023  0.07926222 0.         0.         0.         2.1234286  0.84884566 0.         1.7929236  0.11630452 0.9067005 ]
 [0.         0.6725722  0.         0.59080637 0.         1.1525578  0.         0.         0.         0.         1.2582432  0.833635   0.         1.6121846  0.         0.06351498]
 [0.         0.38593167 0.         0.37916422 0.         0.41293526 0.23645957 0.         0.         0.         1.9883002  0.         0.         1.1361799  0.         0.        ]
 [0.         0.         0.         0.         0.         0.97987765 0.         0.         0.         0.         2.3656147  0.10386533 0.         1.4851453  0.         0.        ]
 [0.         0.         0.         0.17445463 0.         0.7285242  0.         0.         0.         0.         2.065272   0.32153276 0.         1.3217707  0.         0.2212506 ]
 [0.         0.06863207 0.         0.         0.         0.82661796 0.         0.         0.         0.         2.0082874  0.22850835 0.         1.5908233  0.         0.02661563]
 [0.         0.5744033  0.10402206 0.         0.03910897 0.         0.         0.         0.         0.         0.         0.         0.         0.         0.         1.4013606 ]
 [0.         0.7824358  0.         0.486069   0.         1.0975538  0.         0.         0.         0.         0.73127323 0.16669355 0.         1.1749688  0.         0.6524503 ]
 [0.         0.95275044 0.         0.         0.         0.47736594 0.         0.         0.         0.         0.10786659 0.21899784 0.         0.28671184 0.         0.32547262]
 [0.         0.66830623 0.05665149 0.         0.21860667 0.         0.         0.         0.         0.         0.         0.         0.         0.         0.         1.2460986 ]
 [0.14970233 0.9338782  0.         0.         0.         0.4355001  0.         0.         0.         0.         0.67860734 0.         0.         0.7526506  0.         0.6623155 ]
 [0.         1.1473627  0.         0.         0.15202397 0.         0.15125272 0.         0.         0.         0.30934545 0.         0.         0.         0.         0.5391457 ]
 [0.         0.40547007 0.14063427 0.         0.         0.         0.         0.         0.         0.         0.         0.         0.         0.         0.         0.8433153 ]
 [0.         0.         0.         0.         0.         1.0785518  0.         0.         0.         0.         1.1222279  0.         0.         1.2288322  0.         0.21476258]]
topics:
[[-0.12099382  0.15162355  0.28578916 -0.00928743 -0.06575583  0.04992907  0.13048343  0.18369476 -0.00898184  0.33800957 -0.10923119  0.28584948 -0.29397526  0.4811575   0.19166455 -0.67727435]
 [ 0.04303156 -0.14583056  0.34776175  0.1509386   0.1402792   0.05446231 -0.06693597  0.00307772 -0.07247343 -0.0441629   0.26238704  0.15135668 -0.3366579   0.12483197  0.0623081   0.07010084]
 [ 0.23965338 -0.19423784  0.12600246 -0.09063033 -0.33044475 -0.16862328 -0.09001721 -0.119077    0.2525389  -0.15311195 -0.0372287   0.15531385  0.28632724  0.08331029 -0.49883085  0.19711702]
 [ 0.23346241 -0.354096   -0.5746084   0.35529423  0.06536388 -0.26435292 -0.90752995  0.03790514 -0.49697128  0.08929949  0.45382565  0.27953905 -0.07440013  0.13425939 -0.13248287  0.11181329]
 [ 0.6184235   0.46873817  0.29321975  0.25123027  0.29125768 -0.27379295  0.4907967  -0.04403073  0.5677933  -0.1214072   0.04444671  0.65600836  0.10501124 -0.01286017 -0.16613793  0.1697454 ]
 [-0.21327381  0.2358413   0.1929403   0.06876455 -0.00226332  0.24444912  0.08974532 -0.26029095  0.09690941  0.03200182  0.01561691 -0.2741775   0.07588303 -0.00533561 -0.23930739 -0.14643675]
 [-0.23975925 -0.28338486 -0.04414407 -0.20737489  0.09523287 -0.41585186  0.10576905  0.47267497 -0.02961068  0.300985   -0.03359498 -0.22867161 -0.9970386  -0.09414363 -0.1644978  -0.13549092]
 [ 0.07624843 -0.23910691 -0.3503086   0.10956215  0.34987706 -0.0255936  -0.15588525 -0.00716518  0.04241247  0.12688763 -0.18732496  0.3531445   0.2432337   0.01161697 -0.3467736  -0.06977119]
 [-0.19755273  0.24401262  0.00301637 -0.04086905  0.41695005 -0.07401847 -0.21247217 -0.02076099 -0.37869152  0.34369498  0.4111667  -0.11351228 -0.27235314 -0.17311159  0.2261805  -0.52208906]
 [ 0.07032184 -0.61288756  0.14475131  0.06967619  0.15886894 -0.38033453 -0.02097261 -0.23057917 -0.08871089  0.34508315 -0.05562399  0.09304302  0.01131663 -0.3486314  -0.20469695  0.05573535]]
R:
[[2.05202308e-03 8.33204540e-04 9.89469528e-01 7.15664821e-04 9.96953691e-04 1.33354228e-03 8.47630901e-04 4.84591612e-04 7.78919493e-04 2.48796609e-03]
 [1.19581163e-01 4.19478454e-02 4.70280826e-01 2.31770463e-02 6.00116178e-02 4.20017540e-02 1.74717866e-02 1.48799801e-02 9.33279768e-02 1.17319934e-01]
 [5.13872551e-03 2.14610924e-03 9.76159930e-01 1.40675704e-03 2.15802225e-03 2.68427213e-03 1.56574522e-03 1.09057769e-03 1.54338358e-03 6.10652938e-03]
 [2.11189806e-01 4.93166968e-02 3.04703683e-01 4.11435887e-02 6.67872652e-02 5.79279587e-02 1.69229452e-02 2.04186421e-02 8.85997787e-02 1.42989606e-01]
 [9.23064947e-02 1.77553743e-02 6.88866377e-01 1.42523572e-02 2.47365534e-02 3.26857194e-02 1.25260912e-02 1.01254582e-02 3.81450579e-02 6.86005503e-02]
 [7.16606453e-02 1.97805446e-02 7.14478672e-01 1.24795409e-02 2.89195124e-02 3.03765554e-02 1.49308722e-02 1.13766426e-02 2.36941054e-02 7.23029077e-02]
 [7.26890266e-02 1.91229321e-02 7.30781019e-01 1.12565961e-02 2.35727392e-02 2.78043672e-02 1.07046375e-02 9.25879646e-03 2.61537936e-02 6.86561018e-02]
 [9.36826617e-02 2.93386001e-02 6.25214159e-01 1.92742590e-02 3.67046334e-02 3.26064341e-02 1.04397070e-02 1.11923488e-02 4.51874696e-02 9.63597894e-02]
 [1.32007426e-05 3.80254460e-05 1.72781802e-04 1.86103880e-05 3.34831420e-05 2.04141470e-05 1.62245760e-05 2.23179031e-05 9.99629736e-01 3.52135685e-05]
 [1.50368556e-01 4.30347770e-02 5.77970482e-02 5.62541038e-02 6.51204810e-02 6.60011172e-02 1.29496278e-02 1.75436605e-02 4.07087773e-01 1.23842880e-01]
 [5.81533536e-02 2.21823975e-02 1.32231414e-02 3.73882279e-02 2.98620127e-02 3.10970992e-02 8.11354723e-03 1.02208396e-02 7.34317780e-01 5.54415733e-02]
 [9.24840515e-06 3.04358728e-05 1.04089333e-04 1.64616122e-05 2.29544039e-05 1.51299146e-05 1.24720009e-05 1.89079055e-05 9.99742806e-01 2.74451177e-05]
 [8.44198838e-02 2.84333006e-02 2.15461049e-02 4.53363657e-02 3.93606462e-02 3.98770943e-02 8.07548128e-03 1.22845722e-02 6.35123730e-01 8.55428278e-02]
 [1.39535102e-03 7.08135602e-04 7.90548336e-04 1.30039931e-03 1.10657595e-03 7.92239327e-04 4.16420487e-04 3.31848045e-04 9.91726398e-01 1.43208599e-03]
 [2.35997377e-05 3.75419295e-05 1.04464205e-04 4.23256570e-05 4.87341458e-05 2.84620473e-05 1.64049998e-05 2.99525982e-05 9.99617577e-01 5.08939702e-05]
 [1.64710909e-01 4.83773127e-02 1.60714880e-01 4.39563729e-02 7.26922378e-02 8.59467238e-02 1.59938503e-02 2.01034844e-02 2.16270149e-01 1.71234056e-01]]
cosine similarity of topic:
[[ 1.0000000e+00  2.0332225e-05 -2.8123528e-05  2.6142683e-05 -2.1751319e-05  4.2499832e-05 -4.4153403e-06 -7.4456875e-05 -2.3760009e-05 -2.9878491e-05]
 [ 2.0332225e-05  9.9999988e-01 -3.6585379e-06 -8.9239984e-05  2.3538871e-05 -1.9339810e-05  3.4245604e-05 -5.3454027e-05  1.9541424e-06 -2.0223028e-05]
 [-2.8123528e-05 -3.6585379e-06  1.0000000e+00  1.3240002e-05 -4.8875452e-05  3.5345787e-05  2.1748348e-05 -1.2594530e-05 -1.1771268e-06 -1.8148912e-05]
 [ 2.6142683e-05 -8.9239984e-05  1.3240002e-05  1.0000001e+00  2.2984355e-05  7.3814922e-06 -2.2913116e-05 -1.8453266e-05  4.9947926e-06 -6.0684957e-05]
 [-2.1751319e-05  2.3538871e-05 -4.8875452e-05  2.2984355e-05  1.0000000e+00 -3.3112276e-05 -5.5578788e-05  3.2187112e-05 -9.0132708e-06  1.1245168e-05]
 [ 4.2499832e-05 -1.9339810e-05  3.5345787e-05  7.3814922e-06 -3.3112276e-05  9.9999982e-01 -6.6251991e-06  4.0885749e-05  3.0514475e-05  3.4347526e-05]
 [-4.4153403e-06  3.4245604e-05  2.1748348e-05 -2.2913116e-05 -5.5578788e-05 -6.6251991e-06  9.9999976e-01  3.0460829e-05  1.5441099e-05 -4.6873200e-05]
 [-7.4456875e-05 -5.3454027e-05 -1.2594530e-05 -1.8453266e-05  3.2187112e-05  4.0885749e-05  3.0460829e-05  9.9999982e-01 -6.1826096e-05 -4.1272655e-05]
 [-2.3760009e-05  1.9541424e-06 -1.1771268e-06  4.9947926e-06 -9.0132708e-06  3.0514475e-05  1.5441099e-05 -6.1826096e-05  1.0000001e+00 -1.2888677e-05]
 [-2.9878491e-05 -2.0223028e-05 -1.8148912e-05 -6.0684957e-05  1.1245168e-05  3.4347526e-05 -4.6873200e-05 -4.1272655e-05 -1.2888677e-05  1.0000001e+00]]
