hidden representaion(r*topic):
[[ 7.42001832e-02 -1.31343007e-01 -1.17563471e-01 -1.23970196e-01 -8.83421376e-02 -2.71226048e-01  8.11754093e-02  1.98228225e-01  6.38515130e-02  1.07163221e-01  1.14991754e-01  2.03931779e-02  3.60870957e-02  2.27222964e-03  2.62271296e-02  3.50337252e-02]
 [ 4.66842800e-02 -7.07703158e-02 -1.83380619e-01  4.37963158e-02 -8.26835036e-02 -3.26141626e-01  1.32001147e-01  8.10898244e-02  1.24994434e-01  3.72167490e-02  1.98668405e-01  1.95020027e-02  1.60155460e-01  1.41909093e-01  9.46703553e-02 -1.21346191e-02]
 [ 5.40316813e-02 -2.11916953e-01 -2.57990062e-01 -2.42299456e-02 -2.03534797e-01 -4.96200830e-01  2.12011099e-01  1.50362685e-01  2.52650499e-01  1.13896728e-01  4.60588187e-01 -8.64723176e-02  2.08300203e-01  2.03182176e-01  1.82734653e-01  1.70240298e-01]
 [ 6.74891323e-02 -3.40223312e-01 -2.69045353e-01 -2.40334799e-03 -2.24628225e-01 -5.99195838e-01  2.32085600e-01  1.13018006e-01  3.09891790e-01  1.85099199e-01  5.45395613e-01 -8.15549716e-02  1.88830391e-01  2.63497591e-01  1.67548731e-01  2.00122580e-01]
 [ 6.84354603e-02 -5.07696643e-02 -1.37472451e-01 -1.97362117e-02 -2.13069506e-02 -2.43018165e-01  7.05754012e-02  9.51310545e-02  6.15702868e-02  1.47793442e-04  1.22989759e-01  9.65935737e-03  9.95062962e-02  6.75321370e-03  9.52997208e-02 -2.73160785e-02]
 [ 7.99282715e-02 -2.54334122e-01 -2.51019567e-01  7.37318257e-03 -1.78685874e-01 -5.52357376e-01  2.33231634e-01  1.13255881e-01  2.73737252e-01  1.62688509e-01  4.67897028e-01 -5.62838130e-02  1.88800871e-01  1.93924367e-01  1.38499856e-01  1.52471662e-01]
 [ 6.76847175e-02 -3.31906468e-01 -2.67572552e-01 -2.98442878e-03 -2.21388325e-01 -5.93403995e-01  2.31292233e-01  1.14375167e-01  3.05984855e-01  1.81540892e-01  5.38567722e-01 -8.04638341e-02  1.89390078e-01  2.57791430e-01  1.66505665e-01  1.96659759e-01]
 [ 9.41453353e-02 -1.62455380e-01 -2.30561495e-01  8.33084155e-03 -1.32829711e-01 -5.04412532e-01  2.36790061e-01  1.23344749e-01  2.34016135e-01  1.40151843e-01  3.87375355e-01 -2.93693542e-02  1.93537429e-01  1.16470441e-01  1.05486736e-01  1.04590058e-01]
 [ 7.89941400e-02 -1.11985579e-01 -2.07738400e-01  1.74751505e-02 -9.97363329e-02 -4.19214934e-01  1.88244298e-01  1.07136600e-01  1.79835275e-01  8.95943791e-02  2.99205750e-01 -1.37460865e-02  1.71501264e-01  9.83114317e-02  1.04370750e-01  5.48280962e-02]
 [ 1.00525871e-01 -1.42212167e-01 -2.24774867e-01  1.21767437e-02 -1.16904296e-01 -4.96934533e-01  2.38896027e-01  1.20936275e-01  2.25380078e-01  1.36611968e-01  3.68197709e-01 -2.07517557e-02  1.93392515e-01  9.38521996e-02  9.49156210e-02  9.02448520e-02]
 [-9.70625579e-02  1.24630712e-01 -1.77871764e-01 -1.05800584e-01  2.58727819e-02  2.06986338e-01 -1.74640492e-01  4.45575863e-02 -1.05886512e-01 -1.98962688e-01 -1.45987138e-01  1.22314230e-01  1.30289957e-01 -5.71167991e-02 -6.23359717e-02 -2.15841815e-01]
 [ 8.06406811e-02 -8.27621743e-02 -1.93108439e-01  7.46825011e-03 -9.19807926e-02 -3.82334888e-01  1.79224283e-01  1.19324267e-01  1.59772903e-01  9.13881287e-02  2.48708457e-01 -7.22892582e-04  1.51887551e-01  7.38691539e-02  8.34834725e-02  4.07897495e-02]
 [-9.93746072e-02  1.30802274e-01 -1.76607311e-01 -1.07204191e-01  2.93885283e-02  2.18168989e-01 -1.80409923e-01  4.34268825e-02 -1.11636832e-01 -2.04199240e-01 -1.55587941e-01  1.25262514e-01  1.29365802e-01 -6.14940599e-02 -6.57012835e-02 -2.21698627e-01]
 [ 7.67295808e-02 -2.24566579e-01 -3.50996405e-02 -2.78254449e-01 -1.51242748e-01 -1.86323509e-01  1.40780127e-02  3.13980907e-01  1.18991155e-02  2.02899024e-01 -3.72812524e-03  6.22224584e-02 -8.55647400e-02 -8.20421800e-03 -7.21414462e-02  6.61811680e-02]
 [ 1.18176460e-01 -4.97851372e-02 -2.12060183e-01  1.78666413e-02 -7.71000758e-02 -4.66111541e-01  2.56779552e-01  1.32542372e-01  1.97608486e-01  1.21841311e-01  3.05261165e-01  3.90344113e-03  2.07668245e-01  1.85655877e-02  6.30694181e-02  5.01457006e-02]
 [ 7.93575048e-02  1.37091428e-02 -1.48506179e-01  1.15660746e-02 -3.15873213e-02 -2.85814643e-01  1.45566940e-01  1.17335111e-01  8.52260888e-02  4.60164137e-02  1.06301174e-01  5.15237115e-02  1.45494655e-01  2.10912302e-02  3.33986878e-02 -4.93158847e-02]]
R_hid(hidden representaion to predict r):
[[-1.4104751  -1.3616897  -1.2523724  -1.4058056   0.07815977 -0.6930792   0.47055256  0.0746451  -1.4320097  -1.1979702  -0.68886584 -1.3603207   0.49633232 -1.0443789  -0.8425846  -1.2314893 ]
 [ 1.5304767  -0.93870366 -0.22357115  1.7955712  -1.4577388  -0.83654284 -0.49284148  1.9639343  -1.4518992  -1.4577388   0.14726233  2.2583342   0.36001593 -1.3418013  -0.60332006 -0.62580335]
 [-0.8471793   2.7699728   2.52495     0.5292512   2.7007756  -1.3163275  -1.2311308  -0.04030195 -1.4577019   1.0730968  -1.2700989  -1.3402253  -0.49990648 -1.4544344  -1.4577388   3.3593097 ]
 [ 1.5689298   4.080698    3.5659108   0.8621845   3.874691   -1.4449506  -1.4456211   1.4870211  -1.4576344   5.71967    -0.15691298  3.8600826  -1.4577388  -1.4558442  -1.3059866   3.3856616 ]
 [-1.1286105  -1.3467797  -1.4449289  -0.41227442 -0.15291819 -1.2286478   0.5425612   1.8290579  -1.4577388  -0.50595206 -0.05242458 -0.7729531  -1.2034152  -1.1525534   1.2125558  -0.95572746]
 [ 1.7837752   2.3293      3.1404948   0.92885464 -0.25732648 -1.0245495  -0.8980813  -0.1999375  -1.4552777   2.1851377  -0.40602976  2.6765718   1.695252   -1.4221299  -1.1903553   0.6923652 ]
 [ 0.9112822   2.2054      3.080639   -1.1039358   2.2361555  -1.4577388  -1.3242835   1.041509   -1.4575819   3.9210157  -0.08976924  1.7514728   1.4990177  -1.442384   -1.2991595   1.4950436 ]
 [ 1.5152234   1.9473788   2.62754    -1.4577388  -1.3026705  -0.49337763  0.712736    1.5319011  -1.4577388   1.6686445  -0.61205935  1.5405031   1.659743   -1.440631   -1.392446    0.30552346]
 [-0.8170635  -1.4577388   0.7658831  -1.2489467   0.50990105 -1.1834857  -1.2215279   0.7087676  -1.4577388   0.94328123 -0.9050263   0.07645397 -0.3264771  -1.4278886  -0.96277    -1.0941912 ]
 [ 0.40401274  1.3152304   3.1114988  -0.75659525 -0.9217757   1.0346167   0.7752496   2.1681795  -1.447888    1.6706649  -0.4551198   3.458839    0.10666032 -1.4312124  -1.3222563  -1.3714434 ]
 [ 1.2545203   2.051654   -1.2421529  -1.3693552   3.9812918   1.5180712  -1.3141615   1.2369282  -1.453147    1.0430007  -1.4577388  -1.4429197  -1.3938307  -1.4553183  -1.2701156   4.779727  ]
 [-0.4260354  -0.4537726   0.40921408 -1.3866554  -0.9398775  -0.82460576  0.7022838  -1.4577388  -1.4555256   0.44841927  0.29765794 -1.2607526   1.525355   -1.2419096  -1.371362   -1.3454791 ]
 [-1.388279   -0.79806507 -1.4061589   0.21023285  5.164612   -0.95335627  0.05075613  0.9254984  -1.4531112  -1.4577388   1.249261   -1.4545517  -1.4078801  -1.4503317  -1.3719676   3.9081059 ]
 [-1.3960402  -1.221545    0.60471183 -1.0134456  -0.99736166  1.932978    0.9116102  -1.4577388  -1.4496223   0.2725824   1.279034   -1.3241322   0.2566365  -1.0741892  -1.4412196  -1.4107691 ]
 [-1.1867523   0.4773306  -1.4577388  -1.3340104  -1.1943115   1.5212343  -0.27891752  0.57453537 -1.4313711   1.613046   -0.7014666  -1.4577388   2.2997713  -1.3841041  -0.960469   -1.4577388 ]
 [-0.64719635 -1.2218095   1.1417785  -0.8360092   0.9822254  -1.0865526   1.290424   -0.5869098  -1.4487596  -0.9594016  -0.56897867  1.0789893   1.6272384  -1.3834009   0.77856934 -0.68275076]]
topics:
[[-0.07157277  0.23480895 -0.2304244   0.34390643 -0.0327667   0.04168832 -0.03063763 -0.1376764  -0.00832725 -0.16633372 -0.11462505  0.04138229  0.00550152  0.20728034  0.19565192 -0.17581503]
 [ 0.20247887  0.30212203 -0.15686528  0.06191061  0.10990208 -0.3597872   0.32780206  0.14767656  0.08991516  0.0767174   0.04911133  0.11040103  0.23923403 -0.30600584 -0.0774406  -0.12231489]
 [-0.0633971  -0.07342684  0.05148536 -0.05157164 -0.04860085 -0.10139051 -0.04146252  0.14196432 -0.11499252 -0.10840267 -0.19240868  0.33026984  0.38089725  0.509949   -0.15881738 -0.39213637]
 [ 0.03164667 -0.06707964 -0.14337757 -0.09876683  0.09345157 -0.20312953 -0.03929749  0.10319515 -0.06222646 -0.14208408  0.12095797 -0.09501782  0.02871206 -0.16253702  0.20196557 -0.02378887]
 [-0.09977598  0.13181774 -0.17640032 -0.10743549  0.02997822  0.22006698 -0.18140052  0.04321295 -0.11260158 -0.20507737 -0.15720807  0.12577656  0.12920754 -0.06221056 -0.06629103 -0.22269878]
 [ 0.07412432 -0.28475803  0.0139994  -0.3756006  -0.18852988 -0.12841858 -0.03706274  0.3851291  -0.02934921  0.25526157 -0.07922509  0.08446396 -0.16927107 -0.02090988 -0.12748848  0.08576287]
 [ 0.00212506  0.28039834 -0.2160547  -0.10807343 -0.12346747 -0.10116478  0.13520724  0.29402882  0.0334504  -0.15942791  0.13613604 -0.10589387  0.28347045 -0.02749932  0.2417701   0.05635372]
 [ 0.1099655   0.00480479  0.10975184 -0.2050743   0.25349042  0.02237618  0.05760244  0.07479997  0.1644858   0.04291614 -0.23092626 -0.07054932 -0.01806844 -0.01533615 -0.02756242 -0.08549643]
 [ 0.32838184 -0.06698967  0.16399528 -0.0170605   0.07321156  0.08266854 -0.13210449 -0.09340095  0.01239858 -0.05502345 -0.09990306  0.23352909  0.07296151 -0.20884594  0.04720314 -0.2031071 ]
 [ 0.06771166 -0.3425702  -0.2692705  -0.0020189  -0.22508284 -0.6010734   0.23246336  0.11236773  0.31096822  0.1863967   0.5469941  -0.08149247  0.18851104  0.26467672  0.16731131  0.20071544]]
R:
[[5.66403344e-02 1.48227677e-01 1.98931172e-02 1.64871812e-01 3.06104287e-03 3.50692391e-01 9.74396057e-03 8.01716838e-03 5.83034242e-03 2.33022168e-01]
 [1.82077438e-01 1.46528229e-01 1.10043503e-01 8.45752433e-02 7.63058233e-06 2.18289103e-02 1.70813333e-02 1.37528302e-02 9.45384707e-03 4.14651096e-01]
 [1.64098165e-05 4.11153567e-04 7.41444746e-05 3.84978717e-04 1.67450762e-05 5.70945012e-05 2.09037915e-01 4.68449543e-05 4.02583873e-06 7.89950669e-01]
 [3.48254480e-06 1.27923253e-04 2.28894783e-06 1.50096559e-04 2.18967999e-09 2.79091273e-06 3.56310536e-03 1.30820797e-06 2.21908593e-07 9.96148705e-01]
 [1.18332088e-01 1.32684618e-01 4.75558266e-02 2.74903834e-01 1.15604745e-02 7.55478293e-02 1.88902058e-02 2.83498038e-02 6.50872588e-02 2.27087989e-01]
 [1.60636418e-02 1.10734977e-01 3.19620059e-03 9.00067668e-03 2.08092317e-08 2.62888358e-03 3.74075538e-03 4.02236450e-03 1.27660763e-03 8.49335849e-01]
 [1.89442784e-04 5.55885676e-03 4.00564895e-04 1.62686000e-03 1.55177446e-07 1.83428900e-04 1.00713680e-02 3.55555996e-04 2.24998785e-05 9.81591105e-01]
 [1.49855511e-02 2.30584621e-01 1.02552697e-02 1.58081353e-02 1.16254192e-07 1.16805462e-02 2.07374394e-02 4.67317691e-03 1.71908713e-03 6.89556003e-01]
 [7.81059042e-02 2.04817072e-01 3.38549726e-02 7.69370794e-02 8.05797208e-06 1.78406201e-02 2.50702780e-02 9.88096744e-03 1.10711604e-02 5.42413831e-01]
 [1.50397029e-02 2.70309389e-01 1.14382580e-02 2.49149520e-02 2.29752501e-08 9.24615283e-03 6.33462053e-03 5.54888230e-03 3.83665459e-03 6.53331339e-01]
 [3.90536024e-06 1.80741190e-05 1.59507672e-05 4.56046910e-05 9.83371019e-01 1.36058293e-06 1.07340422e-03 4.91933542e-06 1.14267573e-06 1.54646002e-02]
 [1.00363754e-01 2.31696680e-01 2.63126418e-02 4.95520309e-02 1.71159991e-04 7.27872774e-02 3.19696814e-02 1.59317777e-02 7.30977394e-03 4.63905185e-01]
 [1.26271959e-06 1.48772460e-05 2.75381217e-06 4.37156959e-05 9.97519016e-01 9.94283437e-06 2.20257294e-04 8.70329359e-07 1.10101189e-06 2.18626717e-03]
 [1.83060970e-02 6.38360158e-02 1.06229652e-02 4.15265821e-02 2.47296048e-05 7.47879207e-01 6.86246995e-03 9.43773706e-03 4.27609729e-03 9.72281024e-02]
 [7.21791945e-03 4.06347752e-01 1.28031187e-02 9.32801049e-03 1.18060486e-08 8.83662887e-03 2.99223587e-02 2.69746338e-03 1.97439129e-03 5.20872355e-01]
 [1.37683913e-01 3.19002062e-01 9.14704949e-02 8.07295889e-02 1.68419174e-05 9.59138051e-02 1.36859128e-02 2.31025312e-02 7.84650631e-03 2.30548337e-01]]
cosine similarity of topic:
[[ 1.00000012e+00 -1.13411639e-04  9.21383762e-05 -2.82602468e-05 -1.16658202e-05 -1.14513045e-04 -6.57790042e-06 -5.29315275e-06 -6.58186691e-05  4.59374205e-05]
 [-1.13411639e-04  9.99999762e-01 -4.19765529e-05 -4.99461821e-05  3.74439223e-05 -3.08273775e-05 -2.00566938e-05 -9.76171577e-05  4.52002278e-05 -3.02627795e-05]
 [ 9.21383762e-05 -4.19765529e-05  9.99999940e-01 -2.77372806e-06 -6.47923589e-05 -4.60258598e-05  6.72946262e-05 -5.19743007e-05 -1.84115761e-05  3.74020528e-05]
 [-2.82602468e-05 -4.99461821e-05 -2.77372806e-06  1.00000024e+00  7.09566884e-05  2.35223961e-05 -5.35199470e-05 -4.70450277e-06 -1.70228304e-05  1.79281342e-05]
 [-1.16658202e-05  3.74439223e-05 -6.47923589e-05  7.09566884e-05  9.99999642e-01 -2.67204655e-06  4.73889559e-05  1.13749975e-05  1.20500281e-05  2.37628828e-05]
 [-1.14513045e-04 -3.08273775e-05 -4.60258598e-05  2.35223961e-05 -2.67204655e-06  9.99999881e-01 -1.96763976e-05  5.72848330e-06  4.55534318e-05 -7.32306435e-05]
 [-6.57790042e-06 -2.00566938e-05  6.72946262e-05 -5.35199470e-05  4.73889559e-05 -1.96763976e-05  1.00000000e+00  6.83504113e-05  6.38969286e-05 -1.49657099e-05]
 [-5.29315275e-06 -9.76171577e-05 -5.19743007e-05 -4.70450277e-06  1.13749975e-05  5.72848330e-06  6.83504113e-05  1.00000012e+00 -7.98938563e-05  4.15687682e-05]
 [-6.58186691e-05  4.52002278e-05 -1.84115761e-05 -1.70228304e-05  1.20500281e-05  4.55534318e-05  6.38969286e-05 -7.98938563e-05  1.00000024e+00  5.64173752e-05]
 [ 4.59374205e-05 -3.02627795e-05  3.74020528e-05  1.79281342e-05  2.37628828e-05 -7.32306435e-05 -1.49657099e-05  4.15687682e-05  5.64173752e-05  9.99999881e-01]]
