hidden representaion(r*topic):
[[ 7.42214546e-02 -1.90278769e-01  3.26042995e-02  1.36046559e-02  1.36376135e-02 -1.51744366e-01 -1.21150449e-01 -1.83529988e-01  1.05349213e-01  1.64909437e-02  3.25205885e-02  2.92033255e-01  3.48008648e-02 -3.59712988e-02  1.04092017e-01]
 [ 3.43035124e-02 -1.61737502e-01  1.96777973e-02  1.03951097e-02  2.03912370e-02 -1.32657647e-01 -1.05115101e-01 -1.45587742e-01  9.67485234e-02  3.19145098e-02  2.79652569e-02  2.65559256e-01  2.62549799e-02 -2.23493651e-02  1.04281574e-01]
 [-2.41178572e-02 -1.16992876e-01  7.51247816e-03  3.19106318e-03  2.70570144e-02 -1.03741035e-01 -8.13191012e-02 -7.75282457e-02  6.86540678e-02  5.07987477e-02  1.90052185e-02  2.22676769e-01  2.29919739e-02  6.32377714e-03  1.11186378e-01]
 [-5.06299213e-02 -1.47707283e-01 -3.81065384e-02 -7.40366802e-03  3.10866646e-02 -8.24581459e-02 -9.53338742e-02 -9.70629901e-02  1.74933344e-01  3.41304056e-02  1.83453076e-02  1.97202995e-01 -6.27958626e-02 -5.49093597e-02  5.95585518e-02]
 [-1.48233071e-01 -7.62123019e-02 -6.56314492e-02 -1.44034112e-02  4.83841337e-02 -3.61350924e-02 -5.64444363e-02 -2.30541825e-03  1.43601581e-01  7.72386566e-02  1.23204412e-02  1.34392709e-01 -7.63435513e-02 -1.56795587e-02  6.31344765e-02]
 [-5.00909202e-02 -1.04251504e-01 -7.08145835e-03  1.30544882e-03  3.26507427e-02 -9.07835215e-02 -7.30167106e-02 -6.14034683e-02  7.85817280e-02  6.01391606e-02  1.72963720e-02  2.05433473e-01  6.78221509e-03  6.19174540e-03  1.03143193e-01]
 [-1.43393442e-01 -6.22433461e-02 -6.47969022e-02 -1.20544769e-02  2.58680061e-02 -1.70904733e-02 -5.52645884e-02  3.45982015e-02  1.27603188e-01  5.34442700e-02 -9.37309302e-03  9.13801342e-02 -8.68068039e-02 -8.23114347e-03  3.55296992e-02]
 [-1.80359602e-01 -2.48261280e-02 -5.82668483e-02 -1.44765228e-02  4.69701402e-02 -1.93605442e-02 -2.98254248e-02  6.48805052e-02  7.17163086e-02  9.39619914e-02  8.56388360e-05  1.00764945e-01 -4.43685353e-02  3.67757380e-02  8.00052956e-02]
 [-2.41012231e-01  3.83776315e-02 -6.84644207e-02 -1.22564482e-02  6.09458238e-02  3.61587666e-03  5.23850508e-03  1.28120914e-01  2.81362012e-02  1.32649988e-01 -6.72309473e-03  7.13430271e-02 -3.19894552e-02  7.75009319e-02  9.96328369e-02]
 [ 5.92372417e-02  1.89960990e-02  1.52421724e-02  5.88533692e-02 -2.35761255e-02 -4.71392237e-02 -3.67934071e-02  5.79153858e-02  4.12586369e-02  7.06719980e-02 -1.01122059e-01  1.07740210e-02 -2.06679441e-02  5.32377651e-03  8.06369632e-03]
 [ 1.80614546e-01  4.69855219e-02  7.52624869e-02  2.01741457e-01 -9.36170369e-02 -1.01361535e-01 -8.87555536e-03  1.15523912e-01  5.81693314e-02  1.06002860e-01 -1.66739628e-01 -6.90205954e-03  3.59904096e-02  5.14078476e-02  3.79730053e-02]
 [ 1.45190701e-01  1.23068159e-02  6.91375881e-02  2.03414783e-01 -5.56573495e-02 -4.79729250e-02 -2.57333573e-02  1.05060183e-01  1.34188786e-01  1.85624510e-01 -1.09652951e-01 -4.31650244e-02 -3.85410339e-02 -9.39284265e-03 -2.34657954e-02]
 [ 1.00117251e-01  3.78443040e-02  3.17550004e-02  1.30277842e-01 -1.04747795e-01 -9.66410115e-02 -3.36864814e-02  9.70548987e-02  2.28929333e-02  5.20993141e-04 -1.48363009e-01  5.00676669e-02  3.19661126e-02  6.39157221e-02  5.79574332e-02]
 [ 2.00530425e-01  5.00002801e-02  9.45470557e-02  2.32524425e-01 -9.45938006e-02 -9.06449780e-02 -4.07866994e-03  1.30334139e-01  6.62856549e-02  1.46082580e-01 -1.64320648e-01 -3.01678553e-02  3.21496241e-02  4.78552990e-02  2.14717630e-02]
 [ 2.24202499e-01  4.59462330e-02  1.33756399e-01  2.75786489e-01 -8.21140334e-02 -4.96231616e-02 -2.50549428e-02  1.53978616e-01  7.90869817e-02  2.56808490e-01 -1.04736596e-01 -8.39100704e-02  1.05631016e-02  2.33169589e-02 -2.86272485e-02]]
R_hid(hidden representaion to predict r):
[[-1.2347511  -1.4451834   8.201528    7.834836   -1.4541328  -1.1780095   9.157481    5.8593717   9.031656    3.6969123   3.649219   -1.4573866   2.8811831   4.050771    0.63048637]
 [-1.4418848  -1.4136562   6.475396    9.350984   -1.4577388  -1.3962319   8.067831    2.5422873   6.114917   -1.4577388   5.5493817  -1.4463159   2.1775227   3.0927114   0.68083465]
 [-1.3587747  -0.2883153   5.946265    5.3446403  -1.2540185  -1.209426    6.7604995   4.3193574   4.988639    1.090128    4.1558022  -1.4497102   3.4113202   4.6239667  -1.4577388 ]
 [-1.3666643  -1.408478    3.6844754   5.462763   -1.302157   -1.3061205   2.6594167   1.1355056   5.4854126   2.9723082   4.525332   -1.36789    -1.4577388   2.0307372   2.836884  ]
 [-1.1299282  -1.3098555   4.556524    4.583584    0.22906357 -1.3486999   4.1328773   0.01038942 -1.4577388   2.0928779   1.318081   -1.4242247   1.5906358   3.4733143  -1.0835208 ]
 [-1.4022954  -1.2707709   8.538505    6.6819954  -1.3523648  -1.0218081   5.786061    3.496861    4.2543936   3.4305105   3.6590004  -1.4112422   3.2247248   4.3098693  -1.4316837 ]
 [ 1.0151193  -1.0145961   1.0655432   2.3394518   1.2325342  -1.4577388   0.09926733  0.36973992  2.2353587   0.51319826 -0.30114317 -0.5860956   2.1760678   2.076407   -0.34692073]
 [-0.9479841  -0.5120734   1.8408697  -1.4577388  -1.2343881  -1.1099101   3.1054287   0.7645095  -1.4577388   0.32644564  0.06076958 -1.3829949   1.300088    1.824004   -1.0479708 ]
 [ 0.70289457 -1.4577388   3.1792588   2.3780265  -0.89434016 -0.89845264  2.9354148   1.152013   -1.4577388   0.6989754   0.9158977  -1.3129811   2.7073975   2.0501142  -1.014321  ]
 [-0.05257736 -0.413193   -1.424653   -1.2046243   1.4083184   2.2086067  -1.4254457  -1.1412183  -0.9017589   0.40485573 -0.39747953 -0.27775535 -1.3839653  -0.6837556   1.9573554 ]
 [ 4.424989    2.020615   -1.451151   -1.4389015  -0.01368178  2.0416005  -1.4422168   0.31683868 -0.02795526 -1.1897199  -1.4577388   4.2710238  -1.4542221  -1.4073364   4.485929  ]
 [ 1.5501493   0.9662886  -1.4022225  -1.2064939   1.043811   -1.3143185  -1.4413083  -1.4577388  -0.04694907  0.96518815 -1.3397667   0.60320777 -1.4561287   0.01232424  3.2450724 ]
 [ 2.4445138   2.3749104  -1.4558979  -1.4480089  -0.8160019   4.1364913  -1.4380779   1.248835   -1.108242   -1.4577388  -1.1225209   4.1196947  -0.51601285 -1.3743463   1.39251   ]
 [ 2.9565387   3.4392877  -1.4522073  -1.4475597  -0.48225862  1.8706431  -1.4549385  -1.4577388  -1.1080319   0.38449    -0.34269655  2.8559856  -1.4433498  -1.383286    3.6372976 ]
 [-0.9717686   3.0221686  -1.4577388  -1.4037002   0.94636005  1.8171262  -1.2079821   1.0702027  -0.93866944 -1.1803937  -1.3204603  -1.4577388  -1.0483198  -1.1488008  -1.2411715 ]]
topics:
[[ 1.10536888e-01  4.12004218e-02 -4.32446115e-02  6.98848739e-02 -1.67454019e-01 -2.63714880e-01  2.59082615e-02  5.44228405e-02 -1.34987161e-02 -2.78611660e-01 -3.25914383e-01  1.95570543e-01  1.47134528e-01  1.69499621e-01  2.32222661e-01]
 [-2.17960879e-01 -1.88400075e-01 -1.78281322e-01 -5.34134805e-02  5.54589033e-02  2.40683202e-02 -1.22215621e-01 -5.81925325e-02  4.41891193e-01  2.45205797e-02  3.57639752e-02  7.33144209e-02 -3.14222455e-01 -1.97102919e-01 -7.29074106e-02]
 [ 8.76458883e-02  4.80958894e-02 -1.67838938e-03 -2.95414384e-02  2.54994184e-02 -7.39740208e-02 -9.15705413e-02 -1.51979979e-02 -6.79468503e-03  9.52147096e-02 -3.34853344e-02  2.82168947e-02  6.11824216e-04 -3.29595320e-02  2.97982451e-02]
 [-2.50669953e-04 -1.39266372e-01 -2.02623177e-02  1.90663971e-02 -3.31914914e-03 -5.33238351e-02 -5.22260554e-02  4.36838437e-03 -7.55242109e-02  9.73954871e-02  4.91655022e-02  1.95591189e-02  4.90678921e-02  1.49349868e-01 -1.07732177e-01]
 [-6.61432892e-02  2.57241931e-02 -1.10644689e-02  6.22664243e-02 -1.40781492e-01  1.17798839e-02 -1.67707577e-01  8.89051110e-02 -1.94713809e-02 -6.66269213e-02  3.86593975e-02  1.09904401e-01 -5.15681095e-02  2.45782807e-02 -1.06653068e-02]
 [-1.62796661e-01 -1.05409123e-01  6.16087541e-02 -1.22608580e-01 -3.63263078e-02  1.57563556e-02 -9.72657725e-02  2.87045747e-01 -8.09293166e-02 -8.47383812e-02 -4.79054600e-02 -1.03996415e-02  3.04445047e-02  9.56410915e-02  1.62937388e-01]
 [-5.28425947e-02  1.13901170e-02 -9.54489037e-02 -7.94649646e-02  1.15197964e-01  3.30257200e-04  2.68934637e-01 -4.03437205e-02  3.08854263e-02 -7.96547756e-02 -4.41007525e-01 -2.91119926e-02 -7.64790997e-02  4.01995406e-02 -8.72083679e-02]
 [-3.35643411e-01  1.36878207e-01 -7.92903379e-02 -1.19313234e-02  8.38046521e-02  3.75802033e-02  6.13553710e-02  2.32242003e-01 -5.08804806e-02  1.93148062e-01 -1.77638344e-02  2.59446502e-02 -3.46282148e-03  1.47963554e-01  1.38200179e-01]
 [ 2.70150781e-01  6.07843883e-02  1.78522959e-01  3.41858298e-01 -7.53628910e-02 -1.47390570e-02 -2.86707245e-02  1.83485970e-01  1.07079044e-01  3.71387303e-01 -7.85216019e-02 -1.45427763e-01 -1.27619319e-02 -6.60995347e-03 -7.39895850e-02]
 [ 8.95019174e-02 -1.98839679e-01  3.86135429e-02  1.55755030e-02  1.14956172e-02 -1.59530535e-01 -1.25846386e-01 -1.97168455e-01  1.04633227e-01  1.24163674e-02  3.41697596e-02  3.02872837e-01  4.10642438e-02 -3.85495126e-02  1.05757959e-01]]
R:
[[5.98614570e-04 1.47103714e-02 2.26026805e-06 2.94221463e-05 8.04632509e-05 2.40031001e-03 4.56820380e-05 2.38574855e-02 2.52329340e-08 9.58275318e-01]
 [5.95719903e-04 2.80243102e-02 1.04933069e-05 1.75261288e-04 1.38977484e-04 1.85989367e-03 5.55818493e-04 1.08219683e-01 1.86448506e-06 8.60417962e-01]
 [4.07628686e-04 2.01536994e-02 6.30766517e-05 3.61689803e-04 2.53797206e-03 3.41830291e-02 5.22271963e-04 2.31228724e-01 1.35904668e-06 7.10540593e-01]
 [1.19290855e-02 2.76229352e-01 1.67255488e-03 1.04194041e-03 5.72444755e-04 4.97089792e-03 1.01418160e-02 1.24361075e-01 1.67463766e-03 5.67406178e-01]
 [3.42726661e-03 2.85786837e-01 3.07190639e-04 9.56631172e-03 1.52355130e-03 4.86555882e-03 5.87353669e-03 3.45495939e-01 5.96077298e-04 3.42557728e-01]
 [1.76887983e-03 6.19068556e-02 1.85054465e-04 5.57103194e-03 4.95193177e-04 1.81690361e-02 1.78056571e-03 2.70925254e-01 8.40174471e-06 6.39189720e-01]
 [1.49003491e-02 2.91016221e-01 8.69290903e-03 4.43057716e-02 8.92117992e-02 5.63363694e-02 3.98192108e-02 2.57548541e-01 1.95027869e-02 1.78665996e-01]
 [5.82674425e-03 1.73630908e-01 4.39539691e-03 3.70985121e-02 2.20839195e-02 4.13904451e-02 1.04786158e-02 4.65688497e-01 5.29712241e-04 2.38877162e-01]
 [3.77585483e-03 1.14496581e-01 2.29814975e-03 2.19166260e-02 1.97982863e-02 1.66266561e-02 7.59384269e-03 6.71080947e-01 1.35873933e-03 1.41054302e-01]
 [8.21017101e-02 5.54721132e-02 3.29692632e-01 5.77013101e-03 1.21629983e-01 5.48649877e-02 1.15331672e-01 8.71786289e-03 2.16388807e-01 1.00302100e-02]
 [3.38379025e-01 1.24915540e-02 6.05102070e-02 2.06312310e-04 1.81922372e-02 3.09203449e-03 3.09683364e-02 7.20629061e-04 5.33037066e-01 2.40265927e-03]
 [1.46445036e-01 1.57010347e-01 2.95106713e-02 6.02466986e-04 4.69011441e-03 7.76508183e-04 4.52284664e-02 7.08720530e-04 6.01483107e-01 1.35445967e-02]
 [3.43234181e-01 3.16784671e-03 6.07799999e-02 1.92067993e-03 2.21996114e-01 2.40531322e-02 4.30117920e-02 4.35972540e-03 2.94780761e-01 2.69578397e-03]
 [3.03998142e-01 4.99519333e-03 1.24537777e-02 8.44679016e-04 8.58469028e-03 1.77687407e-03 3.66196446e-02 1.21853329e-04 6.27280772e-01 3.32434080e-03]
 [1.30580351e-01 5.23980532e-04 1.24820918e-02 3.57910842e-02 1.18003851e-02 1.35524645e-02 4.84942365e-03 2.29980375e-04 7.82703221e-01 7.48700136e-03]]
cosine similarity of topic:
[[ 1.00000012e+00  1.14881383e-04  1.38549285e-05 -2.22110011e-05  7.59835166e-05  1.93197047e-05 -7.22844634e-05 -4.82449432e-05  1.58225157e-05 -8.19173147e-05]
 [ 1.14881383e-04  1.00000036e+00 -2.40522088e-04  2.21057107e-05 -7.33018751e-05  5.65001119e-06 -5.29409444e-05  7.00702294e-05 -8.20523928e-06 -1.33922498e-04]
 [ 1.38549285e-05 -2.40522088e-04  1.00000000e+00  1.69350198e-04 -9.03062028e-05 -4.92608197e-05 -2.84926341e-06  1.31140434e-04  7.09587039e-05  3.68511542e-06]
 [-2.22110011e-05  2.21057107e-05  1.69350198e-04  9.99999821e-01 -1.06537082e-04  6.82740138e-05  1.77150632e-05  8.93882025e-05 -1.17160525e-04 -5.73934376e-05]
 [ 7.59835166e-05 -7.33018751e-05 -9.03062028e-05 -1.06537082e-04  9.99999523e-01 -1.46110557e-04 -5.08023768e-05 -1.76919930e-05 -4.33492460e-05  1.42449471e-06]
 [ 1.93197047e-05  5.65001119e-06 -4.92608197e-05  6.82740138e-05 -1.46110557e-04  9.99999702e-01  3.45653211e-06  1.91276649e-05  1.24617989e-04 -4.98639238e-05]
 [-7.22844634e-05 -5.29409444e-05 -2.84926341e-06  1.77150632e-05 -5.08023768e-05  3.45653211e-06  1.00000036e+00  1.18132935e-04  9.81829144e-05  1.57782069e-05]
 [-4.82449432e-05  7.00702294e-05  1.31140434e-04  8.93882025e-05 -1.76919930e-05  1.91276649e-05  1.18132935e-04  1.00000012e+00  5.18893921e-06  9.37825389e-05]
 [ 1.58225157e-05 -8.20523928e-06  7.09587039e-05 -1.17160525e-04 -4.33492460e-05  1.24617989e-04  9.81829144e-05  5.18893921e-06  1.00000012e+00  2.01084200e-04]
 [-8.19173147e-05 -1.33922498e-04  3.68511542e-06 -5.73934376e-05  1.42449471e-06 -4.98639238e-05  1.57782069e-05  9.37825389e-05  2.01084200e-04  9.99999881e-01]]
