hidden representaion(r*topic):
[[-0.00655555 -0.18618542  0.18775958 -0.11456846 -0.5998483   0.00960412  0.08468988  0.06099382 -0.05188692 -0.18953794  0.11657733  0.13507867  0.02439119 -0.19755319  0.30610865]
 [-0.00493686 -0.1829491   0.18582633 -0.11367049 -0.5922983   0.00798982  0.08459979  0.05997823 -0.05241204 -0.18587713  0.11533205  0.13401507  0.02252551 -0.19700041  0.3031204 ]
 [-0.00756769 -0.18361281  0.184854   -0.1132384  -0.5931424   0.00969126  0.08790813  0.06102991 -0.04991094 -0.18703176  0.11452508  0.1338029   0.02421722 -0.19569369  0.3038483 ]
 [-0.01922392 -0.16488567  0.16086806 -0.10017134 -0.5389779   0.01083721  0.11617406  0.06246126 -0.03192927 -0.16651648  0.09802907  0.12318569  0.02558272 -0.18104036  0.28338948]
 [-0.01729828 -0.17277215  0.16844335 -0.10398608 -0.5584174   0.01160304  0.10813334  0.06204302 -0.03660723 -0.17438045  0.10384601  0.12724395  0.02627983 -0.1869084   0.290573  ]
 [-0.03496443 -0.17124727  0.15215191 -0.09373385 -0.53073317  0.01732492  0.13433659  0.06027726 -0.02132351 -0.16361026  0.09632176  0.1255515   0.03266974 -0.1848881   0.28021896]
 [-0.10467843 -0.05417352  0.00952474 -0.0038106  -0.19860055  0.01544181  0.290443    0.08041015  0.09120509 -0.0379123  -0.00375649  0.05177381  0.04617314 -0.09279487  0.1339196 ]
 [-0.19277675 -0.09295089 -0.03302539  0.05781541 -0.14036097  0.02810111  0.39104843  0.07231175  0.14591222 -0.00178401 -0.00766298  0.05807231  0.10234074 -0.10716316  0.07886185]
 [-0.14838853 -0.05833484 -0.02086769  0.02121818 -0.14249861  0.02388917  0.3413895   0.07319002  0.12385897 -0.00839761 -0.01517582  0.04992575  0.06753141 -0.087356    0.09633387]
 [ 0.00365061  0.01938407  0.06358872 -0.00935624 -0.15421747 -0.07526874  0.08023556  0.10261986  0.02581102  0.01002695  0.00401348 -0.00299761  0.00549009 -0.05040127 -0.00100237]
 [-0.04738911 -0.05887531  0.09110545  0.09559969 -0.25040334 -0.13417138 -0.02057025  0.08144207  0.02441977  0.0357774   0.06873201 -0.03436334  0.11096506 -0.06038032 -0.17810921]
 [ 0.00200371  0.02875173  0.07078239 -0.03111472 -0.14992978 -0.06923259  0.10891689  0.1165535   0.01187296  0.01746401 -0.01064687  0.00080708 -0.00717467 -0.04653071  0.04340516]
 [ 0.00346909 -0.04042733  0.11222902  0.07449909 -0.22470543 -0.14273222 -0.0030537   0.11262082  0.01439975  0.01635682  0.06089191 -0.02075812  0.08267723 -0.05004776 -0.13725038]
 [-0.01173711 -0.05630563  0.11083852  0.09989335 -0.24127662 -0.15383399 -0.04117075  0.09730025  0.01422233  0.02829679  0.07610933 -0.0348425   0.10694314 -0.05166583 -0.19157608]
 [ 0.00716162 -0.05701733  0.13168305  0.09813533 -0.23808105 -0.16839243 -0.01362717  0.11788078  0.00476967  0.02602824  0.07628907 -0.02159151  0.10454598 -0.04647493 -0.1715561 ]]
R_hid(hidden representaion to predict r):
[[0.         0.         1.0253708  1.0878737  0.         0.         0.38728824 0.         0.         0.65673316 1.3490888  0.0095334  0.         2.2543137  0.        ]
 [0.         0.         0.         0.19762541 1.9125568  0.         1.5252997  0.11142509 0.8806615  1.5552552  1.4390591  0.         0.         0.49818975 2.1700194 ]
 [0.         0.25304574 0.         0.95473194 0.3852937  0.         0.8195391  0.         0.3845988  1.4843351  0.5766382  0.08013859 0.         0.38123545 0.21030627]
 [0.         0.16758212 0.         0.00830832 0.         0.         0.46963632 0.         0.         1.1375215  1.010096   0.54266346 0.12354528 0.27566242 0.24712113]
 [0.01505088 0.43501076 0.06246758 0.8636463  0.         0.         0.870517   0.0917886  0.         1.003849   0.879753   0.88448817 0.         1.3985599  0.16268522]
 [0.6522241  0.         0.         0.24373356 0.         0.19563858 1.4637882  1.0214758  0.         0.9251479  1.3449024  1.6475208  0.27853724 0.7001605  1.1126    ]
 [0.         0.         1.8641652  0.         0.         0.06478843 0.56331676 0.97770077 0.         0.         0.         1.2409552  0.         0.06630103 0.11661148]
 [2.4297545  0.         1.115583   0.         0.18712811 1.681408   0.60420525 0.7887     1.6309953  0.1890164  0.         1.6453495  2.017654   0.12422431 1.3831413 ]
 [0.82727075 0.         0.19697976 0.49084303 0.         0.04845668 0.         0.01289412 0.5853407  0.         0.03552705 0.41467386 0.42677474 0.45068613 0.7915581 ]
 [0.12915574 0.         0.49365583 0.36735895 0.         0.61596817 0.         0.07158802 0.         0.         0.         0.         0.         0.         0.        ]
 [0.02966072 0.8182682  0.         0.         2.6140113  1.1998755  0.         0.         0.731456   0.         0.57557374 0.         0.7076417  0.         0.        ]
 [0.         0.         1.4652655  0.         0.         0.07387405 0.         0.15395245 0.         0.         0.         0.         0.15407236 0.         0.        ]
 [0.         1.5441922  0.         0.13750699 0.01031735 0.57949084 0.         0.04296212 1.4290535  0.         0.         0.         0.4028873  0.         0.        ]
 [0.7584415  1.4625906  0.         0.7659024  0.         1.1151602  0.         1.0107349  0.         0.         0.         0.         0.733739   0.         0.        ]
 [0.94038355 1.5424459  0.         0.65761364 0.         0.5768431  0.         0.69657135 0.768147   0.         0.         0.         0.59766674 0.         0.        ]]
topics:
[[-0.25881886 -0.08300261 -0.10408188  0.05942393 -0.04863558  0.08109645  0.50499105  0.05137473  0.2058503   0.01892226 -0.04375318  0.06598852  0.1037589  -0.10512889  0.09674974]
 [ 0.10577491  0.08407941 -0.00789287  0.00815091  0.1269954  -0.14438371  0.08763827 -0.04596061 -0.08053448  0.16867939  0.01465588  0.04585895 -0.12660864 -0.18903577 -0.02257807]
 [ 0.06850775  0.08939391  0.22120199 -0.14055872 -0.10326625 -0.1284988   0.19992326  0.28997117 -0.1957926   0.13769808 -0.09818592 -0.0570852  -0.04441784  0.0854011   0.24879158]
 [-0.00464719 -0.19030824  0.19270168 -0.11742498 -0.6118591   0.00992922  0.07949978  0.06112213 -0.05512266 -0.19444045  0.11981738  0.13720965  0.02449029 -0.20017141  0.31102434]
 [ 0.3350344  -0.05109105  0.13010041 -0.18432605  0.03945876 -0.01757187 -0.05789696 -0.0785711   0.03157219 -0.10316334  0.10830959  0.11504526 -0.05719616  0.17907545 -0.10225683]
 [ 0.21581191  0.4626577  -0.11423252 -0.08480334  0.18273464 -0.07173888  0.33394468  0.16068389  0.11432607  0.03085741 -0.23752403 -0.15585063 -0.14403805  0.39524958  0.15106596]
 [-0.10350654  0.05509081 -0.0743565  -0.0253775  -0.13072099  0.01010544 -0.12445529 -0.06317107  0.08845704  0.06212141 -0.00413688 -0.08627908  0.00656317 -0.03933617 -0.1793517 ]
 [-0.21146925  0.2033214   0.04971108 -0.25173318 -0.05421942 -0.06034655 -0.09001193  0.02425369  0.10696562  0.25757718 -0.10067596  0.08268958 -0.1391973  -0.10180791 -0.19655457]
 [-0.00484997 -0.2101421   0.29302612  0.2967587  -0.43988815 -0.34698638 -0.01837293  0.23334816 -0.06492567  0.03610126  0.18560794 -0.01746435  0.2783592  -0.09520946 -0.30592862]
 [ 0.0326978   0.10244234 -0.13896634  0.15186721 -0.05052308  0.03164516 -0.08116456  0.255378    0.18940519 -0.24366982 -0.0490823  -0.18270136 -0.0613163  -0.23264687  0.00505806]]
R:
[[1.1226523e-02 4.3370458e-03 5.6824461e-04 9.8042160e-01 1.3386965e-04 2.0080670e-03 1.0655892e-04 3.1694397e-04 5.4230989e-04 3.3878020e-04]
 [1.0099299e-02 1.4514108e-02 1.0306025e-03 9.7074056e-01 1.4171211e-04 2.7544408e-03 2.3254583e-04 1.9417483e-04 1.0474517e-04 1.8777834e-04]
 [1.7676497e-02 5.9144655e-03 1.0334946e-03 9.6988636e-01 2.4427206e-04 3.8106246e-03 1.3250769e-04 4.2533886e-04 2.9433632e-04 5.8215350e-04]
 [7.8337118e-02 1.2725955e-02 5.8208210e-03 8.7911856e-01 1.2223335e-03 1.5212893e-02 9.6630765e-04 1.4494109e-03 1.6679832e-03 3.4786460e-03]
 [6.2838450e-02 7.2216284e-03 3.1164431e-03 9.1031396e-01 8.7853946e-04 9.7434875e-03 3.2807994e-04 1.1551735e-03 1.1806886e-03 3.2235333e-03]
 [1.2650858e-01 6.0187350e-03 1.4823705e-03 8.5930467e-01 2.8800493e-04 4.4180029e-03 9.6676602e-05 2.2767579e-04 3.2968135e-04 1.3256499e-03]
 [4.8037952e-01 2.6029706e-02 3.4407850e-02 2.7501646e-01 1.1013501e-02 7.1104050e-02 4.1429629e-03 1.8758701e-02 3.7467424e-02 4.1679781e-02]
 [7.5397515e-01 5.7508112e-03 8.5356683e-03 1.0420420e-01 2.1994072e-03 1.1678185e-02 1.0179427e-02 2.0983559e-03 9.1009535e-02 1.0369226e-02]
 [6.2254083e-01 1.4360544e-02 3.0488081e-02 1.5094663e-01 1.6643278e-02 4.7731873e-02 2.0381004e-02 2.1092564e-02 5.2082155e-02 2.3733063e-02]
 [1.0024621e-01 8.3705366e-02 1.0169772e-01 1.3030824e-01 7.1160793e-02 7.9218112e-02 9.2048511e-02 9.2825867e-02 1.4738992e-01 1.0139926e-01]
 [5.8625523e-02 6.7219967e-03 1.5701711e-02 3.4958523e-02 2.9429873e-02 1.7161962e-02 4.0518945e-01 1.9112853e-02 3.9761630e-01 1.5481791e-02]
 [1.1353309e-01 8.5238770e-02 1.6974784e-01 1.4863463e-01 5.4029286e-02 7.8853682e-02 5.0856989e-02 9.9238969e-02 1.0574874e-01 9.4118044e-02]
 [3.1169867e-02 2.7023122e-02 4.0625829e-02 5.3617358e-02 8.7854274e-02 4.4167038e-02 1.9868091e-01 6.0628515e-02 3.8228363e-01 7.3949479e-02]
 [1.0489288e-02 1.4281833e-02 2.1499839e-02 1.5059030e-02 7.4554019e-02 2.1027068e-02 3.3266994e-01 3.0531868e-02 4.3286476e-01 4.7022406e-02]
 [2.0010976e-02 2.8214987e-02 3.3715952e-02 2.5654910e-02 9.3285576e-02 3.8250569e-02 2.0203593e-01 5.1609159e-02 4.5547932e-01 5.1742580e-02]]
cosine similarity of topic:
[[ 1.00000000e+00  2.78611315e-05  1.74074412e-05  9.58387245e-05 -5.37895758e-05 -5.24289862e-05  1.84243017e-05  1.05611862e-05 -1.06826583e-05 -4.04119819e-05]
 [ 2.78611315e-05  1.00000024e+00  1.17927055e-04 -4.63389733e-05  1.55897487e-05  3.30935909e-05  4.53958673e-05 -1.63099241e-06 -1.45197671e-04  1.05996751e-05]
 [ 1.74074412e-05  1.17927055e-04  9.99999762e-01 -1.93787764e-05  3.81634982e-06 -1.24043814e-04 -8.32138758e-05  1.88020713e-05 -2.19064295e-05  3.15405669e-05]
 [ 9.58387245e-05 -4.63389733e-05 -1.93787764e-05  1.00000000e+00 -4.39133255e-05 -7.78108370e-05 -5.52696511e-05 -6.90911329e-05 -6.69700021e-05  8.18263015e-06]
 [-5.37895758e-05  1.55897487e-05  3.81634982e-06 -4.39133255e-05  9.99999821e-01  9.75719831e-06 -6.46692206e-05  4.84198199e-06 -5.60563058e-05  6.27108820e-05]
 [-5.24289862e-05  3.30935909e-05 -1.24043814e-04 -7.78108370e-05  9.75719831e-06  9.99999762e-01  5.97933686e-05 -9.04138869e-05 -4.96357534e-05  2.49926779e-05]
 [ 1.84243017e-05  4.53958673e-05 -8.32138758e-05 -5.52696511e-05 -6.46692206e-05  5.97933686e-05  1.00000024e+00 -1.29074848e-04 -7.05046796e-06  6.54715695e-05]
 [ 1.05611862e-05 -1.63099241e-06  1.88020713e-05 -6.90911329e-05  4.84198199e-06 -9.04138869e-05 -1.29074848e-04  1.00000012e+00 -5.57825697e-05 -5.95420570e-05]
 [-1.06826583e-05 -1.45197671e-04 -2.19064295e-05 -6.69700021e-05 -5.60563058e-05 -4.96357534e-05 -7.05046796e-06 -5.57825697e-05  1.00000024e+00  3.56346463e-05]
 [-4.04119819e-05  1.05996751e-05  3.15405669e-05  8.18263015e-06  6.27108820e-05  2.49926779e-05  6.54715695e-05 -5.95420570e-05  3.56346463e-05  1.00000024e+00]]
