hidden representaion(r*topic):
[[-0.158533    0.09949856  0.0079461  -0.24257654 -0.01273424  0.14352326  0.36764112 -0.24409059  0.07641258 -0.2667802   0.09707972 -0.21484064  0.3185748   0.21779034  0.03451533]
 [-0.10858144  0.17835964 -0.02296379 -0.33611345 -0.01526428  0.21011515  0.43777442 -0.32233056  0.12418496 -0.43242368  0.14279614 -0.25736988  0.33800015  0.2794755   0.08867775]
 [-0.10482768  0.18134995 -0.02643228 -0.3422266  -0.01425293  0.21591167  0.44679964 -0.32870495  0.12781355 -0.4427299   0.14623894 -0.2631917   0.33916003  0.28146005  0.09164924]
 [-0.10473632  0.1633102  -0.00568606 -0.29668373  0.01857853  0.190902    0.39483878 -0.27976927  0.16147587 -0.379737    0.15433678 -0.20547712  0.3132177   0.22542284  0.07776868]
 [-0.29577714 -0.06055611  0.01417473 -0.114105    0.00705457  0.06149859  0.3599191  -0.13339403  0.04508143  0.02132923  0.06630715 -0.2782321   0.291635    0.12068607 -0.04994255]
 [-0.22300284  0.0319793  -0.00092901 -0.19819897 -0.00278019  0.12777726  0.39041823 -0.20775074  0.06326676 -0.15330122  0.09342282 -0.27407658  0.3084438   0.1803055   0.00225009]
 [-0.31103474 -0.07573713  0.01234649 -0.11073656  0.00304128  0.04658118  0.3676985  -0.13037214  0.04562767  0.03908928  0.06232775 -0.29228255  0.29596376  0.12404322 -0.05600648]
 [-0.2857502  -0.04563278  0.01029606 -0.13331416  0.0018855   0.06634707  0.36921528 -0.1491961   0.04873975 -0.01012613  0.06855942 -0.280494    0.29803342  0.13794437 -0.03967011]
 [-0.1761964   0.0700149   0.02382254 -0.20290622 -0.00275611  0.11734036  0.33708286 -0.20710051  0.06230383 -0.19446343  0.08442744 -0.19550163  0.30900076  0.1946321   0.01814191]
 [-0.14701678  0.10259797  0.01794665 -0.23474662 -0.0078793   0.14077425  0.3564877  -0.23678021  0.07451224 -0.26619872  0.09387142 -0.1973723   0.31843722  0.21841976  0.03527149]
 [-0.24245462  0.00942072  0.01365906 -0.14879839  0.00303146  0.11231598  0.3271462  -0.16103187  0.01537122 -0.05231542  0.06846382 -0.22348405  0.2813012   0.1336399  -0.01327749]
 [-0.19279888  0.04590181  0.03313476 -0.17728716  0.00228099  0.09607202  0.3135058  -0.18282117  0.04674449 -0.14234127  0.07004219 -0.18175656  0.30042976  0.17280295  0.00171957]
 [-0.07596911  0.05675488  0.16922197 -0.07560604  0.02884807 -0.00210299  0.08041446 -0.09636958 -0.05262057 -0.10079082 -0.02765542  0.09160095  0.29238728  0.15711987 -0.02694799]
 [-0.28100595 -0.04413339  0.01684877 -0.12165727  0.00766392  0.06595651  0.34810504 -0.13725127  0.04354013  0.00493071  0.06558931 -0.25685453  0.2892498   0.12355123 -0.04104981]
 [-0.32742596 -0.11229651  0.03719481 -0.02765999  0.02367733  0.05903174  0.29307026 -0.06632458 -0.02543333  0.16187307  0.03883928 -0.24792296  0.25817996  0.04718489 -0.09031453]]
R_hid(hidden representaion to predict r):
[[ 1.31884322e-01  2.84493752e-02 -8.31939340e-01 -3.53548098e+00 -2.66179991e+00  1.47656322e-01 -7.23311007e-01 -3.81076559e-02 -2.08502483e+00 -4.04621959e-01 -1.27562195e-01  2.63932276e+00 -2.21659899e+00  3.50241140e-02  2.73051643e+00]
 [-6.74514651e-01  1.56680599e-01 -2.26712227e-01 -2.64554596e+00 -1.07632685e+00  6.18015885e-01 -2.23555541e+00  9.16931629e-01 -9.38799024e-01 -4.72656265e-03 -7.75558650e-02  9.31696534e-01 -3.79093170e+00  8.94505978e-02  5.25676775e+00]
 [ 9.79404092e-01 -1.31768972e-01  4.04790908e-01 -9.60068345e-01  4.28511500e-02  1.64006457e-01 -9.08829749e-01  1.02221119e+00 -3.30089569e+00 -2.33410478e-01 -7.59193122e-01  4.85167354e-01 -4.51018476e+00 -6.66433573e-03  5.81573486e+00]
 [ 8.83211970e-01  1.56016111e-01  2.42870593e+00  3.70963144e+00  3.85642862e+00 -2.63317609e+00 -1.24077417e-01  2.94019532e+00 -1.15312362e+00 -3.30643892e-01  5.53716421e-01 -2.07620454e+00 -7.77226925e+00 -1.60858130e+00  1.64425814e+00]
 [-1.84165931e+00  1.01749510e-01 -1.92455202e-01 -1.05084229e+00  2.09959316e+00 -6.26790375e-02  4.51402217e-02  7.81508088e-02  5.83758950e-02 -3.08924913e-02 -2.13934898e-01 -1.92450035e+00 -1.81043887e+00 -1.85468912e+00  3.28199053e+00]
 [-6.44338250e-01 -5.21165878e-02 -3.09289813e-01 -8.05686653e-01  1.88705921e-02  3.76582354e-01 -1.14136386e+00  6.49690270e-01  8.30058515e-01 -1.10753439e-03 -8.07868242e-01 -1.41020751e+00 -2.28153944e+00 -1.45014715e+00  3.95126367e+00]
 [-8.83799642e-02  4.27939370e-02  1.10820726e-01 -4.91593301e-01  2.89717484e+00  7.24797249e-01  9.58398998e-01  2.62928009e-03 -3.44195366e-02 -2.26846963e-01 -3.53501320e-01 -2.24838781e+00 -1.63583755e+00 -2.02390146e+00  8.30285263e+00]
 [-6.60406709e-01  5.25946915e-03 -3.08541179e-01 -1.25482690e+00  5.53681612e-01  3.11183453e-01  3.86248589e-01  2.83868492e-01  2.56700069e-01 -3.46002221e-01 -5.05691886e-01 -1.34450519e+00 -1.17292130e+00 -6.43231213e-01  2.29999542e+00]
 [ 1.36984393e-01 -5.17261922e-01 -7.17840791e-02 -1.96779537e+00  2.85618842e-01  9.85390484e-01  5.45533895e-02 -3.78817953e-02 -1.53532314e+00 -2.67999351e-01 -1.16757131e+00 -1.21886826e+00 -8.64131331e-01 -6.72066569e-01  3.54658461e+00]
 [-3.17571330e+00  3.80422652e-01 -1.02106369e+00 -1.96248186e+00  1.04997551e+00  5.91893911e-01  1.78319871e-01  3.98596346e-01 -1.96583629e-01  1.01634002e+00 -6.05945110e-01  1.60616684e+00 -6.75661564e-01  5.91786683e-01  2.57364464e+00]
 [ 2.24138319e-01 -1.95574731e-01 -2.97704458e-01 -1.20264077e+00 -1.99490577e-01  1.12360454e+00 -1.12231755e+00  7.17530072e-01  1.20271564e-01 -2.91997612e-01 -1.20089367e-01 -1.22267437e+00 -2.10340357e+00 -1.70332575e+00  1.82153058e+00]
 [-8.16002011e-01  6.84917092e-01  3.27054858e-01 -1.24913323e+00 -1.34445703e+00  6.11148357e-01  1.81116462e-02 -5.47252148e-02  7.24436402e-01  1.29490352e+00 -3.23842019e-02  4.66478288e-01 -1.01151013e+00  5.15540004e-01  1.05140710e+00]
 [-2.37827390e-01  1.31148720e+00 -2.28877354e+00 -2.06490421e+00 -5.26593208e-01  1.64164829e+00  3.06685925e-01  1.34338260e-01 -8.99084806e-01  6.09725714e-02 -1.63426375e+00  2.63497400e+00 -7.72193551e-01  5.73648453e-01  4.02438116e+00]
 [-1.73270988e+00 -6.05978072e-02 -5.61518848e-01 -1.54174840e+00  1.00549984e+00  5.57221062e-02  4.01137352e-01  6.02401435e-01  2.83613682e-01  1.10128336e-01 -2.08793938e-01 -1.11881638e+00 -1.08677304e+00 -9.60428655e-01  2.41876960e+00]
 [-1.07908770e-01  8.45685229e-02 -2.24219337e-01 -9.12041187e-01 -1.14624165e-01 -3.16500485e-01  7.01109171e-02  2.15037727e+00  6.39322877e-01 -1.39718596e-02 -9.95541811e-02 -1.99671078e+00 -1.43293977e+00 -3.21981955e+00  7.62602687e-01]]
topics:
[[-0.09677338  0.19200946 -0.0286117  -0.35331276 -0.01527324  0.22189239  0.45218274 -0.33802202  0.1337759  -0.46445978  0.15078975 -0.2640594   0.34206748  0.28999683  0.09839688]
 [-0.2651778   0.5780634  -0.17294678 -0.30827484 -0.42858443  0.0547626   0.04005853  0.05572303 -0.2638296   0.4182505  -0.30283624  0.7534736   0.04739652  0.18765393  0.45259428]
 [ 0.21158934 -0.05256895  0.26563337 -0.20242107  0.46223885 -0.03262711  0.5096211  -0.06480702 -0.04308286 -0.1915632  -0.21022339  0.08944371  0.2646981   0.05253296 -0.04703091]
 [-0.14615113 -0.03907458  0.1773622   0.1357404   0.29281706 -0.04602281 -0.05634499  0.17288844  0.41092873  0.24833454  0.19742878  0.2713359   0.08692928 -0.2753039  -0.07126549]
 [ 0.11219194  0.25042525  0.15987371  0.17357111  0.14946888  0.90248626 -0.06207085 -0.04725396 -0.60343665 -0.16284135  0.05632509  0.03402352  0.04152396 -0.26446238 -0.09605089]
 [-0.4469048  -0.23971456  0.02950907  0.02382224  0.00386882 -0.05582669  0.3403264  -0.01901165 -0.01336386  0.32858443  0.00722321 -0.33771586  0.278429    0.04119646 -0.1491491 ]
 [-0.69353217  0.46499422  0.07367469 -0.37623623 -0.20935266  0.02740468 -0.41592613 -0.0146024  -0.02089942 -0.1739068   0.16627549 -0.08337155  0.20262973  0.45561856  0.10760875]
 [-0.01158942 -0.02357391  0.34651196  0.2356157  -0.08247178 -0.04538841 -0.15172255  0.04073467 -0.130707   -0.08007813 -0.10038665  0.2418363   0.35704803  0.13727795 -0.20970789]
 [-0.09050445  0.05729524  0.07529686 -0.38405505  0.13686417 -0.3644148  -0.23548701 -0.3647288  -0.33266503  0.38754418  0.11254601  0.19631216  0.3181588   0.5363077   0.48606843]
 [-0.21328877 -0.0927738  -0.1205442  -0.24437544  0.05496463 -0.03104264  0.09879985 -0.2592306   0.09766275 -0.01487057 -0.04573551  0.18648149  0.04695204 -0.47195622 -0.1716895 ]]
R:
[[6.96604490e-01 1.05653219e-02 1.07723689e-02 2.70522689e-03 5.30102896e-03 1.77217022e-01 8.95726308e-03 6.13320135e-02 8.03583395e-03 1.85094159e-02]
 [9.50529456e-01 1.77361141e-03 1.69712107e-03 5.17449284e-04 1.62688538e-03 2.96939127e-02 4.09348588e-03 7.67675741e-03 9.54146846e-04 1.43708719e-03]
 [9.69832182e-01 6.09711220e-04 6.21880696e-04 2.61448411e-04 2.43635266e-03 2.41137072e-02 2.05092307e-04 5.98741695e-04 2.33405532e-04 1.08746951e-03]
 [8.81000996e-01 4.55671507e-05 1.20200020e-05 1.08293995e-01 1.16992532e-03 7.76588032e-03 7.60069088e-06 1.14023624e-05 5.18891844e-04 1.17366901e-03]
 [3.73179704e-01 3.37804854e-03 1.05350302e-03 3.15899812e-02 1.41277658e-02 5.70057988e-01 7.45378144e-04 1.47030049e-03 2.24001263e-03 2.15732725e-03]
 [5.90492785e-01 2.79188389e-03 1.50086486e-03 7.64349056e-03 2.05451678e-02 3.68496686e-01 1.57035375e-03 1.72359799e-03 2.31813267e-03 2.91696610e-03]
 [3.59074861e-01 1.78599870e-03 7.00898177e-04 2.10854374e-02 2.84219440e-03 6.08820021e-01 9.21473606e-04 1.54017855e-03 1.89300813e-03 1.33595557e-03]
 [4.14213449e-01 4.25244449e-03 3.31324595e-03 1.86927244e-02 7.42575061e-03 5.39229393e-01 1.93064206e-03 4.56860708e-03 3.22210323e-03 3.15162027e-03]
 [5.93045115e-01 1.34499269e-02 1.84430741e-02 2.38316208e-02 9.42335464e-03 2.32978076e-01 1.18608084e-02 7.16030449e-02 1.52250677e-02 1.01398472e-02]
 [6.85708046e-01 1.27780363e-02 1.88748967e-02 1.30784763e-02 5.95265022e-03 1.57969862e-01 7.75707327e-03 7.71019086e-02 1.04460213e-02 1.03330584e-02]
 [4.26210046e-01 2.06888393e-02 6.28011161e-03 1.88634731e-02 5.34874275e-02 4.20484960e-01 1.03613446e-02 9.60083492e-03 1.77162867e-02 1.63065754e-02]
 [5.06605566e-01 1.42479492e-02 2.80051716e-02 2.46313922e-02 1.21243633e-02 2.76816458e-01 1.89230032e-02 8.01122189e-02 1.87399127e-02 1.97939798e-02]
 [1.96212322e-01 3.14138234e-02 1.44785151e-01 2.51873974e-02 5.63640101e-03 3.49041335e-02 5.56406491e-02 3.80392551e-01 7.49005824e-02 5.09269945e-02]
 [3.81981313e-01 8.54654610e-03 5.72010595e-03 3.55254449e-02 1.63126998e-02 5.25866747e-01 3.68413911e-03 9.65929590e-03 6.24356233e-03 6.46019541e-03]
 [1.50096640e-01 8.18749424e-03 3.18066822e-03 4.27680500e-02 7.85425603e-02 6.90609753e-01 3.89502966e-03 3.09036695e-03 1.30067812e-02 6.62264554e-03]]
cosine similarity of topic:
[[ 1.00000000e+00 -3.37649399e-05 -1.29091341e-05  2.46237760e-05  2.39119836e-05 -5.61598199e-06  3.04771838e-05  4.29556167e-05  4.70724481e-05 -3.62652172e-05]
 [-3.37649399e-05  1.00000048e+00  1.12103316e-05 -1.53174587e-05  1.33628510e-06  3.53796277e-05 -2.66985699e-05 -2.13907824e-05 -3.48599024e-05 -5.20017466e-06]
 [-1.29091341e-05  1.12103316e-05  1.00000000e+00  1.27933463e-05 -8.80367406e-06 -8.19742672e-06  9.88360171e-07  3.41907912e-06  3.22276828e-05  7.27063161e-05]
 [ 2.46237760e-05 -1.53174587e-05  1.27933463e-05  9.99999821e-01 -3.37300371e-05  3.67531652e-06  5.15934225e-05  1.42874505e-05  3.53619507e-05 -1.32354049e-04]
 [ 2.39119836e-05  1.33628510e-06 -8.80367406e-06 -3.37300371e-05  1.00000000e+00 -7.01637873e-06  4.85432465e-05  8.28022803e-06  4.23619240e-05  3.65753090e-06]
 [-5.61598199e-06  3.53796277e-05 -8.19742672e-06  3.67531652e-06 -7.01637873e-06  9.99999762e-01  2.07072771e-05  5.29732897e-05  5.66012131e-05  2.03781619e-05]
 [ 3.04771838e-05 -2.66985699e-05  9.88360171e-07  5.15934225e-05  4.85432465e-05  2.07072771e-05  1.00000012e+00  4.62223579e-05 -3.16784135e-05 -3.12203883e-05]
 [ 4.29556167e-05 -2.13907824e-05  3.41907912e-06  1.42874505e-05  8.28022803e-06  5.29732897e-05  4.62223579e-05  1.00000024e+00 -4.42397650e-05 -2.85103924e-05]
 [ 4.70724481e-05 -3.48599024e-05  3.22276828e-05  3.53619507e-05  4.23619240e-05  5.66012131e-05 -3.16784135e-05 -4.42397650e-05  9.99999762e-01  6.91971145e-05]
 [-3.62652172e-05 -5.20017466e-06  7.27063161e-05 -1.32354049e-04  3.65753090e-06  2.03781619e-05 -3.12203883e-05 -2.85103924e-05  6.91971145e-05  1.00000012e+00]]
