hidden representaion(r*topic):
[[ 1.68551062e-03  1.63802132e-01  2.67291576e-01  1.01299204e-01  1.05836749e-01  1.71075791e-01 -6.57172650e-02 -4.45922792e-01  3.23945731e-02  2.23373845e-02  1.70555506e-02  1.62299201e-02 -1.04871422e-01 -3.60047035e-02 -2.63334438e-02 -7.91365132e-02]
 [ 7.91259110e-02  1.28046215e-01  3.30728404e-02  3.00029442e-02  1.93732768e-01  8.99631530e-02 -1.67766884e-01 -2.63456553e-01  1.02836259e-01 -1.57886334e-02 -1.38486966e-01  1.55277997e-02 -9.87260491e-02 -8.56597573e-02 -4.51049022e-02 -1.85921043e-02]
 [ 4.09936607e-01  3.67662519e-01 -7.71573000e-03  1.49482787e-01  7.52943903e-02  3.20638657e-01 -6.34455532e-02 -2.81215429e-01 -2.28445992e-01  1.49475439e-02  1.15545735e-01  1.17579937e-01 -1.06669314e-01 -4.75865602e-02 -5.10182939e-02 -1.75445586e-01]
 [ 1.47294313e-01  2.40554824e-01  1.40601948e-01  8.36791992e-02  8.67443234e-02  1.81450382e-01 -8.20587873e-02 -3.87128323e-01 -4.76024896e-02  2.38214321e-02  7.62028247e-03 -1.69973820e-04 -1.29022628e-01 -7.89979771e-02 -6.79848865e-02 -1.36545658e-01]
 [ 1.37993455e-01  2.07008243e-01  3.79927047e-02  2.37905785e-01  1.83097422e-01  2.18884334e-01 -1.03601061e-01 -2.18138322e-01  2.22833920e-02 -3.25657129e-02 -8.19351524e-04  1.26670793e-01 -3.30443904e-02  4.66296449e-03  4.06113043e-02 -1.87001321e-02]
 [ 4.96581286e-01  4.22881424e-01 -9.19772312e-02  3.08758020e-01  9.25835446e-02  3.83327484e-01 -6.54158667e-02 -1.99557692e-01 -2.77974576e-01 -1.26651758e-02  1.63432941e-01  2.20034450e-01 -5.55850901e-02 -1.21121807e-02 -3.18255275e-03 -1.68609768e-01]
 [ 3.23521495e-02  1.40099555e-01 -6.99553341e-02  1.88262820e-01  2.30086252e-01  5.47567084e-02 -1.95417807e-01 -1.59931526e-01  1.85034260e-01 -5.95570989e-02 -1.76437199e-01  3.40987518e-02 -3.67749780e-02 -9.21991616e-02  2.18101591e-02  4.34468910e-02]
 [ 7.60752633e-02  1.75205946e-01  1.46365047e-01 -2.55290195e-02  1.13629170e-01  9.06918496e-02 -1.29838824e-01 -4.21601236e-01  3.80302779e-02  3.18145007e-02 -8.21172893e-02 -3.94142270e-02 -1.66505218e-01 -1.28617227e-01 -1.05554067e-01 -1.20172441e-01]
 [ 6.89792991e-01  5.07449806e-01 -2.84582257e-01  4.67389315e-01  1.31198749e-01  4.86735255e-01 -7.08976090e-02 -1.26640089e-02 -3.70116591e-01 -5.71847297e-02  2.13716581e-01  3.48565787e-01  1.95378438e-02  3.83782461e-02  5.88713475e-02 -1.38063356e-01]
 [ 6.18380308e-01  4.81846362e-01 -2.32707307e-01  4.21770751e-01  1.23076074e-01  4.41333890e-01 -7.48376995e-02 -6.62298948e-02 -3.25021058e-01 -3.86504121e-02  1.79845944e-01  2.98356473e-01 -8.53757374e-03  1.88199785e-02  3.79844159e-02 -1.54086724e-01]
 [ 2.09518686e-01  2.97482908e-01  2.45228425e-01 -7.43702129e-02 -1.80778131e-02  2.13460326e-01 -3.03738583e-02 -5.51855505e-01 -1.74573705e-01  6.32927120e-02  1.13455094e-01 -6.40575439e-02 -2.02996388e-01 -1.41846567e-01 -1.39254212e-01 -2.16549620e-01]
 [ 7.75359035e-01  5.40867984e-01 -3.83142531e-01  5.46898067e-01  1.66535154e-01  5.35506606e-01 -7.89143294e-02  8.66438374e-02 -3.98739606e-01 -7.92558640e-02  2.35258877e-01  4.32397008e-01  5.03536239e-02  7.34457970e-02  9.45198312e-02 -1.23098910e-01]
 [ 5.38658559e-01  4.26096827e-01 -2.06320137e-01  4.43871677e-01  1.58335999e-01  4.24199462e-01 -7.94008672e-02 -5.05663864e-02 -2.56787062e-01 -5.86446449e-02  1.63672239e-01  3.16932350e-01  2.00591572e-02  4.40815948e-02  7.22536743e-02 -9.23768431e-02]
 [ 3.97966534e-01  3.32021832e-01 -1.31364629e-01  2.48169363e-01  1.64844096e-01  3.45098466e-01 -8.26491043e-02 -1.10681415e-01 -1.51675224e-01 -6.33527562e-02  1.29765898e-01  2.27950409e-01 -9.87869129e-03  9.47508030e-04  6.47888705e-02 -1.41160060e-02]
 [ 2.71467209e-01  2.61841178e-01 -3.50106694e-02  2.29349390e-01  1.70075595e-01  2.74316132e-01 -8.42440575e-02 -1.61877513e-01 -7.73693323e-02 -5.17468601e-02  5.50444871e-02  1.47364765e-01 -4.47258502e-02  1.00907385e-02  1.83718558e-02 -5.35922572e-02]
 [ 5.75204730e-01  4.54908788e-01 -2.77882338e-01  5.23630440e-01  1.67345122e-01  4.11797017e-01 -1.06657609e-01  3.06644221e-03 -2.58650720e-01 -5.81888184e-02  1.16588540e-01  3.20144624e-01  2.78019272e-02  4.04487997e-02  6.57950044e-02 -1.27011254e-01]]
R_hid(hidden representaion to predict r):
[[2.8942862e-01 4.3885118e-01 0.0000000e+00 0.0000000e+00 0.0000000e+00 6.3527721e-01 8.7992120e-01 0.0000000e+00 1.5688212e+00 0.0000000e+00 0.0000000e+00 0.0000000e+00 0.0000000e+00 2.8509572e-01 9.0258366e-01 1.9527649e+00]
 [0.0000000e+00 0.0000000e+00 1.1033069e+00 1.0051454e+00 7.6053870e-01 0.0000000e+00 0.0000000e+00 4.1559417e-02 0.0000000e+00 4.1015154e-01 1.5753917e-01 4.5267585e-01 1.7052814e+00 1.5082403e-01 0.0000000e+00 5.8387136e-01]
 [0.0000000e+00 6.9029003e-01 1.2258576e-01 0.0000000e+00 1.1486994e+00 0.0000000e+00 0.0000000e+00 0.0000000e+00 1.1760571e+00 1.9282047e-01 1.1442350e+00 1.3355861e+00 3.3663431e-01 0.0000000e+00 0.0000000e+00 0.0000000e+00]
 [1.4739755e+00 9.3434733e-01 0.0000000e+00 0.0000000e+00 0.0000000e+00 2.5866797e-02 0.0000000e+00 8.6687887e-01 0.0000000e+00 0.0000000e+00 0.0000000e+00 1.0113194e-01 0.0000000e+00 0.0000000e+00 3.1439495e-01 0.0000000e+00]
 [1.0919513e+00 0.0000000e+00 0.0000000e+00 8.2136130e-01 0.0000000e+00 7.0594364e-01 1.7627550e+00 0.0000000e+00 6.1676514e-01 0.0000000e+00 0.0000000e+00 0.0000000e+00 0.0000000e+00 5.5286121e-01 0.0000000e+00 1.2562040e+00]
 [2.4844114e-01 0.0000000e+00 0.0000000e+00 6.5910578e-01 1.7531250e+00 1.3321983e+00 1.3281290e-01 7.5833076e-01 0.0000000e+00 2.1283651e-02 5.9948868e-01 1.0624827e+00 5.1514244e-01 0.0000000e+00 6.0880572e-01 5.3876340e-01]
 [3.8303021e-01 0.0000000e+00 0.0000000e+00 1.8247045e+00 1.0408635e+00 1.3820809e+00 0.0000000e+00 1.6312773e+00 0.0000000e+00 1.3724731e+00 1.4958927e-01 3.6753073e-01 0.0000000e+00 0.0000000e+00 1.5705924e-01 1.9028579e-01]
 [0.0000000e+00 0.0000000e+00 1.3499521e+00 1.7030904e+00 0.0000000e+00 0.0000000e+00 7.8743607e-01 1.4646696e+00 4.0427050e-01 0.0000000e+00 1.4309669e+00 8.2319945e-02 1.7242800e-01 9.1417509e-01 0.0000000e+00 1.2852372e-01]
 [0.0000000e+00 8.5808831e-01 6.4144933e-01 0.0000000e+00 1.3166026e+00 0.0000000e+00 5.8333427e-01 7.3271304e-01 0.0000000e+00 6.7527914e-01 0.0000000e+00 0.0000000e+00 0.0000000e+00 5.0931370e-01 1.4594576e+00 4.5107320e-01]
 [2.2583766e-01 0.0000000e+00 1.0143137e+00 0.0000000e+00 0.0000000e+00 0.0000000e+00 3.6445707e-01 0.0000000e+00 1.6146541e+00 4.6121305e-01 0.0000000e+00 2.8329462e-01 1.6769964e+00 0.0000000e+00 7.0060354e-01 0.0000000e+00]
 [6.7587173e-01 0.0000000e+00 9.4073033e-01 0.0000000e+00 3.2581988e-01 7.5374395e-01 0.0000000e+00 2.0018949e-01 0.0000000e+00 0.0000000e+00 4.3039209e-01 1.0363040e+00 1.4179068e+00 0.0000000e+00 0.0000000e+00 0.0000000e+00]
 [1.7174610e-01 6.0045909e-02 3.6424688e-01 0.0000000e+00 0.0000000e+00 5.7345885e-01 1.1419581e+00 3.6864004e-01 0.0000000e+00 0.0000000e+00 0.0000000e+00 2.3888837e-01 3.4481677e-01 1.2604051e+00 7.0347422e-01 0.0000000e+00]
 [0.0000000e+00 1.7448148e-01 0.0000000e+00 1.0268837e+00 7.2252870e-01 1.0697206e+00 0.0000000e+00 1.9009942e-01 0.0000000e+00 2.7258432e-01 2.0073504e+00 0.0000000e+00 0.0000000e+00 1.4090996e+00 0.0000000e+00 0.0000000e+00]
 [0.0000000e+00 2.1783619e+00 0.0000000e+00 0.0000000e+00 0.0000000e+00 8.1832212e-01 0.0000000e+00 3.2702479e-01 0.0000000e+00 1.8885206e+00 0.0000000e+00 0.0000000e+00 0.0000000e+00 6.6014481e-01 0.0000000e+00 0.0000000e+00]
 [1.9158003e+00 7.6018524e-01 7.0253640e-01 0.0000000e+00 0.0000000e+00 0.0000000e+00 2.7578535e-02 0.0000000e+00 1.1457829e+00 4.4661743e-04 0.0000000e+00 9.7029459e-01 5.6990623e-01 9.1423017e-01 3.8945711e-01 1.7907466e-01]
 [3.1946930e-01 0.0000000e+00 1.0398462e+00 0.0000000e+00 1.4462800e-01 0.0000000e+00 0.0000000e+00 0.0000000e+00 6.8824762e-01 6.7338955e-01 9.5794088e-01 3.9108270e-01 0.0000000e+00 0.0000000e+00 1.4072751e+00 1.3413798e+00]]
topics:
[[ 0.20314735  0.21341793 -0.29280567  0.05499042  0.15319744  0.04547096 -0.17641614 -0.17568436  0.06406943 -0.31148195  0.15007113  0.1213047   0.07486722 -0.39915177  0.09751978  0.41959226]
 [ 0.41980395  0.14782652  0.07474988  0.17766333 -0.19462761  0.3778662   0.03712871  0.05802328 -0.45414335 -0.16448195 -0.14602086 -0.6587744   0.490259   -0.04919982  0.00518393  0.36396086]
 [ 0.17888318  0.3222496   0.22778721  0.0753965   0.2954456  -0.04221432  0.78694516 -0.66136694  0.08811616 -0.41040805  0.48439184 -0.34453142 -0.1992281  -0.4339202  -0.42254198  0.3978506 ]
 [ 1.0338342   0.69138896 -0.57297826  0.7723181   0.1669777   0.68012255 -0.07261673  0.24666035 -0.5664691  -0.10178288  0.32566622  0.58118904  0.11628077  0.12759104  0.14514256 -0.16625495]
 [-0.46960086 -0.03608094 -0.14708741  0.8097414   0.41034922 -0.34956336 -0.42821917 -0.03430302  0.7246536  -0.05548266 -0.7712947  -0.07568827  0.07949848 -0.10905952  0.04985882  0.03360882]
 [ 0.1761697   0.32958674  0.49737266 -0.316175   -0.16398372  0.20742993  0.0419622  -0.8642241  -0.2785038   0.15681225  0.2058653  -0.20270905 -0.33328187 -0.22388363 -0.25728282 -0.35458136]
 [-0.05245529 -0.02301962  0.21670927  0.40041575  0.162816    0.19014587 -0.06551202  0.05355903 -0.0533953  -0.22554904 -0.05534809 -0.12485877 -0.17475697  0.30752477 -0.18670474 -0.41053265]
 [-0.21271645 -0.0512284   0.21032044  0.46121785  0.37991536  0.25537133 -0.09535819 -0.08622106  0.3025557  -0.09898193 -0.03245681  0.32018545  0.13217336  0.2756132   0.25850025  0.23008807]
 [-0.11910261  0.39837453 -0.08555997 -0.74025077  0.11119761  0.23173909  0.06575595 -0.08698431  0.35373002  0.24247023  0.05628449 -0.37963158 -0.27533624 -0.03087107  0.30575883  0.07133351]
 [ 0.47365952 -0.36540353 -0.28616107 -0.9804284   0.7682689   0.20465226 -0.51806176  0.13741183  0.17947619 -0.00974372 -0.3301247   0.7659303  -0.39563316  0.24319802 -0.1572642   0.05962313]]
R:
[[0.03244322 0.0056773  0.00231742 0.02575739 0.10691765 0.47874105 0.00510481 0.33006632 0.00696809 0.00600679]
 [0.09775393 0.0569386  0.01425923 0.05175255 0.24323738 0.29348475 0.01233872 0.05424273 0.04950264 0.12648942]
 [0.01217306 0.02711921 0.00999161 0.33602205 0.08489509 0.41290465 0.01350408 0.02373808 0.03027216 0.04938005]
 [0.03390453 0.02144678 0.00953531 0.12687626 0.15568216 0.459505   0.026484   0.09973178 0.03098494 0.03584927]
 [0.06399806 0.01736419 0.00876393 0.17393455 0.13352099 0.25430667 0.01479421 0.26407343 0.03649553 0.03274843]
 [0.02575098 0.00377052 0.00238001 0.45167154 0.06606209 0.3462136  0.00929941 0.07032265 0.0063323  0.01819696]
 [0.1753163  0.03464674 0.00848086 0.08150597 0.30633387 0.15657668 0.0270346  0.06092704 0.07355253 0.07562542]
 [0.0652121  0.02283858 0.01125499 0.0386846  0.227905   0.47919887 0.01082131 0.02259293 0.03093139 0.09056016]
 [0.03325792 0.01669094 0.00568884 0.64025927 0.03881056 0.18401597 0.00536967 0.04452604 0.01048145 0.02089935]
 [0.02236426 0.00949207 0.00581983 0.5818347  0.07088609 0.23011597 0.00804025 0.03241466 0.01877945 0.02025276]
 [0.05073525 0.01623748 0.0046445  0.10564001 0.06991462 0.65289605 0.02313673 0.03410345 0.01955525 0.02313666]
 [0.0343094  0.00739001 0.00795204 0.7333191  0.02639405 0.09420685 0.00606623 0.04703671 0.01461899 0.0287066 ]
 [0.04457331 0.00765294 0.00641006 0.5271707  0.05742405 0.18048067 0.00399894 0.14384604 0.01224088 0.01620238]
 [0.13031529 0.02364458 0.00936477 0.35158974 0.03229228 0.18109177 0.00922504 0.16406415 0.053247   0.0451654 ]
 [0.0704096  0.02485521 0.02153944 0.25657988 0.08865992 0.21927686 0.06434288 0.1608133  0.04402305 0.04949992]
 [0.01797638 0.00776719 0.00424068 0.58966136 0.13329165 0.15003721 0.01535504 0.05261612 0.0129575  0.01609682]]
cosine similarity of topic:
[[ 1.0000001e+00 -1.6035790e-05  1.9515244e-05  2.0745660e-05  1.9141060e-06  9.9227531e-05  5.0673925e-06  5.0744657e-05  2.2823106e-05 -9.3597982e-06]
 [-1.6035790e-05  1.0000004e+00  3.0439071e-05  2.5430789e-05  1.4598033e-05  7.7845016e-06  1.0365986e-05 -2.6781525e-05  5.5021799e-05 -9.1221145e-06]
 [ 1.9515244e-05  3.0439071e-05  1.0000000e+00 -1.4648236e-05 -2.4590267e-05 -1.8754203e-05  1.5892840e-05 -4.1688209e-06  2.1215050e-05 -3.4508048e-05]
 [ 2.0745660e-05  2.5430789e-05 -1.4648236e-05  1.0000000e+00 -1.0773272e-05  4.2666870e-06  3.0181227e-05 -4.3288837e-05 -1.8886243e-05 -2.1111993e-05]
 [ 1.9141060e-06  1.4598033e-05 -2.4590267e-05 -1.0773272e-05  1.0000002e+00 -2.9542216e-05 -2.3957709e-05 -1.2132449e-05  5.0725655e-05  9.4747229e-06]
 [ 9.9227531e-05  7.7845016e-06 -1.8754203e-05  4.2666870e-06 -2.9542216e-05  1.0000002e+00 -3.1609994e-05 -1.6483609e-05  3.5492283e-07 -2.2667879e-05]
 [ 5.0673925e-06  1.0365986e-05  1.5892840e-05  3.0181227e-05 -2.3957709e-05 -3.1609994e-05  9.9999982e-01  4.2809705e-05  1.6585032e-05  2.9936335e-05]
 [ 5.0744657e-05 -2.6781525e-05 -4.1688209e-06 -4.3288837e-05 -1.2132449e-05 -1.6483609e-05  4.2809705e-05  9.9999994e-01  2.3010873e-05 -2.7470362e-06]
 [ 2.2823106e-05  5.5021799e-05  2.1215050e-05 -1.8886243e-05  5.0725655e-05  3.5492283e-07  1.6585032e-05  2.3010873e-05  1.0000002e+00  1.4723459e-05]
 [-9.3597982e-06 -9.1221145e-06 -3.4508048e-05 -2.1111993e-05  9.4747229e-06 -2.2667879e-05  2.9936335e-05 -2.7470362e-06  1.4723459e-05  1.0000000e+00]]
