hidden representaion(r*topic):
[[ 1.74448527e-02  2.36192435e-01  1.23713046e-01 -2.56750360e-03  2.78746575e-01  6.04911633e-02  3.72091949e-01 -3.77862036e-01  2.21755296e-01 -1.76408112e-01  1.90578386e-01 -2.04175994e-01 -1.51141733e-01 -1.92102954e-01 -1.19251706e-01  2.52083868e-01]
 [-8.10092911e-02  9.14134383e-02  1.58537716e-01  3.25639337e-01  3.42840523e-01  8.29785466e-02  1.81785375e-01 -2.81725615e-01  2.64468402e-01 -1.95642367e-01  5.68817146e-02  1.42951133e-02 -5.15262317e-03 -3.71775292e-02 -1.98801607e-02  2.58344710e-01]
 [-1.32673100e-01  1.17067941e-01  4.96198386e-02  3.83569151e-01  3.43860567e-01 -9.24282447e-02  1.14807680e-01 -2.82463253e-01  3.78986388e-01 -1.85493022e-01 -1.33032098e-01 -1.22218773e-01 -3.75386365e-02 -1.66229382e-01 -9.22952816e-02  2.05990911e-01]
 [-6.52034432e-02  1.46080822e-01  9.61539820e-02  2.95495182e-01  3.32503468e-01 -4.03043702e-02  2.31929287e-01 -3.35570008e-01  3.06478620e-01 -2.13039175e-01  1.34206237e-03 -1.32231057e-01 -6.65488541e-02 -1.80533275e-01 -1.28916204e-01  2.39184648e-01]
 [-1.52078904e-02  2.14640960e-01  5.99817596e-02 -3.00384760e-02  2.62679309e-01  7.65857995e-02  1.95573762e-01 -2.78847098e-01  2.48624012e-01 -9.65789929e-02  6.58969432e-02 -1.63726389e-01 -1.34025231e-01 -1.24720037e-01 -3.00643332e-02  1.79453865e-01]
 [-1.71769321e-01  8.29563588e-02  3.27910632e-02  4.41765100e-01  3.53895485e-01 -9.07715484e-02  2.21162550e-02 -2.31542274e-01  4.08227146e-01 -1.62925914e-01 -2.05404222e-01 -7.30353892e-02 -4.23114793e-03 -1.18291207e-01 -4.26163375e-02  1.86705634e-01]
 [-1.32704765e-01  1.08003624e-01  4.80877087e-02  2.27590665e-01  3.01072091e-01  6.02383874e-02 -1.50368819e-02 -1.73964709e-01  3.27827930e-01 -7.82867149e-02 -1.15940593e-01 -2.85011176e-02 -1.87835991e-02 -1.16989799e-02  7.35330209e-02  1.56488761e-01]
 [-9.05732661e-02  1.11525387e-01  1.18923441e-01  3.20051581e-01  3.36134851e-01  2.35780664e-02  1.71978459e-01 -2.87673920e-01  2.98052073e-01 -1.89765364e-01  2.26302515e-03 -4.98889759e-02 -2.55988128e-02 -9.15665403e-02 -5.02089262e-02  2.39605278e-01]
 [-2.80581385e-01  5.38786426e-02 -5.85695021e-02  5.72777510e-01  3.71768504e-01 -2.15624318e-01 -1.44749910e-01 -1.67412996e-01  5.43831229e-01 -1.24627858e-01 -4.35411215e-01 -1.03114754e-01  1.98960435e-02 -1.41516477e-01 -1.83664188e-02  1.29331455e-01]
 [-1.64620012e-01  8.11658278e-02  5.56194074e-02  4.26260322e-01  3.52302879e-01 -5.75535111e-02  4.02531549e-02 -2.34550163e-01  3.88318717e-01 -1.63720816e-01 -1.65306568e-01 -5.19443043e-02 -2.22547678e-04 -9.55936611e-02 -2.81149521e-02  1.97721705e-01]
 [-1.21141769e-01  1.14668503e-01  8.06781873e-02  3.95672411e-01  3.50672483e-01 -7.54284635e-02  1.62095189e-01 -3.05983514e-01  3.59835148e-01 -2.08162308e-01 -8.23643729e-02 -1.07621700e-01 -3.42325903e-02 -1.63314566e-01 -1.04514286e-01  2.30117261e-01]
 [-3.10565233e-01  3.90927009e-02 -7.56838694e-02  6.26940012e-01  3.81326884e-01 -2.46375024e-01 -1.86654404e-01 -1.51534826e-01  5.77954710e-01 -1.21661186e-01 -4.93086189e-01 -9.98185128e-02  3.37219238e-02 -1.42332926e-01 -1.25502646e-02  1.20119788e-01]
 [-2.48781219e-01  5.26221246e-02 -7.13472487e-03  5.35574436e-01  3.71114463e-01 -1.46425307e-01 -8.47787261e-02 -1.85041144e-01  4.90249753e-01 -1.38768107e-01 -3.33921313e-01 -6.13118149e-02  2.30114553e-02 -1.04642510e-01 -6.31710375e-03  1.59641892e-01]
 [-1.82935730e-01  8.03707168e-02  2.85106692e-02  4.42372084e-01  3.56458038e-01 -9.54323560e-02  1.14655755e-02 -2.25796863e-01  4.20548618e-01 -1.57246247e-01 -2.17810050e-01 -7.26221874e-02 -3.98590555e-03 -1.15175568e-01 -3.52503844e-02  1.84473544e-01]
 [-2.16174558e-01  8.34847912e-02 -4.73997556e-03  5.14750123e-01  3.66487324e-01 -1.82626054e-01 -2.24912050e-03 -2.39431188e-01  4.77728635e-01 -1.70549080e-01 -2.96578705e-01 -1.25388920e-01 -8.29489063e-03 -1.75892144e-01 -7.73221999e-02  1.74296632e-01]
 [-1.41326368e-01  1.35928810e-01  2.68150270e-02  3.13300461e-01  3.27170402e-01 -8.35407004e-02  8.82231519e-02 -2.61276811e-01  3.90237898e-01 -1.48057997e-01 -1.47248864e-01 -1.44233882e-01 -5.47711924e-02 -1.59535855e-01 -6.17758818e-02  1.83988884e-01]]
R_hid(hidden representaion to predict r):
[[3.99256080e-01 1.70947820e-01 0.00000000e+00 1.35300502e-01 8.25112700e-01 2.09464797e-05 0.00000000e+00 0.00000000e+00 1.38956010e-01 0.00000000e+00 0.00000000e+00 0.00000000e+00 0.00000000e+00 0.00000000e+00 0.00000000e+00 0.00000000e+00]
 [0.00000000e+00 0.00000000e+00 1.09056421e-01 4.54020768e-01 0.00000000e+00 0.00000000e+00 0.00000000e+00 0.00000000e+00 1.86391413e-01 4.17630792e-01 0.00000000e+00 0.00000000e+00 0.00000000e+00 0.00000000e+00 3.24460238e-01 5.84864914e-01]
 [0.00000000e+00 6.49652183e-02 0.00000000e+00 2.93963760e-01 0.00000000e+00 4.01666164e-02 5.76938055e-02 0.00000000e+00 0.00000000e+00 0.00000000e+00 2.09923446e-01 0.00000000e+00 0.00000000e+00 2.16583014e-01 2.19535213e-02 0.00000000e+00]
 [1.24388531e-01 5.42719178e-02 0.00000000e+00 4.97733533e-01 3.33209010e-03 5.47975600e-02 8.13921988e-02 0.00000000e+00 0.00000000e+00 0.00000000e+00 0.00000000e+00 0.00000000e+00 0.00000000e+00 0.00000000e+00 7.46830702e-02 2.47501256e-03]
 [6.39763027e-02 2.22678781e-02 1.00676358e-01 2.38761812e-01 4.85788643e-01 0.00000000e+00 0.00000000e+00 0.00000000e+00 4.78951260e-02 0.00000000e+00 0.00000000e+00 0.00000000e+00 3.72514315e-02 8.90801921e-02 0.00000000e+00 0.00000000e+00]
 [0.00000000e+00 0.00000000e+00 0.00000000e+00 3.70120943e-01 0.00000000e+00 0.00000000e+00 0.00000000e+00 0.00000000e+00 3.06554809e-02 0.00000000e+00 0.00000000e+00 1.90308124e-01 0.00000000e+00 9.38889980e-02 2.16449816e-02 1.54196292e-01]
 [6.73483238e-02 3.75274494e-02 0.00000000e+00 2.37849683e-01 0.00000000e+00 0.00000000e+00 2.41735391e-02 0.00000000e+00 2.59846509e-01 4.84052822e-02 1.68626666e-01 2.79471546e-01 1.28723755e-01 0.00000000e+00 0.00000000e+00 4.92594659e-01]
 [3.99917290e-02 2.54044402e-02 0.00000000e+00 5.56502759e-01 0.00000000e+00 1.34072274e-01 2.01286897e-01 0.00000000e+00 3.03909540e-01 3.90697271e-01 4.25351471e-01 0.00000000e+00 0.00000000e+00 0.00000000e+00 2.26029202e-01 4.74350035e-01]
 [0.00000000e+00 1.04936594e-02 4.10423875e-02 4.17085320e-01 0.00000000e+00 0.00000000e+00 5.03360406e-02 0.00000000e+00 0.00000000e+00 0.00000000e+00 0.00000000e+00 3.36790204e-01 8.40621218e-02 0.00000000e+00 0.00000000e+00 0.00000000e+00]
 [0.00000000e+00 0.00000000e+00 1.49140552e-01 2.45116338e-01 0.00000000e+00 0.00000000e+00 0.00000000e+00 0.00000000e+00 2.45794162e-01 0.00000000e+00 2.48832285e-01 0.00000000e+00 0.00000000e+00 5.95655479e-02 1.66779369e-01 3.29488695e-01]
 [0.00000000e+00 0.00000000e+00 0.00000000e+00 6.91643059e-01 0.00000000e+00 0.00000000e+00 0.00000000e+00 0.00000000e+00 0.00000000e+00 2.80150592e-01 2.36487120e-01 0.00000000e+00 0.00000000e+00 0.00000000e+00 3.50204974e-01 0.00000000e+00]
 [1.04357935e-02 0.00000000e+00 4.04723827e-03 6.10448122e-01 1.84991304e-03 0.00000000e+00 0.00000000e+00 0.00000000e+00 0.00000000e+00 0.00000000e+00 0.00000000e+00 1.10158637e-01 9.45595875e-02 2.57724792e-01 0.00000000e+00 0.00000000e+00]
 [0.00000000e+00 0.00000000e+00 1.44679055e-01 5.84431529e-01 0.00000000e+00 0.00000000e+00 0.00000000e+00 0.00000000e+00 1.51938379e-01 3.12275887e-01 1.16155937e-01 1.86074749e-02 1.30755946e-01 3.13302487e-01 0.00000000e+00 3.42446208e-01]
 [0.00000000e+00 0.00000000e+00 1.14930794e-03 3.08323503e-01 0.00000000e+00 0.00000000e+00 0.00000000e+00 0.00000000e+00 1.50139034e-01 1.54197395e-01 0.00000000e+00 0.00000000e+00 1.36859789e-01 1.23701558e-01 0.00000000e+00 0.00000000e+00]
 [0.00000000e+00 0.00000000e+00 1.42966866e-01 6.82684064e-01 0.00000000e+00 0.00000000e+00 0.00000000e+00 0.00000000e+00 0.00000000e+00 0.00000000e+00 0.00000000e+00 0.00000000e+00 0.00000000e+00 1.20111965e-01 0.00000000e+00 1.66756287e-02]
 [0.00000000e+00 0.00000000e+00 1.40656129e-01 3.20044577e-01 6.07338361e-02 0.00000000e+00 0.00000000e+00 0.00000000e+00 1.91348866e-01 0.00000000e+00 0.00000000e+00 1.15381628e-01 3.32063809e-02 7.97665194e-02 5.27796596e-02 0.00000000e+00]]
topics:
[[ 0.2028322   0.21208936 -0.29129452  0.05497222  0.15117083  0.04597425 -0.17216292 -0.17694025  0.06489434 -0.31565422  0.15057258  0.11956778  0.07382867 -0.40331024  0.09331486  0.41883138]
 [ 0.42247054  0.14254771  0.07349396  0.1771549  -0.1916617   0.37805685  0.05006512  0.05639722 -0.45065325 -0.16598636 -0.14720885 -0.6611383   0.48774618 -0.05053584 -0.00480804  0.36845872]
 [ 0.17750691  0.3062586   0.25170627  0.08188909  0.30872506 -0.04567599  0.83276796 -0.671438    0.1090773  -0.41482708  0.47425494 -0.35930938 -0.22552007 -0.4537749  -0.46226233  0.40132022]
 [ 1.0399648   0.6837302  -0.55606085  0.7645689   0.15577607  0.6593454  -0.0668385   0.24870884 -0.54252934 -0.10973338  0.31665874  0.5526562   0.12165259  0.1290986   0.13544361 -0.1636924 ]
 [-0.44708827 -0.02721011 -0.17311083  0.8153928   0.40785176 -0.35133985 -0.43936858 -0.03677488  0.7248036  -0.06507035 -0.7758448  -0.06627348  0.09659703 -0.10612002  0.06436931  0.04840637]
 [ 0.14995913  0.32927543  0.48681813 -0.30613002 -0.15913607  0.2153639   0.03206652 -0.83460605 -0.2830918   0.15772912  0.21840563 -0.18995635 -0.33406803 -0.2170338  -0.23675416 -0.34884593]
 [-0.05203931 -0.02258449  0.21659672  0.40105754  0.16162424  0.1905381  -0.06610791  0.05446233 -0.0540864  -0.22609887 -0.05409332 -0.12560344 -0.17472626  0.3083534  -0.18597567 -0.41091534]
 [-0.21682046 -0.04874352  0.20175603  0.4597808   0.37871537  0.2596797  -0.10335504 -0.08822346  0.2989126  -0.09618852 -0.02839607  0.323613    0.1367778   0.2771104   0.26918796  0.23036613]
 [-0.11941715  0.40326563 -0.09577662 -0.74191606  0.10825981  0.23333028  0.06086766 -0.08390187  0.3530116   0.23918925  0.06031116 -0.37857226 -0.26885805 -0.02349366  0.31873134  0.07372304]
 [ 0.47544622 -0.3636463  -0.28762344 -0.9818607   0.77097327  0.20714734 -0.5155505   0.11782481  0.17910615 -0.0075651  -0.33283103  0.7679539  -0.39541438  0.23814276 -0.1657222   0.05848851]]
R:
[[3.01579200e-03 5.61184250e-03 4.98545289e-01 7.61667918e-03 6.92833215e-02 1.44770276e-02 5.86713850e-03 1.60389423e-01 2.18352690e-01 1.68407727e-02]
 [3.64217046e-03 1.38580306e-02 3.44776750e-01 4.55182791e-03 1.18821986e-01 5.69672650e-03 3.28324409e-03 4.76009279e-01 1.99149270e-02 9.44500882e-03]
 [3.64319654e-03 9.67703387e-03 3.67944002e-01 5.52269351e-03 3.92801076e-01 7.57957669e-03 3.93209979e-03 1.54114544e-01 4.45549227e-02 1.02308467e-02]
 [4.45483066e-03 1.07577667e-02 4.48428661e-01 6.98472792e-03 2.67362326e-01 9.28072724e-03 5.01577044e-03 1.84140965e-01 4.94427532e-02 1.41314985e-02]
 [8.73228908e-03 1.50321145e-02 3.25215250e-01 1.81062296e-02 1.29553854e-01 3.48023362e-02 1.55913085e-02 1.41330659e-01 2.75518417e-01 3.61175425e-02]
 [4.12565796e-03 1.16530405e-02 2.85994828e-01 6.20793505e-03 4.32114065e-01 7.25033646e-03 4.25221678e-03 2.05285326e-01 3.09545118e-02 1.21620949e-02]
 [1.00430250e-02 2.35077590e-02 1.54533967e-01 1.29877189e-02 2.46021807e-01 2.97793224e-02 1.33251464e-02 3.21935534e-01 1.66269079e-01 2.15966273e-02]
 [4.08798316e-03 1.40357045e-02 3.61253351e-01 5.18765813e-03 2.06822053e-01 7.41892913e-03 4.20420431e-03 3.43275815e-01 4.43583392e-02 9.35599860e-03]
 [1.56430178e-03 3.74842109e-03 1.94928899e-01 2.64853588e-03 6.79807365e-01 4.59892675e-03 1.98054360e-03 6.98311403e-02 3.49519588e-02 5.93996793e-03]
 [3.11595644e-03 1.09599698e-02 2.84678787e-01 4.79638064e-03 3.78034770e-01 6.95461826e-03 3.24772624e-03 2.66828775e-01 3.20800580e-02 9.30294488e-03]
 [1.83626416e-03 6.50623580e-03 4.05518055e-01 3.08023836e-03 3.46776605e-01 3.05284047e-03 1.39588653e-03 2.07820326e-01 1.87461097e-02 5.26741566e-03]
 [5.31824771e-04 2.14903778e-03 1.74267605e-01 1.20832713e-03 7.40795016e-01 1.78584876e-03 7.18105468e-04 5.54439835e-02 1.97736081e-02 3.32668587e-03]
 [7.19713222e-04 3.36708780e-03 2.16202274e-01 1.31380954e-03 5.56076288e-01 1.93618354e-03 9.41770384e-04 1.88895762e-01 2.56976057e-02 4.84941341e-03]
 [2.49553588e-03 8.94924346e-03 2.77704626e-01 4.07614140e-03 4.42534834e-01 5.18189138e-03 2.91527691e-03 2.05767229e-01 3.84384729e-02 1.19367884e-02]
 [8.06909171e-04 2.86503066e-03 3.09784353e-01 1.54184771e-03 5.68955660e-01 2.22195964e-03 9.07424372e-04 9.04762968e-02 1.86692476e-02 3.77126969e-03]
 [3.05336970e-03 6.86394935e-03 3.27964067e-01 6.43209042e-03 3.95047635e-01 1.12248091e-02 5.12046646e-03 1.19135253e-01 1.14683941e-01 1.04744304e-02]]
cosine similarity of topic:
[[ 1.0000001e+00 -3.1875959e-05 -4.6568834e-06  5.9562717e-05  1.6730348e-05 -3.0130032e-05 -1.7519073e-05 -2.2486483e-05 -4.0558280e-05  5.6348079e-05]
 [-3.1875959e-05  9.9999982e-01 -3.4676355e-05 -1.3978750e-05  9.6837784e-06 -3.9947026e-05  1.8559722e-05  3.3263688e-05 -2.8024917e-05 -3.1456537e-05]
 [-4.6568834e-06 -3.4676355e-05  1.0000000e+00 -2.1569937e-05  1.6430749e-05 -9.2494492e-06  1.2287187e-07  8.3434215e-06 -1.9740002e-05 -1.1131708e-05]
 [ 5.9562717e-05 -1.3978750e-05 -2.1569937e-05  1.0000002e+00  1.3491097e-05 -6.9775469e-06 -4.7333510e-06  3.0744512e-05 -6.5954127e-06  3.7688755e-05]
 [ 1.6730348e-05  9.6837784e-06  1.6430749e-05  1.3491097e-05  9.9999970e-01 -3.2233482e-05 -1.8923811e-05 -3.5684279e-05  6.9373236e-06 -6.0253246e-06]
 [-3.0130032e-05 -3.9947026e-05 -9.2494492e-06 -6.9775469e-06 -3.2233482e-05  1.0000002e+00 -5.9811691e-07  4.4400435e-06  9.1562418e-07 -2.5975525e-05]
 [-1.7519073e-05  1.8559722e-05  1.2287187e-07 -4.7333510e-06 -1.8923811e-05 -5.9811691e-07  9.9999976e-01  3.5676469e-05  8.2291572e-06  7.3175270e-06]
 [-2.2486483e-05  3.3263688e-05  8.3434215e-06  3.0744512e-05 -3.5684279e-05  4.4400435e-06  3.5676469e-05  1.0000001e+00 -1.3308270e-05  7.9238280e-06]
 [-4.0558280e-05 -2.8024917e-05 -1.9740002e-05 -6.5954127e-06  6.9373236e-06  9.1562418e-07  8.2291572e-06 -1.3308270e-05  9.9999976e-01 -8.0377204e-06]
 [ 5.6348079e-05 -3.1456537e-05 -1.1131708e-05  3.7688755e-05 -6.0253246e-06 -2.5975525e-05  7.3175270e-06  7.9238280e-06 -8.0377204e-06  1.0000000e+00]]
