hidden representaion(r*topic):
[[ 8.81831422e-02 -2.31440216e-02  2.84278631e-01 -2.62827054e-03 -3.48022252e-01 -9.60370228e-02  1.05700806e-01 -1.00558750e-01 -3.77216041e-01 -1.29579693e-01 -1.52782351e-01 -3.85998070e-01]
 [ 1.23609819e-01  4.43326086e-02  2.56911367e-01 -5.32260351e-02 -4.07636106e-01 -6.68202490e-02  1.99620143e-01  5.27305827e-02 -4.48319912e-01 -4.67851758e-04 -2.79745489e-01 -2.23237038e-01]
 [ 3.60719979e-01 -7.23386705e-02  3.14119250e-01  4.77642715e-02 -2.39132136e-01 -3.94150198e-01  1.91705972e-01 -2.91356564e-01 -2.31013417e-01  9.68570560e-02 -2.71869540e-01 -3.21977139e-01]
 [-2.37224832e-01  2.89950043e-01 -2.58584380e-01  2.09158450e-01 -1.02459397e-02  2.33629078e-01  1.82199493e-01  1.57075143e+00  5.43112814e-01  5.43654740e-01 -6.45569384e-01 -4.49991882e-01]
 [ 2.59634137e-01 -4.74307656e-01  6.37380362e-01  8.59540045e-01  4.37258869e-01 -1.60983279e-01 -9.19801667e-02  2.71289974e-01  3.98275256e-01  4.30438891e-02  2.05117464e-01 -1.43592402e-01]
 [ 2.36647382e-01 -3.92198026e-01  5.90740800e-01  7.05347538e-01  5.59838593e-01 -1.19756058e-01 -1.10100128e-01  3.71651441e-01  4.32042271e-01 -6.99776784e-02  9.63338912e-02 -1.05646193e-01]
 [ 3.05752270e-02  2.58670896e-02  2.60946810e-01 -2.12648153e-01 -3.14525813e-01  3.07916284e-01 -1.67391226e-02  1.67126909e-01 -2.00086907e-01 -5.37396431e-01  2.84400955e-02 -2.13039845e-01]
 [-3.96091379e-02 -5.68151399e-02  3.77455294e-01  4.15436953e-01  6.19604178e-02 -4.77836579e-02  7.94986859e-02  2.54095078e-01 -2.98408568e-02 -1.37697875e-01  7.23754615e-03 -4.04911935e-01]
 [ 3.59424293e-01 -3.96780491e-01  2.81728178e-01 -4.07585949e-02 -3.46445739e-02 -3.37798893e-02 -5.76248109e-01  1.71458289e-01  1.84205130e-01 -2.09924161e-01 -4.32860762e-01 -1.61627427e-01]
 [-3.77412945e-01  1.54986426e-01  1.81643620e-01  8.53962153e-02 -7.57212698e-01  6.66345298e-01  3.24552894e-01  6.36115730e-01 -8.35537672e-01 -4.63609658e-02 -5.33557057e-01  2.90852804e-02]
 [-3.55786383e-01  1.02039762e-01  1.99845374e-01  1.30392373e-01 -5.93982756e-01  4.22187030e-01  1.02776818e-01  7.04438210e-01 -7.16394186e-01  6.00617891e-03 -3.74316663e-01 -1.64322808e-01]
 [-3.25956732e-01  8.80751088e-02  2.07631141e-01  1.43857032e-01 -4.55127567e-01  3.00697088e-01  5.07080741e-02  6.91430867e-01 -6.11439228e-01  6.81102742e-03 -3.21707606e-01 -2.49365062e-01]]
R_hid(hidden representaion to predict r):
[[-0.40956372 -1.4507904  -1.3801074  -1.1702027  -1.2993674  -1.4427634  -1.40971    -0.95823514  1.5275495  -1.0213469  -1.3437808  -1.3179927 ]
 [ 0.8199025   1.0231787   0.62085557 -1.454455   -1.4577388  -1.3729458  -1.3779124  -1.4486436   0.49685454 -1.4577388  -1.4442521  -1.4348137 ]
 [-1.3428682  -1.4359394  -1.4511478   0.50618756 -1.4528546  -0.9264718  -1.4455032  -0.6958398  -0.7882686   1.0789425  -1.2801235  -0.96772707]
 [-1.4541053   1.7256517  -0.6485261  -1.449634    9.435016    4.1176      1.9129572  -1.4573424  -1.2853357   3.1237502  -1.4567444  -1.4128323 ]
 [-0.9968276  -0.82816684 -1.1993936   1.660614    1.0603931  -1.1351452   0.39583558  1.8185774  -1.4577388   5.210035    3.8498592   4.6498713 ]
 [ 0.484262   -1.451038   -1.4576435   1.3917295  -1.4577185  -0.34432828  2.7746558   5.7950616  -1.4572487   1.8358164   2.117303    3.153512  ]
 [ 0.8593011   0.51104474 -1.4393392  -1.4106262   1.7283096  -1.4577388  -1.4022633  -0.8858241  -0.6628751  -1.3353463  -1.2831869  -1.416897  ]
 [-1.4522148   1.6796204  -1.4480109  -1.4577388   6.5774775   1.2534472   0.76979584 -1.452207   -1.4577388  -0.6791138   0.8209117  -1.2402431 ]
 [-0.7931832  -1.4577388  -1.446212    0.7258797  -1.0343133   0.0387157  -0.29360798  5.5140433  -1.4577388   1.3450752   0.37047762  0.24814138]
 [-1.38933    -0.8297856   5.3394756   1.621681   -0.15695933  9.100644   -0.57778525  1.0608705   0.9328411  -0.15083796  0.4938896   0.26946446]
 [ 0.5185232  -0.78793454 -1.2931339  -1.4416546  -0.6818494  -1.1105404  -1.3150618  -1.4094069  -1.4382392  -1.4311112  -1.4577388  -1.375687  ]
 [-0.4773252  -1.4568133   6.678881   -1.4572757   0.7729714  -1.4567665   0.39001638 -1.4577388   3.963862   -1.4551281  -1.4577188  -1.4571897 ]]
topics:
[[-0.16549443  0.32083705 -0.4295975   0.09902506  0.04981345  0.35592136  0.15977755  1.997709    0.91424626  0.70294833 -0.74861604 -0.35674492]
 [ 0.09542514 -0.02499251  0.4350158  -0.26174632  0.8260797   0.09358373 -0.3049329   0.702192    0.1059671  -0.69615316 -0.27029514  0.11800674]
 [-0.38205898  0.16125824  0.17189305  0.0547851  -0.79287976  0.70764685  0.3309548   0.6567271  -0.8595378  -0.05196282 -0.5498601   0.06030525]
 [-0.5937794   0.256398    0.4191155   0.94261575  0.05365541 -0.7032743   0.29839686 -0.28711775 -0.7614846   0.02102254 -0.21811645 -1.2726383 ]
 [-0.22097185 -0.49051452  0.36064294  0.0806252  -0.3025843   0.16565366 -0.11974584  0.22820961 -0.42036337  0.02889958  0.63872844 -0.6325674 ]
 [-0.35771674 -0.10694126  0.31060225  0.23371288 -0.23892133 -0.16593453 -0.6547275   0.9458345  -0.56234175  0.07334746  0.16513608 -0.64857197]
 [ 0.55171037  0.1135473   0.26532322 -0.1283412  -0.41479707 -0.6771221   0.58775544 -0.641358   -0.4446223   0.3234402  -0.41338575 -0.29975322]
 [ 0.37622923 -0.6044901   0.7372759   1.1345487   0.5830509  -0.22467332 -0.06839719  0.19090508  0.6395958   0.11067251  0.29838124 -0.10053533]
 [ 0.02158378  0.15727486  0.27363974 -0.44582534 -0.63116693  0.6776984   0.14694515  0.01105846 -0.30086643 -0.94796765  0.34277394 -0.06759062]
 [ 0.46677276 -0.5033342   0.16579261 -0.284546   -0.17917022 -0.02369071 -0.9230275   0.13593455  0.24960771 -0.25561258 -0.67566556 -0.18271117]]
R:
[[6.6229905e-04 9.5179528e-03 8.1116259e-02 1.4444688e-01 1.1270217e-01 1.5149563e-02 2.8729424e-01 9.8436801e-03 1.9339812e-01 1.4586881e-01]
 [9.8935785e-03 4.3994419e-02 2.2808640e-01 1.1328397e-02 2.3525205e-02 1.0637624e-01 4.0829876e-01 1.6733725e-02 9.9347413e-02 5.2415896e-02]
 [3.1530026e-03 8.3761020e-03 7.5879786e-03 6.4078510e-02 4.1551523e-02 1.1883408e-02 5.4937321e-01 1.0687683e-01 5.6515645e-02 1.5060382e-01]
 [7.7716905e-01 3.7782968e-03 7.1598314e-02 1.3312194e-01 6.8637594e-03 5.3424761e-03 3.4063356e-04 1.7847376e-03 7.0951245e-07 2.6078698e-10]
 [1.7147175e-03 7.3919803e-02 3.5919689e-02 6.1050700e-03 3.6655776e-02 5.9851412e-02 2.4571778e-02 7.5685757e-01 1.4416982e-03 2.9624919e-03]
 [3.7093442e-02 2.3850061e-01 1.1940854e-02 3.0750757e-02 2.3194764e-02 8.5941836e-04 6.5843858e-05 6.4796662e-01 7.4038151e-05 9.5536439e-03]
 [4.3925073e-02 1.0095595e-01 2.0980764e-02 7.1566992e-02 6.2008098e-02 1.2052217e-02 5.1287577e-02 2.6605807e-03 5.1384574e-01 1.2071710e-01]
 [9.6407488e-02 8.3139956e-02 1.8705117e-02 2.2786377e-01 4.1054491e-02 1.9665796e-02 3.9006773e-02 2.6574743e-01 2.0624059e-01 2.1685413e-03]
 [2.5867235e-03 7.8638405e-02 3.6620714e-02 1.1278244e-02 1.4047736e-02 3.6780781e-03 4.7625847e-02 1.4412209e-01 2.6431246e-02 6.3497090e-01]
 [2.8977774e-03 1.2036776e-06 9.6446878e-01 2.0729706e-02 4.0298699e-05 8.1026979e-04 3.8740581e-07 1.1051473e-02 2.1538951e-07 3.7609148e-11]
 [2.9791463e-02 2.6872025e-03 6.8490475e-01 3.4726407e-02 7.2231126e-04 2.2384809e-01 1.5663477e-02 6.8832380e-03 3.9771944e-04 3.7537361e-04]
 [5.7367478e-02 4.6000656e-02 5.3504050e-01 7.0493609e-02 2.1769702e-02 2.3848255e-01 2.7165549e-02 1.3220025e-03 2.3439301e-03 1.3994044e-05]]
cosine similarity of topic:
[[ 1.00000012e+00 -6.16469042e-05 -3.09917959e-05  9.54032021e-06  1.85398731e-05 -2.04216267e-05 -1.26211744e-05  1.20405402e-05 -1.30045947e-07  1.64460125e-05]
 [-6.16469042e-05  9.99999762e-01  2.58409582e-05 -5.37270489e-06 -1.40216252e-05  9.76220599e-06 -7.91227467e-06  2.31166196e-05 -1.75419900e-05 -2.30884802e-06]
 [-3.09917959e-05  2.58409582e-05  1.00000000e+00  7.82968982e-06  2.15053769e-05 -3.24548637e-05  9.64835908e-06 -3.58942634e-06 -2.87058629e-05  2.37856307e-06]
 [ 9.54032021e-06 -5.37270489e-06  7.82968982e-06  1.00000048e+00  1.94821114e-05 -1.55000453e-05  1.07265287e-05  2.94228703e-05  1.38909547e-06 -4.58106297e-06]
 [ 1.85398731e-05 -1.40216252e-05  2.15053769e-05  1.94821114e-05  1.00000000e+00  1.34348111e-05  9.44835483e-06  5.13361920e-05  1.55745402e-05  1.10166930e-05]
 [-2.04216267e-05  9.76220599e-06 -3.24548637e-05 -1.55000453e-05  1.34348111e-05  1.00000036e+00 -2.45808187e-05  1.65705642e-05  1.22466754e-05 -1.45207323e-05]
 [-1.26211744e-05 -7.91227467e-06  9.64835908e-06  1.07265287e-05  9.44835483e-06 -2.45808187e-05  1.00000000e+00 -1.48251195e-06  3.44720775e-06 -1.27789135e-05]
 [ 1.20405402e-05  2.31166196e-05 -3.58942634e-06  2.94228703e-05  5.13361920e-05  1.65705642e-05 -1.48251195e-06  9.99999702e-01  8.94728691e-06  1.70110925e-05]
 [-1.30045947e-07 -1.75419900e-05 -2.87058629e-05  1.38909547e-06  1.55745402e-05  1.22466754e-05  3.44720775e-06  8.94728691e-06  1.00000024e+00  7.94776133e-06]
 [ 1.64460125e-05 -2.30884802e-06  2.37856307e-06 -4.58106297e-06  1.10166930e-05 -1.45207323e-05 -1.27789135e-05  1.70110925e-05  7.94776133e-06  1.00000024e+00]]
