hidden representaion(r*topic):
[[-0.10587628 -0.01382194  0.33630002  0.13068563  0.04317684  0.00102643 -0.15004788  0.4756468  -0.21380146 -0.20484978 -0.03952017 -0.34435722]
 [-0.04036901 -0.02836373  0.20145282  0.22569965  0.04821493  0.04399604 -0.09845664  0.7970695   0.1254986   0.09406738 -0.16986686 -0.31237665]
 [ 0.03312275 -0.07513734  0.3631467   0.22045685 -0.03438959  0.12097469 -0.0128522   0.3371621   0.01383326 -0.25097093  0.08785074 -0.24253377]
 [ 0.06512743 -0.35305196  0.53126067  0.6946729   0.23048869 -0.15756308 -0.28638017  0.524013    0.14280285  0.07590191  0.20506684 -0.30954692]
 [ 0.14041227 -0.30300257  0.50284886  0.606263    0.2385948  -0.05718939 -0.1310513   0.4240635   0.25993666 -0.0271378   0.16035554 -0.20992677]
 [ 0.26440847 -0.47075376  0.6413743   0.88171095  0.38492912 -0.13227138 -0.11105666  0.27901748  0.44025546  0.01671479  0.26906884 -0.14874478]
 [ 0.03745088 -0.02849266  0.34942147  0.19829842  0.07273539 -0.02909803  0.00407293  0.32461333 -0.04857482 -0.1659338  -0.0704508  -0.27134535]
 [ 0.14072879 -0.3864641   0.56122375  0.7518438   0.2876899  -0.1355177  -0.20928     0.44366053  0.26870704  0.05118814  0.21792398 -0.24346295]
 [ 0.06668311 -0.2084847   0.475419    0.39835247  0.05314849  0.04465604 -0.13628073  0.33481973  0.04180169 -0.2156868   0.21318    -0.23230837]
 [-0.33872947 -0.10598949  0.32170975  0.26753342 -0.1918381  -0.15297829 -0.6279488   0.9205019  -0.5274252   0.10237821  0.15493333 -0.6328429 ]
 [-0.17231417 -0.18973525  0.39752585  0.41311947 -0.01245005 -0.14423384 -0.46833804  0.7552017  -0.25544816  0.07904385  0.14629653 -0.48658705]
 [-0.00613391 -0.31160495  0.49734724  0.62018645  0.15386495 -0.15675978 -0.350837    0.59036356  0.0212807   0.07612943  0.20278044 -0.36717242]]
R_hid(hidden representaion to predict r):
[[-5.82798719e-01  6.23577647e-02  3.22267972e-03 -1.45121336e+00  6.89831302e-02 -2.90226638e-01 -2.24996328e+00 -4.07223813e-02  1.79292694e-01 -1.76756047e-02 -5.02535179e-02  2.03577876e-01]
 [-1.28482437e+00 -4.94642407e-01  6.40094578e-02 -2.77496874e-03  8.85331690e-01 -1.26093721e+00  3.40180397e-02  5.51329255e-01 -3.55382770e-01 -1.51348025e-01  5.94490051e-01  2.94560194e-02]
 [ 3.21661860e-01 -1.02508080e+00 -6.83301687e-02  1.90558183e+00  6.78736687e-01 -1.10902381e+00  1.51992548e+00 -3.92475605e-01  7.76402578e-02  8.31418633e-02  7.69843161e-03  4.67026740e-01]
 [-2.27416968e+00  8.93322051e-01  4.28710639e-01 -3.48915085e-02 -4.22495753e-01 -9.01281685e-02 -4.61171329e-01 -2.17569917e-01  1.31013799e+00 -1.73141900e-02  7.45850205e-02  1.99770713e+00]
 [ 1.85351186e-02 -1.06514446e-01 -1.21383572e+00  2.50431746e-01  1.56094599e+00 -1.75506711e-01 -8.84416699e-03 -1.44942033e+00 -3.51377428e-01 -4.04830277e-01 -1.07125330e+00 -7.44356453e-01]
 [ 7.55555511e-01 -9.65689123e-03 -1.41579121e-01  1.20172846e+00 -2.00168562e+00  7.16242790e-02 -3.87717485e-02  1.54190946e+00  2.55080032e+00  2.33786255e-01 -5.09768784e-01 -2.57543826e+00]
 [-9.48257327e-01 -5.55916922e-03 -3.34425807e-01 -1.31298041e+00  2.72399426e-01 -4.02582228e-01 -1.23009312e+00 -2.56063849e-01 -7.90219843e-01 -1.59470484e-01  1.14503407e+00  4.45752405e-03]
 [-4.21387148e+00 -7.61060596e-01 -8.39633763e-01 -3.43220949e-01  4.59126290e-03 -9.46478605e-01  1.53261709e+00 -5.96075475e-01 -1.12406224e-01  1.29538679e+00  6.48939908e-02 -1.45754680e-01]
 [ 5.44638634e-01 -2.30863273e-01 -3.30026746e-01 -8.02935302e-01  2.87564397e-01 -9.50248241e-01 -8.25664222e-01 -6.55678511e-01  1.07325232e+00  1.45803794e-01  6.75424933e-04  3.20495939e+00]
 [-5.11750579e-02 -3.74846339e-01 -1.83110774e-01  1.64421296e+00 -3.25073046e-03 -1.79571390e-01 -6.93486512e-01  3.85769159e-01  1.44166708e+00  1.12527542e-01 -7.75840431e-02  8.37491751e-01]
 [ 2.16909051e-02  2.41264009e+00  1.11681080e+00  7.60408998e-01  2.73593664e-02 -1.30941617e+00  1.74917305e+00  1.48161268e+00  5.81841350e-01 -7.52574205e-02  1.10103220e-01  1.92876148e+00]
 [-8.35923851e-01 -9.60825980e-02 -1.79446995e-01  4.63860333e-02 -1.18813586e+00  2.45233569e-02 -5.33861279e-01  1.16086937e-03 -1.41483760e+00  4.89928126e-02 -8.85504782e-02  6.59262165e-02]]
topics:
[[-0.17568736  0.34561747 -0.42108107  0.09885168  0.0530585   0.34216574  0.15836713  2.0056787   0.90921795  0.7151225  -0.747279   -0.35797644]
 [ 0.07800595  0.00408498  0.42330995 -0.2553157   0.81361115  0.08570131 -0.3043166   0.65549314  0.1054217  -0.67380184 -0.23729382  0.11405415]
 [-0.40598565  0.13847573  0.24516445  0.07273842 -0.7743525   0.7169814   0.308245    0.65737414 -0.84619313 -0.06674275 -0.5540013   0.05565018]
 [-0.601828    0.26169813  0.41787055  0.92667073  0.06002006 -0.6900164   0.30702734 -0.28432578 -0.7635576   0.01441025 -0.20002763 -1.2616515 ]
 [-0.22062078 -0.4880671   0.36064228  0.07730909 -0.30061287  0.18199165 -0.11746347  0.21919632 -0.41456556  0.02789058  0.644313   -0.61076224]
 [-0.37393674 -0.08495478  0.30335185  0.23187324 -0.22740462 -0.15397634 -0.6584133   0.9566304  -0.5847577   0.10677604  0.1501037  -0.66173476]
 [ 0.5555665   0.12706456  0.25251573 -0.12884091 -0.41886103 -0.62936366  0.5920679  -0.6454319  -0.44997028  0.33379573 -0.4124716  -0.28807983]
 [ 0.38245395 -0.6151014   0.75037897  1.1487371   0.5913406  -0.23955579 -0.07904808  0.1957766   0.65017045  0.11463649  0.29684755 -0.09322874]
 [ 0.03590053  0.15709354  0.27219316 -0.45259014 -0.6282341   0.6801461   0.14506836  0.0025319  -0.2634945  -0.939424    0.34650323 -0.05099021]
 [ 0.44719574 -0.5027381   0.16984908 -0.27130538 -0.17650793 -0.02572587 -0.894987    0.14744893  0.26362866 -0.2580892  -0.6737415  -0.19977759]]
R:
[[4.83913161e-02 2.39313990e-01 4.42316644e-02 1.13328055e-01 3.79907936e-02 2.40950778e-01 4.92782332e-02 7.88652375e-02 1.33644179e-01 1.40057746e-02]
 [2.55014122e-01 1.14158310e-01 4.11734991e-02 3.47594507e-02 3.13185789e-02 1.97553903e-01 6.14252873e-02 1.67665288e-01 6.72302917e-02 2.97012720e-02]
 [8.21752250e-02 8.32048208e-02 1.75751224e-02 7.40011856e-02 2.09982693e-02 9.77228805e-02 3.58664542e-02 2.55050659e-01 3.22525799e-01 1.08796097e-02]
 [2.22881511e-02 2.03840081e-02 2.48796819e-03 1.27524289e-03 1.56318094e-03 3.75665426e-01 2.20388663e-03 5.42777419e-01 3.10794283e-02 2.75271537e-04]
 [6.33654520e-02 5.57424091e-02 4.82887402e-03 1.25563368e-02 4.80928645e-03 1.70824498e-01 1.60541981e-02 5.42086780e-01 1.27902657e-01 1.82955235e-03]
 [1.44219305e-02 4.19125147e-03 3.11304146e-04 9.33983712e-04 5.44285685e-05 9.77216735e-02 8.57687337e-05 7.85030484e-01 9.70534608e-02 1.95795583e-04]
 [7.92934597e-02 1.95003554e-01 2.89135184e-02 1.09151520e-01 7.77620124e-03 9.20953304e-02 1.21432915e-01 1.83637023e-01 1.69331551e-01 1.33649809e-02]
 [3.14045809e-02 1.74827967e-02 1.10302237e-03 1.49168901e-03 2.47964839e-04 2.57443756e-01 6.20574923e-04 6.27272189e-01 6.28276318e-02 1.05770188e-04]
 [9.39357653e-03 5.55860735e-02 6.84718881e-03 2.93548349e-02 1.12829974e-03 2.18637332e-01 7.38175632e-03 3.98422152e-01 2.72858888e-01 3.89800000e-04]
 [1.28036598e-03 1.77546975e-03 5.19965717e-04 1.21372701e-04 1.60092211e-04 9.49224591e-01 8.35547035e-05 4.29652818e-02 3.84786935e-03 2.14892389e-05]
 [1.50783071e-02 3.32212746e-02 1.09367650e-02 4.55613947e-03 2.59132287e-03 6.86279058e-01 7.18739443e-03 2.28040397e-01 1.09434575e-02 1.16584124e-03]
 [1.49674648e-02 1.51772387e-02 5.78494102e-04 3.18999519e-04 1.32883331e-04 4.81837839e-01 4.72748798e-04 4.56326634e-01 3.00065428e-02 1.81081894e-04]]
cosine similarity of topic:
[[ 1.0000002e+00 -2.6957157e-05  1.5694565e-07  1.2445790e-05 -3.8088378e-06  3.1570238e-05  2.0149653e-05  1.0547952e-05  1.1963776e-05 -5.7589268e-06]
 [-2.6957157e-05  9.9999970e-01  2.2531292e-05  3.6399364e-05 -1.2233583e-05 -5.0221447e-06  2.6143414e-05  2.0590953e-05  4.1886328e-06 -9.4091081e-07]
 [ 1.5694565e-07  2.2531292e-05  9.9999970e-01  6.3113748e-06  1.2978769e-05 -3.8720176e-05  1.2671798e-05  1.4316361e-06 -3.2266769e-05 -1.0069176e-05]
 [ 1.2445790e-05  3.6399364e-05  6.3113748e-06  1.0000001e+00  7.4437894e-06  3.2126816e-05  1.9870551e-05 -1.3674265e-05 -1.6193486e-05  5.2119992e-07]
 [-3.8088378e-06 -1.2233583e-05  1.2978769e-05  7.4437894e-06  9.9999982e-01  3.7954951e-06  3.1616913e-05 -4.2363525e-05 -3.5028537e-05 -1.6710354e-05]
 [ 3.1570238e-05 -5.0221447e-06 -3.8720176e-05  3.2126816e-05  3.7954951e-06  1.0000001e+00 -4.4785438e-06  2.1071319e-05  1.0061678e-05 -1.7317883e-05]
 [ 2.0149653e-05  2.6143414e-05  1.2671798e-05  1.9870551e-05  3.1616913e-05 -4.4785438e-06  9.9999976e-01 -7.4995928e-06  1.7307841e-05  1.9859497e-05]
 [ 1.0547952e-05  2.0590953e-05  1.4316361e-06 -1.3674265e-05 -4.2363525e-05  2.1071319e-05 -7.4995928e-06  1.0000001e+00 -7.6779388e-06  2.6343925e-05]
 [ 1.1963776e-05  4.1886328e-06 -3.2266769e-05 -1.6193486e-05 -3.5028537e-05  1.0061678e-05  1.7307841e-05 -7.6779388e-06  1.0000005e+00 -2.9337218e-05]
 [-5.7589268e-06 -9.4091081e-07 -1.0069176e-05  5.2119992e-07 -1.6710354e-05 -1.7317883e-05  1.9859497e-05  2.6343925e-05 -2.9337218e-05  9.9999952e-01]]
