hidden representaion(r*topic):
[[-4.91481051e-02 -2.04200715e-01  2.11178049e-01 -1.61375165e-01  2.88550183e-02 -2.99232960e-01 -1.21218570e-01 -4.34599757e-01  1.56791672e-01 -2.36570579e-03  1.24985054e-01 -2.62903035e-01 -4.92219962e-02  1.21545151e-01  1.16399854e-01]
 [-5.98137546e-03 -1.24583364e-01  8.38305280e-02 -5.82017712e-02  1.51429474e-02 -1.96571216e-01 -5.56200333e-02 -2.46044114e-01  7.36994073e-02  1.24472594e-02  4.59720790e-02 -1.41352341e-01 -7.99307413e-03  1.06037803e-01  8.52517933e-02]
 [-4.91415374e-02 -1.96284756e-01  1.99659884e-01 -1.56015217e-01  3.45760547e-02 -2.82526493e-01 -1.16960123e-01 -4.16947216e-01  1.58684209e-01 -1.18978904e-03  1.17425628e-01 -2.50082672e-01 -4.94270101e-02  1.19145095e-01  1.16408199e-01]
 [ 7.80639006e-04 -1.50937378e-01  1.13822423e-01 -7.60437995e-02 -4.48139105e-03 -2.55172342e-01 -7.62855262e-02 -3.11381966e-01  6.68669045e-02  1.81841627e-02  6.25289455e-02 -1.81921810e-01 -5.72731765e-03  1.24267660e-01  8.18511695e-02]
 [ 9.24340822e-03 -7.65658915e-02  2.32408121e-02 -1.92092662e-03  1.40323332e-02 -1.27419442e-01 -1.84379553e-03 -1.32464960e-01  3.35675888e-02  1.44459009e-02  4.35255095e-03 -7.19375685e-02  1.16325086e-02  7.78512508e-02  7.89458379e-02]
 [-8.23056046e-03 -1.66996911e-01  1.40290365e-01 -9.59197208e-02 -2.23962148e-03 -2.75496364e-01 -8.82144868e-02 -3.46773952e-01  8.25260878e-02  1.29773915e-02  7.90946037e-02 -2.06041276e-01 -1.46301500e-02  1.25445127e-01  8.84445235e-02]
 [ 1.94374453e-02 -1.13388710e-01  5.25385402e-02 -2.79723313e-02 -6.24763221e-03 -2.00571790e-01 -4.91834246e-02 -2.13514373e-01  3.17798443e-02  1.87179018e-02  2.53226925e-02 -1.20024852e-01  7.57711101e-03  1.15045510e-01  6.77997693e-02]
 [-1.49117103e-02 -1.40969992e-01  1.17208824e-01 -8.28926712e-02  1.42771527e-02 -2.22302064e-01 -7.02343807e-02 -2.84130692e-01  8.62173885e-02 -1.40381325e-03  6.65119737e-02 -1.70751661e-01 -1.94229074e-02  1.02192320e-01  8.67683142e-02]
 [ 5.36027327e-02 -8.60546678e-02  5.05879940e-03  2.42535006e-02 -4.14324403e-02 -1.94533423e-01 -1.38151199e-02 -1.58145204e-01 -3.54934372e-02  3.47001255e-02 -8.94274935e-03 -8.64760131e-02  4.17822413e-02  1.16003118e-01  4.69606183e-02]
 [ 5.47083914e-02 -4.68433127e-02 -3.39909904e-02  5.87007962e-02 -3.34209614e-02 -1.28743172e-01  2.37752758e-02 -6.65128604e-02 -5.38213812e-02  2.37446260e-02 -3.25266384e-02 -3.61645482e-02  4.88223024e-02  8.78903940e-02  4.45314944e-02]
 [ 3.47882919e-02 -9.75483805e-02  3.36515978e-02 -2.44467589e-03 -2.52822824e-02 -1.97900578e-01 -2.84054372e-02 -1.81059614e-01 -5.76174445e-03  1.95355304e-02  1.24449413e-02 -1.03784405e-01  2.47510653e-02  1.07772142e-01  5.58352321e-02]
 [ 3.56609449e-02 -8.11096132e-02  1.34535404e-02  8.32338445e-03 -1.59943253e-02 -1.66816324e-01 -1.38139725e-02 -1.53493911e-01 -4.58829710e-03  2.69235410e-02 -3.33034666e-03 -8.26703236e-02  2.85887867e-02  1.01549476e-01  5.63940816e-02]
 [ 6.56844825e-02 -5.59101775e-02 -3.28269899e-02  5.74966259e-02 -4.56694365e-02 -1.54628992e-01  1.24364626e-02 -8.77083689e-02 -6.50063902e-02  2.97598355e-02 -3.32414284e-02 -4.64205332e-02  5.25293238e-02  1.00861825e-01  3.50560993e-02]
 [ 3.37264203e-02 -8.09242278e-02  1.33649465e-02  7.71727506e-03 -1.43098822e-02 -1.63916364e-01 -1.32390885e-02 -1.49587169e-01 -1.21884374e-03  2.46272497e-02 -3.67716793e-03 -8.04276094e-02  2.60584429e-02  9.92629230e-02  5.82315177e-02]
 [ 4.68740165e-02 -7.43361339e-02 -1.47105660e-04  2.28905454e-02 -2.78109442e-02 -1.67745709e-01 -1.05482750e-02 -1.32954046e-01 -2.64989678e-02  2.43420675e-02 -1.15851108e-02 -7.23498985e-02  3.48177850e-02  1.03200205e-01  4.76933159e-02]]
R_hid(hidden representaion to predict r):
[[6.19243920e-01 0.00000000e+00 5.78684151e-01 2.00627550e-01 1.41101408e+00 6.02993846e-01 0.00000000e+00 0.00000000e+00 0.00000000e+00 4.01538759e-01 0.00000000e+00 7.47068346e-01 1.53438628e-01 2.31665969e-01 7.32195318e-01]
 [3.35002095e-01 0.00000000e+00 0.00000000e+00 0.00000000e+00 5.03264666e-01 0.00000000e+00 0.00000000e+00 0.00000000e+00 1.59533992e-01 6.99414685e-02 0.00000000e+00 0.00000000e+00 4.63752747e-02 0.00000000e+00 0.00000000e+00]
 [5.42188525e-01 1.03736475e-01 0.00000000e+00 1.30560249e-01 9.12401915e-01 3.31516892e-01 0.00000000e+00 0.00000000e+00 1.02528021e-01 2.59101838e-01 3.28800231e-01 9.10432518e-01 1.24826372e-01 0.00000000e+00 0.00000000e+00]
 [1.73566595e-01 0.00000000e+00 0.00000000e+00 0.00000000e+00 9.67691243e-01 0.00000000e+00 6.47335500e-02 0.00000000e+00 6.70332491e-01 0.00000000e+00 7.06156254e-01 0.00000000e+00 0.00000000e+00 0.00000000e+00 0.00000000e+00]
 [5.56323230e-02 0.00000000e+00 0.00000000e+00 0.00000000e+00 1.15360886e-01 0.00000000e+00 0.00000000e+00 0.00000000e+00 2.53860746e-03 2.23326101e-03 0.00000000e+00 3.12029332e-01 1.51611105e-01 0.00000000e+00 0.00000000e+00]
 [5.32918453e-01 0.00000000e+00 0.00000000e+00 0.00000000e+00 9.63404357e-01 3.55593979e-01 2.18286842e-01 0.00000000e+00 3.25127095e-01 0.00000000e+00 6.86578512e-01 1.24403544e-01 5.28138597e-04 0.00000000e+00 0.00000000e+00]
 [0.00000000e+00 0.00000000e+00 0.00000000e+00 0.00000000e+00 9.86905470e-02 0.00000000e+00 0.00000000e+00 0.00000000e+00 2.82601863e-01 2.31953058e-02 5.67006946e-01 9.71692204e-02 0.00000000e+00 0.00000000e+00 0.00000000e+00]
 [8.10249522e-02 0.00000000e+00 0.00000000e+00 0.00000000e+00 1.60766497e-01 2.45546937e-01 0.00000000e+00 0.00000000e+00 1.93009034e-01 2.78005272e-01 0.00000000e+00 9.59244192e-01 0.00000000e+00 0.00000000e+00 0.00000000e+00]
 [2.18563274e-01 0.00000000e+00 4.45777215e-02 0.00000000e+00 4.34157401e-01 0.00000000e+00 1.10151589e-01 0.00000000e+00 1.01724528e-01 0.00000000e+00 3.00610900e-01 0.00000000e+00 0.00000000e+00 0.00000000e+00 0.00000000e+00]
 [0.00000000e+00 0.00000000e+00 0.00000000e+00 4.34353091e-02 4.49712306e-01 1.82637811e-01 0.00000000e+00 1.91102535e-01 4.10221934e-01 0.00000000e+00 0.00000000e+00 0.00000000e+00 0.00000000e+00 0.00000000e+00 4.47664946e-01]
 [0.00000000e+00 3.97536270e-02 0.00000000e+00 0.00000000e+00 7.96374261e-01 0.00000000e+00 0.00000000e+00 0.00000000e+00 5.09450436e-01 0.00000000e+00 2.92108264e-02 3.46769869e-01 0.00000000e+00 2.16387764e-01 0.00000000e+00]
 [0.00000000e+00 0.00000000e+00 0.00000000e+00 0.00000000e+00 3.27337533e-01 0.00000000e+00 0.00000000e+00 0.00000000e+00 3.33878964e-01 0.00000000e+00 2.82653749e-01 0.00000000e+00 0.00000000e+00 0.00000000e+00 0.00000000e+00]
 [0.00000000e+00 0.00000000e+00 0.00000000e+00 0.00000000e+00 1.11957498e-01 0.00000000e+00 0.00000000e+00 2.27117583e-01 5.06215692e-01 0.00000000e+00 0.00000000e+00 0.00000000e+00 0.00000000e+00 8.13008547e-02 0.00000000e+00]
 [0.00000000e+00 0.00000000e+00 0.00000000e+00 0.00000000e+00 2.83483535e-01 0.00000000e+00 4.47912253e-02 0.00000000e+00 3.87292415e-01 0.00000000e+00 0.00000000e+00 0.00000000e+00 0.00000000e+00 1.11337610e-01 0.00000000e+00]
 [0.00000000e+00 0.00000000e+00 0.00000000e+00 0.00000000e+00 3.28076094e-01 0.00000000e+00 0.00000000e+00 0.00000000e+00 7.45118022e-01 0.00000000e+00 0.00000000e+00 0.00000000e+00 0.00000000e+00 6.83232918e-02 0.00000000e+00]]
topics:
[[-0.14263026 -0.0950448  -0.10685265  0.2143783   0.02799377  0.20394129  0.4805445   0.13486758  0.23094577  0.09881194 -0.10808007  0.05175196  0.00954396 -0.11846526  0.24979405]
 [ 0.03154783 -0.04973257 -0.16832913  0.02455848  0.11560845  0.01112575 -0.11261819 -0.03929176  0.14568448  0.11991926 -0.11288177  0.07584829 -0.01934408  0.22924529  0.10860296]
 [-0.0149576   0.09261061 -0.12882085  0.0830618   0.02865103  0.09411068  0.1870361   0.00642047 -0.02691466  0.08943851 -0.00986963  0.01112152  0.17479308 -0.02238724 -0.10260886]
 [-0.03107061  0.22276632 -0.0119909   0.17062157 -0.32135648  0.10154703  0.03340951  0.27918324 -0.35621944 -0.3259586   0.1275704  -0.22692305  0.15016258  0.20884213  0.11019208]
 [-0.07166727 -0.22239847  0.24747372 -0.1960654   0.04694814 -0.30826342 -0.13765468 -0.47886047  0.19770676 -0.01042058  0.14843652 -0.29136428 -0.06780531  0.11836919  0.13133414]
 [ 0.26653054 -0.01512052 -0.00778346 -0.00385531  0.02061873 -0.04960758  0.06439991 -0.17501946 -0.12428777  0.01714806 -0.34957674 -0.06736743 -0.11808623 -0.03288097 -0.03060654]
 [-0.06479122 -0.15870659  0.14375274  0.06299242  0.23269649 -0.08640207  0.06063426  0.02029104  0.12347286  0.04284416  0.06607304  0.09623405 -0.06216285 -0.0146524   0.44310504]
 [-0.01790288  0.26881886 -0.2759125  -0.01137053  0.20157887  0.16398357  0.12434905  0.27097774  0.09427179  0.15472165 -0.15249145  0.4134983   0.1658354  -0.15605326 -0.05818868]
 [ 0.24789914 -0.00410884 -0.21224226  0.26920393 -0.23589775 -0.25979084  0.07514073  0.0554034  -0.3878555   0.10475657 -0.15020147  0.04692771  0.19731392  0.18000674 -0.07762811]
 [-0.03935614 -0.02584189  0.02977447 -0.02296424  0.05942125 -0.01660763 -0.01292814  0.03765825  0.05592442 -0.1370737   0.04653073 -0.01613729 -0.04899163 -0.02960026  0.02794301]]
R:
[[6.84896251e-04 7.06016412e-03 9.03562584e-04 3.74775846e-04 9.15830612e-01 9.78572527e-04 6.70848240e-04 1.04427221e-03 6.62820563e-02 6.17020577e-03]
 [1.94816384e-02 9.76115391e-02 3.82231213e-02 1.36313094e-02 5.45826614e-01 1.69592574e-02 2.28946377e-02 1.40175959e-02 1.39772564e-01 9.15817618e-02]
 [3.17398948e-03 3.12977992e-02 6.22416148e-03 2.07266281e-03 8.77784371e-01 5.12920506e-03 2.92016473e-03 3.42193316e-03 5.20384945e-02 1.59372110e-02]
 [6.12998055e-03 5.07223383e-02 1.76963881e-02 5.27033396e-03 6.77730918e-01 8.87352694e-03 5.01503935e-03 9.14630108e-03 1.94298580e-01 2.51166373e-02]
 [4.87155691e-02 9.96171981e-02 5.88808991e-02 3.10072489e-02 3.37306708e-01 4.09303829e-02 5.79690076e-02 3.59102711e-02 1.53022736e-01 1.36640027e-01]
 [3.78721394e-03 2.62103397e-02 7.21932016e-03 2.47543561e-03 7.48241842e-01 5.26594417e-03 1.92005641e-03 5.43694897e-03 1.80882975e-01 1.85600575e-02]
 [1.25940572e-02 1.06850870e-01 2.47341581e-02 7.47241732e-03 4.79469299e-01 1.45172421e-02 1.50080128e-02 8.13243538e-03 2.19705313e-01 1.11516252e-01]
 [1.27040800e-02 4.69628721e-02 1.70716550e-02 1.02738533e-02 6.25248075e-01 1.61535107e-02 1.12149622e-02 1.25417095e-02 1.29510075e-01 1.18319206e-01]
 [2.63220780e-02 7.57913217e-02 3.08428630e-02 1.84014905e-02 3.90178621e-01 2.53857039e-02 1.76745467e-02 2.31903177e-02 3.27904761e-01 6.43082336e-02]
 [4.44785804e-02 8.08146819e-02 5.40602244e-02 3.80998105e-02 2.19170645e-01 4.30333205e-02 4.43610586e-02 3.45063321e-02 2.97991574e-01 1.43483743e-01]
 [1.80774666e-02 6.12374656e-02 2.55392659e-02 1.47886416e-02 4.32703584e-01 1.95669234e-02 1.97394211e-02 1.96579974e-02 2.75016546e-01 1.13672696e-01]
 [2.58949585e-02 9.28904489e-02 5.28519489e-02 2.26111431e-02 3.74169976e-01 3.62597816e-02 2.93807443e-02 2.90823709e-02 2.46296823e-01 9.05617923e-02]
 [3.38848121e-02 8.01239312e-02 4.16400470e-02 2.66670492e-02 2.55064458e-01 3.82583588e-02 2.59824563e-02 2.84222849e-02 3.41897458e-01 1.28059179e-01]
 [3.12821046e-02 9.37115401e-02 4.06434052e-02 2.27718391e-02 3.70012283e-01 3.57006639e-02 2.74827722e-02 3.25212032e-02 2.42031589e-01 1.03842594e-01]
 [2.36451291e-02 8.80244896e-02 3.62510569e-02 2.28864606e-02 3.37713867e-01 3.41119729e-02 2.36440971e-02 2.79144198e-02 2.84892082e-01 1.20916449e-01]]
cosine similarity of topic:
[[ 1.00000024e+00 -4.30452055e-05  2.75054187e-01  2.66903662e-05 -6.09776871e-05 -2.91539509e-05 -8.98984799e-05  4.73481596e-05 -3.94075096e-06 -5.27337143e-05]
 [-4.30452055e-05  1.00000012e+00  9.12415771e-07  9.43254345e-05  4.90265411e-05  1.17142954e-05  8.07530378e-05 -5.06905271e-05 -3.03823526e-05 -4.59853982e-05]
 [ 2.75054187e-01  9.12415771e-07  9.99999762e-01 -1.37124589e-04 -7.83853320e-05  1.68274899e-04 -1.09259694e-04  5.13756640e-05  1.32380665e-04  4.52308741e-05]
 [ 2.66903662e-05  9.43254345e-05 -1.37124589e-04  1.00000012e+00 -3.40284896e-05  1.98930084e-05  3.15658581e-05  2.31831200e-05 -9.42891711e-05 -5.96495192e-05]
 [-6.09776871e-05  4.90265411e-05 -7.83853320e-05 -3.40284896e-05  9.99999821e-01  6.85660125e-05 -1.28203446e-05 -5.89440763e-01 -2.44628191e-01 -1.73092209e-04]
 [-2.91539509e-05  1.17142954e-05  1.68274899e-04  1.98930084e-05  6.85660125e-05  1.00000012e+00 -9.83154223e-07 -1.29991213e-05 -3.46272500e-05  2.01859628e-04]
 [-8.98984799e-05  8.07530378e-05 -1.09259694e-04  3.15658581e-05 -1.28203446e-05 -9.83154223e-07  9.99999702e-01  2.98994132e-06 -7.47855374e-05 -1.79083895e-06]
 [ 4.73481596e-05 -5.06905271e-05  5.13756640e-05  2.31831200e-05 -5.89440763e-01 -1.29991213e-05  2.98994132e-06  1.00000000e+00 -5.77790415e-05  1.82502205e-04]
 [-3.94075096e-06 -3.03823526e-05  1.32380665e-04 -9.42891711e-05 -2.44628191e-01 -3.46272500e-05 -7.47855374e-05 -5.77790415e-05  1.00000012e+00  2.59917106e-05]
 [-5.27337143e-05 -4.59853982e-05  4.52308741e-05 -5.96495192e-05 -1.73092209e-04  2.01859628e-04 -1.79083895e-06  1.82502205e-04  2.59917106e-05  9.99999940e-01]]
