hidden representaion(r*topic):
[[ 0.19283834  0.032199   -0.02659465  0.01552868  0.0386141   0.01239878  0.12060021 -0.1096232  -0.07244606  0.05197912 -0.12893623 -0.01379737 -0.03257772 -0.0634701  -0.00902302]
 [-0.03718818  0.13291276 -0.10693221  0.1787953  -0.2532764   0.08319713  0.12121563  0.22641762 -0.28978106 -0.09740195  0.11848076 -0.14108594  0.22998674  0.16440004  0.11098587]
 [-0.17331724 -0.00643433 -0.15972385  0.21348627  0.05159679  0.23146641  0.47125855  0.15200235  0.18596286  0.1276348   0.05958912  0.10897443  0.13292614 -0.11793465  0.16672203]
 [-0.07102991  0.07814693 -0.14580373  0.12622645  0.01679753  0.11762685  0.2535795   0.04118333  0.00962607 -0.02390071 -0.05700786 -0.01548644  0.08531242 -0.0307319  -0.02179074]
 [-0.01436209  0.06394802 -0.04282497  0.10530961 -0.15912075  0.01883707  0.06617709  0.08625084 -0.17392866 -0.09551205  0.06508411 -0.13413766  0.13868415  0.15188977  0.08477601]
 [-0.06181251  0.08975782 -0.13943279  0.13033032 -0.02440745  0.10764692  0.22486342  0.06370053 -0.04204852 -0.04132601 -0.03620985 -0.0394316   0.10456013  0.00168758 -0.01025026]
 [ 0.00134432  0.08350418 -0.05607702  0.11517464 -0.16828275  0.03681187  0.07506676  0.13684459 -0.21467155 -0.08994444  0.08312042 -0.11727267  0.14770213  0.12344571  0.09573527]
 [-0.06414454  0.05631379 -0.11916797  0.10680573  0.02359121  0.09344681  0.2264531   0.00898325  0.02495413 -0.02949217 -0.05551116 -0.02681544  0.06913926 -0.01663689 -0.01613228]
 [-0.03887321  0.04354524 -0.06114544  0.11984532 -0.03387539  0.04543747  0.12234456  0.08962705 -0.05559115 -0.04402522 -0.00367233 -0.03731718  0.0736265   0.05974579  0.11150467]
 [ 0.07471345  0.19212644 -0.16680756  0.04323426  0.06512074  0.09751175  0.08217873  0.1700837  -0.00183624  0.0554032  -0.18576121  0.24277696  0.04687264 -0.07236046 -0.01653877]
 [-0.02618713  0.13576408 -0.10517757  0.15967946 -0.22492647  0.06718531  0.09838893  0.19030267 -0.27858967 -0.11018661  0.08122524 -0.14298609  0.2030036   0.15792154  0.07685748]
 [-0.01957019  0.08006401 -0.06788215  0.12335455 -0.1063658   0.02868032  0.03706473  0.12056807 -0.14030398 -0.07693047  0.02645743 -0.09041174  0.09780872  0.15570062  0.12093914]
 [ 0.02095751  0.02671197 -0.05981509  0.03275413  0.11621159 -0.02407468 -0.11777412 -0.04048731  0.15497401 -0.00644042 -0.08717845  0.01573464 -0.11471874  0.20070015  0.11626685]
 [-0.03638431  0.09732738 -0.0930922   0.1411972  -0.13255839  0.06282613  0.11255638  0.14066572 -0.16924383 -0.07824729  0.03812284 -0.0942133   0.1433016   0.11291316  0.08518752]
 [-0.0216587   0.10513401 -0.07245366  0.14664112 -0.18644983  0.03840819  0.05765276  0.1694557  -0.24004914 -0.10259563  0.06379554 -0.12978844  0.16185653  0.16773723  0.11948764]]
R_hid(hidden representaion to predict r):
[[ 6.14349937e+00  1.21356735e+01  3.55078602e+00  4.19237804e+00 -8.76962781e-01  7.86936283e+00 -9.21532059e+00  2.43229818e+00  5.70286703e+00 -1.66243148e+00 -1.42299347e+01  2.30178833e+01 -2.83532083e-01  1.88136482e+00 -9.25321484e+00]
 [-1.57869935e+00 -1.67951703e+00 -5.05886126e+00  3.93233109e+00  4.06469488e+00 -4.30808067e+00  5.10897732e+00  2.40864868e+01  4.36830193e-01  4.25422716e+00 -3.04694748e+00 -5.66808939e-01  6.35960698e-01 -2.10505176e+00  3.38684845e+00]
 [ 1.32383609e+00  1.27855110e+01  1.11262178e+00  6.05485582e+00 -3.60422432e-02 -5.59317112e-01  3.40711832e+00  1.48994274e+01  4.87736082e+00 -5.60569429e+00 -4.93871307e+00  3.34795594e+00  2.75976944e+00  5.11744738e-01 -1.33479185e+01]
 [-1.74315917e+00  1.41588669e+01 -1.49566010e-02  5.26497936e+00 -4.54004817e-02 -7.47568560e+00  1.08994246e+01  6.47023201e+00  1.17980969e+00 -6.53000402e+00  5.02748108e+00  3.13988686e+00  2.30034995e+00  2.67390721e-02 -3.28065062e+00]
 [ 1.49207234e+00  8.43000472e-01 -4.05981922e+00 -1.14995933e+00  4.15868521e+00  4.17443156e-01  1.67783058e+00 -1.42927551e+00 -1.07627153e-01  2.26566195e-01 -4.21300411e+00  7.00479746e-02  2.88787532e+00 -1.32576972e-01  4.11862612e-01]
 [-1.53855562e+00  1.26727066e+01  3.53300691e-01  5.24076557e+00 -1.52846301e+00 -8.11717033e+00  4.71139574e+00  1.45729694e+01  2.18604112e+00 -6.89885950e+00 -3.88317323e+00  7.07120514e+00  1.00801206e+00 -2.47999549e-01 -1.39782691e+00]
 [ 5.43180168e-01 -1.36106324e+00 -3.69171238e+00 -1.07232237e+00  1.63415184e+01 -2.02537322e+00 -2.66027641e+00  2.23995533e+01 -5.95515013e+00  9.29163837e+00 -2.04171896e+00 -1.44769996e-03 -4.47291613e-01 -1.18252325e+01  5.29722393e-01]
 [-3.87665319e+00  7.68682361e-02 -7.05210805e-01  9.71604228e-01 -7.62541866e+00 -1.64869964e+00  3.31978559e+00  4.48438942e-01 -1.77835584e+00  3.07987237e+00  4.93400991e-02 -2.91196489e+00 -6.59406930e-02  3.95098537e-01 -1.09919518e-01]
 [ 6.25750422e-01  5.63193321e+00  9.85291660e-01  1.87321973e+00 -1.38960218e+00 -2.73080802e+00  7.59335899e+00 -3.60725427e+00  4.67566013e-01 -1.52274179e+00 -3.98391604e+00 -4.71388578e-01 -5.23406684e-01  7.77727878e-03 -4.91636467e+00]
 [ 4.39821333e-01 -1.09969676e-02 -9.18653369e-01  3.67635250e-01  6.57389760e-01  5.00006914e-01  1.19884908e-02 -8.20814490e-01  1.01196766e-03  6.30686998e-01 -8.61223042e-01  9.31932211e-01 -4.57358170e+00 -1.30866241e+00 -5.30624390e-03]
 [-1.64085007e+00  4.02793074e+00 -3.72978806e-01  2.85063171e+00  1.36447906e-01 -6.97927999e+00  9.10853100e+00  8.09146118e+00  2.98807931e+00 -1.81920671e+00  3.06508732e+00 -1.14636946e+00  6.03118610e+00  3.90081406e-01 -3.81904507e+00]
 [-4.14566994e-01  1.02555799e+00  1.50041628e+00 -3.22579908e+00 -7.17818737e-02 -2.89886570e+00  6.94264126e+00  2.29779935e+00  1.44017190e-01 -2.59851050e+00 -4.17957902e-01 -4.79987192e+00 -5.91465950e-01  5.00429273e-01 -6.03478241e+00]
 [-1.10178709e+00  1.25569594e+00  4.69245481e+00 -3.71242493e-01  4.22992945e-01 -9.38192010e-02  1.36318064e+00  2.39643717e+00  1.46659505e+00  9.02205467e-01  7.50979176e-04 -4.40536737e+00 -3.23996693e-01 -1.20014322e+00 -8.34728837e-01]
 [ 4.36422288e-01  4.08186007e+00  8.71478796e-01  5.86159229e-01 -4.68066156e-01 -3.70681548e+00  8.53182507e+00 -3.77225876e-03  7.29020238e-02 -2.03098297e+00 -1.57575130e+00 -1.63582301e+00  1.46766126e+00  2.09283993e-01 -3.33078384e+00]
 [-3.75428486e+00  3.55929017e+00 -4.75550890e-02  4.08916473e-01  3.69717538e-01 -6.04240322e+00  5.73232841e+00  5.16454554e+00  1.34034634e+00 -3.02108383e+00  2.98536491e+00 -5.91938305e+00  1.37831497e+00  4.49253082e-01 -5.58148527e+00]]
topics:
[[-0.19502637 -0.02420609 -0.16243707  0.23256063  0.05722319  0.25563717  0.5170193   0.17703539  0.22174479  0.15963     0.08579227  0.1348089   0.14411387 -0.13528897  0.20807655]
 [ 0.02222624  0.03508556 -0.0730641   0.03966403  0.12535243 -0.01981804 -0.13028115 -0.03658443  0.16129583 -0.00360619 -0.09365573  0.0162301  -0.12728556  0.21428782  0.11938338]
 [-0.07050961  0.07753848 -0.14710431  0.12259424  0.02672422  0.11697076  0.25496012  0.0319135   0.0181604  -0.02373595 -0.06596991 -0.01280919  0.07883991 -0.03688522 -0.03046959]
 [-0.00729192  0.16538717 -0.09482329  0.17362446 -0.32861763  0.04978353  0.04136449  0.24771854 -0.4040504  -0.15045446  0.13664167 -0.20175733  0.2558348   0.23246118  0.10134254]
 [ 0.02243009 -0.2797039   0.2954909  -0.15518059 -0.01016053 -0.25038335 -0.1442555  -0.411742    0.17053993 -0.11997098  0.10341261 -0.25868702 -0.07344182  0.25062925  0.11884524]
 [ 0.29081967  0.04565569  0.00781066 -0.04065664  0.03563475 -0.04826067  0.02104301 -0.18355563 -0.1450977   0.02627508 -0.18333669 -0.05092743 -0.07773253 -0.04690143 -0.06370745]
 [-0.08768903 -0.20281741  0.18623777  0.09910484  0.19197628 -0.10207254  0.05538487  0.0062747   0.14024821  0.01787631 -0.11190078  0.04539643 -0.10097092 -0.01085191  0.45375565]
 [-0.00639877  0.32556197 -0.31418797  0.03796272  0.12443645  0.23282744  0.12415359  0.3634608   0.09148376  0.14759001 -0.25594673  0.48458335  0.12708132 -0.1532373  -0.03190544]
 [ 0.25212276  0.16434577 -0.01864756  0.32963726 -0.27621308 -0.18976834  0.04046385  0.16428772 -0.36022732 -0.23577331 -0.15385994 -0.04651484  0.00476483  0.22635967 -0.05095882]
 [-0.02742529 -0.01242123  0.00472239 -0.03719233  0.07730235 -0.01513404 -0.00870566  0.04372036  0.05326083 -0.12347911  0.10940146  0.00693711 -0.03094055 -0.02610532  0.02889796]]
R:
[[2.00302437e-01 5.85191273e-08 5.10316575e-04 1.09206641e-03 3.06347215e-06 7.94915497e-01 1.00630896e-05 1.08382563e-04 3.05793528e-03 2.36569576e-07]
 [1.49358377e-01 5.10124992e-05 4.16525453e-02 8.01603079e-01 1.61704805e-03 2.42995610e-03 1.85030342e-06 3.26698320e-03 9.93478125e-07 1.81546511e-05]
 [8.26134384e-01 4.11766251e-07 1.72938421e-01 9.13378317e-04 5.11907217e-07 4.32914567e-06 1.62796368e-07 8.20871173e-06 5.05341227e-08 1.07028704e-07]
 [1.95218846e-02 2.57767999e-04 9.50223804e-01 2.97680870e-02 1.71973852e-06 7.09041501e-08 1.22680998e-04 1.03284896e-04 4.67519090e-09 6.91091429e-07]
 [3.51395495e-02 2.86700800e-02 1.83760941e-01 5.30177414e-01 1.45403937e-01 2.09245868e-02 2.32629180e-02 1.62171088e-02 6.88496279e-03 9.55852307e-03]
 [3.59804323e-03 4.25331382e-06 8.50947678e-01 1.44566491e-01 9.89030127e-07 3.20578266e-07 6.29847811e-04 2.52298458e-04 6.10409678e-09 7.12859318e-08]
 [9.87001285e-02 1.46005570e-03 6.45257626e-03 5.90492010e-01 3.30781713e-02 1.06482349e-01 3.18741314e-02 4.98389476e-04 9.14056000e-06 1.30953074e-01]
 [3.89320019e-04 7.32294517e-03 9.18825567e-01 8.86986963e-03 5.55036329e-02 3.48667636e-05 7.63034215e-03 1.22411025e-03 1.66876911e-04 3.24953726e-05]
 [7.28485808e-02 8.76838714e-02 2.96538949e-01 2.68445164e-01 6.99173799e-03 2.31188256e-02 1.49250150e-01 1.22865504e-02 1.72042828e-02 6.56319037e-02]
 [5.90749038e-03 1.81836709e-02 2.66579669e-02 5.67782763e-03 1.42205111e-03 2.24915728e-01 2.89560258e-02 5.30000269e-01 7.94567242e-02 7.88222477e-02]
 [1.86382532e-02 1.11754248e-02 2.32205570e-01 7.20136642e-01 1.30759954e-05 5.66920880e-06 1.28855668e-02 4.12768545e-03 7.94815325e-09 8.12045299e-04]
 [8.51825252e-03 2.33273938e-01 1.46337345e-01 4.89734411e-01 1.22186425e-03 2.85405345e-04 1.00401416e-01 2.02772557e-03 4.95880431e-06 1.81946419e-02]
 [2.89375661e-03 8.99125695e-01 2.05025636e-03 1.35386048e-03 4.59786206e-02 1.90140505e-03 8.35246313e-03 2.64882743e-02 4.77521820e-03 7.08036683e-03]
 [3.27002518e-02 6.43675774e-02 3.10895026e-01 5.02551675e-01 1.31580292e-03 6.82229875e-04 6.35308176e-02 6.35856763e-03 5.17408698e-05 1.75463129e-02]
 [2.20008218e-03 8.63441676e-02 1.34489566e-01 6.71226561e-01 9.46394284e-05 4.26208535e-05 9.85830501e-02 2.43658386e-03 5.66725795e-08 4.58263978e-03]]
cosine similarity of topic:
[[ 1.00000012e+00 -6.31300572e-05  7.73579836e-01 -2.83029513e-05 -8.69559881e-06 -3.00221741e-01  1.52060593e-05 -2.62559503e-02  1.39930935e-05 -1.83198266e-04]
 [-6.31300572e-05  1.00000024e+00  4.51792539e-06  3.27331145e-05  2.75208622e-01 -6.60523438e-05  1.37010848e-05 -7.06368301e-05 -2.51577236e-04  1.96153400e-04]
 [ 7.73579836e-01  4.51792539e-06  1.00000036e+00 -1.45620688e-05  1.94714867e-05 -1.69832747e-05  7.20688840e-05  1.73704611e-05 -3.56665714e-06 -1.08544868e-04]
 [-2.83029513e-05  3.27331145e-05 -1.45620688e-05  9.99999881e-01 -1.74599318e-05 -7.57026937e-05 -3.82718717e-05  2.71994395e-05  2.68030494e-01  1.16782605e-04]
 [-8.69559881e-06  2.75208622e-01  1.94714867e-05 -1.74599318e-05  9.99999821e-01  5.30610996e-05 -6.70966983e-05 -8.06111455e-01 -1.10277526e-01 -7.15970891e-05]
 [-3.00221741e-01 -6.60523438e-05 -1.69832747e-05 -7.57026937e-05  5.30610996e-05  1.00000012e+00  5.48743155e-05 -6.75489209e-05  1.72617983e-05  1.27826264e-04]
 [ 1.52060593e-05  1.37010848e-05  7.20688840e-05 -3.82718717e-05 -6.70966983e-05  5.48743155e-05  9.99999821e-01  2.72117595e-05 -1.02848157e-04 -9.96792951e-05]
 [-2.62559503e-02 -7.06368301e-05  1.73704611e-05  2.71994395e-05 -8.06111455e-01 -6.75489209e-05  2.72117595e-05  1.00000024e+00 -1.31001259e-04  1.73048466e-04]
 [ 1.39930935e-05 -2.51577236e-04 -3.56665714e-06  2.68030494e-01 -1.10277526e-01  1.72617983e-05 -1.02848157e-04 -1.31001259e-04  9.99999583e-01 -1.85761062e-04]
 [-1.83198266e-04  1.96153400e-04 -1.08544868e-04  1.16782605e-04 -7.15970891e-05  1.27826264e-04 -9.96792951e-05  1.73048466e-04 -1.85761062e-04  1.00000000e+00]]
