hidden representaion(r*topic):
[[ 0.34518567 -0.2413005   0.28477606  0.2696894   0.07009905  0.22157852  0.29153144 -0.16430046  0.22370489 -0.08998505 -0.37628886 -0.19949916 -0.39305633  0.2895796  -0.04215447  0.30759493]
 [ 0.23803976 -0.22958146  0.24067907  0.20045379  0.04057617  0.16654077  0.26195112 -0.05596509  0.17064561 -0.09319032 -0.29056647 -0.15578583 -0.3026434   0.18760167 -0.08513752  0.17194057]
 [ 0.34515238 -0.24129683  0.2847624   0.26966786  0.07008985  0.2215614   0.29152226 -0.16426674  0.22368833 -0.08998611 -0.3762622  -0.19948569 -0.39302826  0.2895478  -0.04216792  0.30755258]
 [ 0.34373537 -0.24114057  0.28418124  0.26875076  0.06969851  0.22083275  0.29113185 -0.16283135  0.2229839  -0.09003114 -0.37512648 -0.19891179 -0.3918332   0.2881943  -0.04274026  0.30575085]
 [ 0.34511513 -0.24129257  0.2847469   0.26964366  0.07007957  0.2215422   0.29151192 -0.16422924  0.22366999 -0.08998713 -0.37623242 -0.19947036 -0.39299673  0.28951234 -0.04218282  0.3075055 ]
 [ 0.34469804 -0.24124672  0.28457606  0.2693738   0.06996437  0.22132777  0.2913971  -0.1638065   0.22346246 -0.09000055 -0.37589803 -0.19930166 -0.39264506  0.28911382 -0.04235144  0.3069749 ]
 [ 0.3450911  -0.24128991  0.28473663  0.26962823  0.07007302  0.2215299   0.29150516 -0.16420543  0.2236585  -0.08998749 -0.37621346 -0.19945997 -0.3929763   0.2894899  -0.042192    0.3074759 ]
 [ 0.34516135 -0.24129781  0.28476608  0.26967368  0.07009234  0.22156602  0.29152474 -0.16427583  0.2236928  -0.08998583 -0.37626937 -0.19948931 -0.39303583  0.28955638 -0.0421643   0.307564  ]
 [-0.46624652 -0.30537033 -0.2869255  -0.07984113 -0.04535647 -0.10189451 -0.02296048  0.34159917  0.14874972  0.20076908  0.03144046  0.6341725   0.3666282   0.09340873  0.09580044  0.20012328]
 [-0.46664676 -0.30545834 -0.2871916  -0.07999353 -0.04537147 -0.10202709 -0.02303491  0.34190324  0.14873548  0.20095257  0.03156677  0.6346806   0.36697146  0.09342773  0.09586263  0.20018402]
 [ 0.19268532 -0.25187176  0.17928673  0.20241904  0.04738303  0.15992253  0.23306797 -0.06666797  0.20681487 -0.03810193 -0.29747576 -0.04725036 -0.25084144  0.24752691 -0.02021247  0.27926528]
 [-0.4666882  -0.30547288 -0.28722122 -0.08000561 -0.04537193 -0.10203878 -0.02304015  0.34192395  0.14873649  0.20097989  0.03157227  0.6347459   0.367003    0.09344406  0.09587907  0.20021586]
 [-0.43840533 -0.29974675 -0.26670042 -0.06948831 -0.04339255 -0.09259394 -0.0147686   0.32411033  0.14868222  0.18766361  0.02166229  0.5988095   0.34131745  0.09212413  0.08856487  0.1939039 ]
 [-0.46664593 -0.3054602  -0.28719538 -0.07999059 -0.04537007 -0.10202557 -0.02303693  0.3418962   0.1487408   0.2009575   0.03156283  0.6346875   0.3669722   0.09343688  0.09587071  0.20019934]
 [-0.46052778 -0.30380288 -0.28133735 -0.07857546 -0.04529922 -0.10026807 -0.02025631  0.34014687  0.14709091  0.19653381  0.03029212  0.6247766   0.36085266  0.09075032  0.09169809  0.19448742]
 [-0.46661764 -0.30545303 -0.2871581  -0.07998776 -0.04537058 -0.10201817 -0.02301301  0.34189972  0.14872226  0.20093098  0.0315576   0.634634    0.36693612  0.09341585  0.09583666  0.20015576]]
R_hid(hidden representaion to predict r):
[[ 6.8102539e-02  4.6046696e+00  1.5858219e+00  5.0268793e+00  1.3906000e+01  1.5042114e-01 -6.7165174e+00 -1.4957381e+00 -2.7763741e+00  1.3272136e+00 -2.3345785e+00  6.0833797e+00  8.6343393e+00 -1.1140675e+01  2.8096840e-02  1.4702858e+01]
 [-3.5818446e+00  6.8801193e+00 -3.6301858e+00 -5.1384026e-01  8.2275905e-02 -2.2389840e-01  2.5666660e-01  1.3321770e+00  7.0212609e-01 -1.6964810e+00  5.2759767e+00 -9.1606188e-01  2.7424019e-02 -1.7998713e-01 -3.5050815e-01  2.3403481e-02]
 [-3.5774216e-01 -1.7002362e-01 -2.7384944e+00  1.9116631e+00  6.7411113e-01 -3.0344081e-01  6.0598135e-01 -5.5566245e-01  1.0775336e+00 -1.3019581e+00  8.6711764e-02 -1.7808971e-01  8.7511115e-02  1.2987187e+00 -7.8321302e-01  7.3970193e-01]
 [-2.1879554e-01 -1.8374134e+00 -1.1979563e+00  1.9204752e-01 -1.4186433e-01  2.8732210e-02  2.1213002e+00  3.7990309e-02 -4.3435323e-01 -2.4021959e+00  2.6819748e-01  6.3334964e-02 -1.5544928e+00 -9.7144043e-01 -1.3851924e+00  1.7578234e-01]
 [-8.3997774e-01  3.9565724e-01 -3.7421579e+00  5.0524349e+00  1.2710623e-02  2.7723593e-01 -2.7219407e-02  1.1481351e-01  8.2652450e-02 -3.4456056e-01  9.0702787e-02 -4.1973233e-02  5.9469730e-02  5.3101826e-01  3.6728927e-01  6.8006110e-01]
 [-1.6106157e+00  7.0078939e-02 -1.0998652e+00 -2.2598833e-01 -2.1906398e-02 -2.4685019e-03 -7.3367560e-01  9.7284615e-02  7.6817445e-02 -1.5531382e-01  1.1732130e+00 -2.3398200e-01  2.0181322e-01  2.1816730e-02  1.9397001e+00  5.9249036e-02]
 [ 1.0384420e-01  5.5822331e-02  2.1169260e-01  4.6438435e-01  3.4810996e-01 -2.6630032e-01 -3.3837743e-02  1.7502569e-02 -6.5603185e-01  2.8385556e-01  1.6836360e+00 -4.1641530e-02 -6.6007674e-03 -1.7582431e-02 -9.2008454e-01  4.2118015e+00]
 [-1.0390910e+00  5.6399310e-01 -5.2921052e+00  5.0993145e-01  1.0614984e+00  5.3930795e-01 -8.4480250e-01 -9.7557902e-03  2.3101424e-01 -2.6253438e+00  3.8448137e-01 -1.3961880e+00 -8.2537818e-01 -2.4353385e+00 -7.2817904e-01  1.7118149e+00]
 [-5.0941789e-01  8.9324310e-02 -1.6743677e+00  1.8637604e+00  1.7172043e+00 -6.8489254e-01  5.2883244e-01 -5.2881283e-01 -7.7162594e-02 -2.5058076e-01  4.3046194e-01 -2.5898838e-01 -2.6460570e-01 -1.0314784e+00 -1.3010354e+00 -3.6748010e-01]
 [-2.4323365e-01  2.1747589e+00 -1.4495055e-02  8.9923397e-02  4.9491954e-01  2.1749558e+00  1.2057233e+00  5.5774257e-02 -3.1527429e+00  3.1320304e-02  6.1796719e-01  5.1635802e-02 -1.2205050e+00  7.6214951e-01 -4.6484103e+00  3.6481624e+00]
 [-3.8294509e-01  3.7678905e+00 -4.0386233e-01  3.1049781e+00  2.2663476e-01  3.0486822e-01  8.4265351e-01  1.4425631e+00 -2.4933736e+00  5.5650961e-01  1.7801841e+00 -8.1580162e-02 -1.2861822e+00  1.6685750e+00 -2.9724910e+00  3.9092240e+00]
 [ 4.0274000e-01  2.6006846e+00 -9.2699006e-02  2.6830193e-01  6.8261623e-01  4.2558575e+00 -9.1351673e-02 -3.9632097e-02 -5.7248144e+00  1.2828377e-01  3.8378537e-02 -1.2319045e-02 -1.4549589e+00 -1.1968473e+00 -2.4043860e+00  3.1417704e+00]
 [-1.2537439e+00  7.2860861e-01 -3.6676612e-01  2.1393508e-02 -2.2674166e-02  3.9322320e-01 -5.3032148e-01 -3.6504978e-01 -7.8026378e-01 -5.7665259e-02  6.0036343e-01 -6.2432796e-02  2.1444394e-01 -6.5116477e-01  7.3070848e-01  1.4732929e+00]
 [-1.7223668e-01  1.6697308e+00  2.0803598e-01  6.6907746e-01  1.5206797e+00  2.9041138e+00 -3.8440120e-01  8.5544109e-02 -3.4672709e+00  3.6495600e-02 -1.6789126e-01  3.4382232e-03 -2.8985989e-01 -1.9305030e+00 -1.7175474e+00  3.1360679e+00]
 [-1.7528225e+00  8.7569082e-01 -1.3601978e+00 -4.2479396e-01  7.1555680e-01  9.0527171e-01  3.8948613e-01  5.3090699e-02 -1.0856537e+00 -1.6403826e-01  2.2238331e+00  3.7225395e-01 -1.0700877e+00  1.6394370e+00 -1.3971332e+00  6.9234037e-01]
 [-6.8777430e-01  1.7416923e+00 -8.6706853e-01 -1.3698503e-01  1.0220041e+00  8.6473930e-01  3.0184761e-02 -4.7202084e-02 -1.8955672e+00  1.5034837e-01  3.4429164e+00  3.4671903e-01 -1.0806816e+00  1.6938117e+00 -1.1560835e+00  2.0076785e+00]]
topics:
[[-0.46669284 -0.30547428 -0.28722423 -0.08000712 -0.04537209 -0.10204021 -0.02304062  0.34192663  0.14873621  0.2009826   0.03157315  0.6347525   0.36700636  0.09344522  0.09588039  0.20021841]
 [-0.11243907 -0.01813639  0.01757525 -0.10658485 -0.06767814 -0.03118853  0.06859536  0.0097135  -0.11773472 -0.02763794 -0.15244672 -0.06598812 -0.06103161 -0.08600564 -0.00950825  0.05964085]
 [-0.07133791  0.03269452 -0.0274378   0.02134543  0.01120131 -0.24245273  0.05065775  0.0505886   0.03005757  0.15056139 -0.03316824 -0.06289964 -0.04269462 -0.07973052 -0.02425593 -0.04015636]
 [-0.03353815 -0.13583067 -0.06686581  0.0598451  -0.03938067  0.02475815 -0.08513127  0.07765628  0.24359958 -0.07241761  0.00396944 -0.01271296  0.14548717 -0.04289927  0.01761992 -0.08729292]
 [ 0.34518567 -0.2413005   0.28477606  0.2696894   0.07009905  0.22157852  0.29153144 -0.16430046  0.22370489 -0.08998505 -0.37628886 -0.19949916 -0.39305633  0.2895796  -0.04215447  0.30759493]
 [ 0.02904229  0.08129554 -0.1124996  -0.09948141 -0.04106139 -0.04490482  0.19292532 -0.04759277  0.25858837  0.01234769 -0.20986165  0.12634972  0.00761061 -0.12338505 -0.18822873 -0.18291278]
 [-0.06848679 -0.19568264  0.11510787  0.00195498 -0.0441471   0.00885914  0.1775507   0.2547364   0.0180516  -0.10313007 -0.04474009 -0.03195788 -0.04417209 -0.10554744 -0.20923983 -0.21839263]
 [-0.06485353 -0.12693286 -0.05162131 -0.10396537 -0.05214414 -0.01385669  0.07427415 -0.02255975  0.01374562  0.03841801 -0.14481863 -0.11029007  0.0164091  -0.00477696 -0.02234945  0.1741787 ]
 [-0.17955065 -0.3232179   0.01926328  0.06084706 -0.33986294 -0.00215978 -0.19618812 -0.35100433 -0.05894256 -0.11305572  0.25610763  0.06550404  0.03862312 -0.22483099  0.18101622  0.02148812]
 [-0.15809217 -0.12893316 -0.01077687  0.35646415  0.06908625  0.07914946  0.02612314 -0.00410742  0.03423397  0.08168092 -0.11300028 -0.08852328 -0.18576069 -0.36850536  0.05540426  0.06669302]]
R:
[[5.84023354e-37 1.61614512e-33 1.13507821e-37 1.48202241e-34 1.00000000e+00 7.21907696e-29 3.74608386e-19 5.94154021e-35 3.17562855e-31 9.74748500e-35]
 [6.29175396e-04 9.69753913e-08 6.09214226e-08 2.04288244e-06 7.41594136e-01 5.80177868e-07 2.57773131e-01 4.83942593e-08 8.19751790e-07 1.39315945e-08]
 [7.85212010e-14 1.73608510e-13 1.80307311e-15 2.80158498e-15 9.99919534e-01 2.25144209e-11 8.04670199e-05 1.89026244e-13 6.98028115e-13 2.33106326e-15]
 [2.10469628e-10 1.65059674e-10 7.89641616e-12 2.21828285e-11 9.96494114e-01 1.64259184e-09 3.50593985e-03 1.57339489e-10 1.83295684e-10 5.07495695e-12]
 [2.32465169e-07 3.68242219e-08 3.89992261e-09 1.10487735e-08 9.99829531e-01 5.58177987e-07 1.69432387e-04 4.27051994e-08 2.39922073e-08 8.72239614e-09]
 [5.76235670e-10 9.31731470e-10 5.01023077e-11 9.23725749e-11 9.98821199e-01 1.17147447e-08 1.17879896e-03 2.14720658e-10 1.00341091e-09 4.98424808e-11]
 [1.27629994e-06 4.63728540e-08 1.29368285e-08 2.38973499e-08 9.99772370e-01 1.12527744e-06 2.24862320e-04 5.36730269e-08 9.94424667e-08 4.10994927e-09]
 [1.05734888e-09 1.31913733e-11 3.65781813e-13 4.71403732e-12 9.99941230e-01 4.28194646e-10 5.87941577e-05 6.53095113e-12 1.36137018e-10 3.12060409e-13]
 [9.99188364e-01 2.57584452e-05 3.82254184e-05 2.77720683e-04 2.97822407e-04 2.00897230e-05 2.15898253e-05 3.14530880e-05 8.13171428e-05 1.77043985e-05]
 [9.99891281e-01 3.43727010e-07 1.94855738e-06 5.72132849e-05 2.74746890e-06 5.27873738e-07 4.03232334e-05 1.75478158e-06 1.51377253e-06 2.20522929e-06]
 [1.78878054e-01 4.00813624e-05 1.77455913e-05 4.01625060e-04 8.03491533e-01 3.07752809e-04 1.65998861e-02 5.67959069e-05 1.77061418e-04 2.95825994e-05]
 [9.99990106e-01 5.35352278e-08 1.27796099e-07 5.91326534e-06 1.23966390e-06 6.72454945e-08 2.09827999e-06 1.65970405e-07 1.43209903e-07 1.67238483e-07]
 [9.50863183e-01 8.10928119e-04 2.31925561e-03 9.11800098e-03 2.11107023e-02 9.86051280e-04 1.02139851e-02 8.71839817e-04 2.59432127e-03 1.11186935e-03]
 [9.99905467e-01 7.96672623e-07 2.66036614e-06 5.82487010e-05 1.85491353e-05 1.10532915e-06 5.42293037e-06 2.78095786e-06 2.82265910e-06 2.01032458e-06]
 [9.85156178e-01 3.59792102e-05 3.49761285e-05 7.88778299e-04 5.78402425e-04 3.06175934e-05 1.31805586e-02 5.46801311e-05 7.75980952e-05 6.22345324e-05]
 [9.99824107e-01 6.50600896e-07 7.31914497e-07 3.04197711e-05 1.04324536e-05 6.71385067e-07 1.29161097e-04 1.21734104e-06 8.53476365e-07 1.67481164e-06]]
cosine similarity of topic:
[[ 1.00000000e+00  8.68360585e-05  1.73781937e-05  5.20707072e-05  6.21486397e-05  4.27374871e-05 -9.05450870e-05  4.29096690e-05  7.34337082e-05  1.02570903e-05]
 [ 8.68360585e-05  9.99999762e-01  1.69064533e-05 -8.61597582e-05 -1.45758328e-04 -8.02867453e-06 -1.03993487e-04  1.10671890e-05 -1.40147995e-05 -2.40008849e-05]
 [ 1.73781937e-05  1.69064533e-05  1.00000024e+00 -2.69652428e-05 -1.07280030e-05  2.59811477e-05  7.49937271e-06  3.26569420e-06  1.19672048e-04  4.56712842e-05]
 [ 5.20707072e-05 -8.61597582e-05 -2.69652428e-05  1.00000012e+00  1.12803218e-05 -3.33206845e-05  7.97525790e-05 -6.34450917e-05  3.08468734e-05  1.04712002e-04]
 [ 6.21486397e-05 -1.45758328e-04 -1.07280030e-05  1.12803218e-05  9.99999881e-01  8.13558145e-05  1.89275688e-05 -7.42873162e-05  7.82279458e-05  3.63752474e-06]
 [ 4.27374871e-05 -8.02867453e-06  2.59811477e-05 -3.33206845e-05  8.13558145e-05  1.00000012e+00  8.21163630e-05 -1.75756995e-05 -9.37280220e-06  1.11022682e-05]
 [-9.05450870e-05 -1.03993487e-04  7.49937271e-06  7.97525790e-05  1.89275688e-05  8.21163630e-05  1.00000000e+00 -2.84069592e-05  6.71081580e-05 -1.82375243e-05]
 [ 4.29096690e-05  1.10671890e-05  3.26569420e-06 -6.34450917e-05 -7.42873162e-05 -1.75756995e-05 -2.84069592e-05  9.99999821e-01 -1.71971606e-05 -3.62287137e-05]
 [ 7.34337082e-05 -1.40147995e-05  1.19672048e-04  3.08468734e-05  7.82279458e-05 -9.37280220e-06  6.71081580e-05 -1.71971606e-05  1.00000060e+00 -1.43311363e-05]
 [ 1.02570903e-05 -2.40008849e-05  4.56712842e-05  1.04712002e-04  3.63752474e-06  1.11022682e-05 -1.82375243e-05 -3.62287137e-05 -1.43311363e-05  1.00000036e+00]]
