hidden representaion(r*topic):
[[-0.24972576 -0.0903181  -0.13719659  0.1615663   0.09472232  0.05481245  0.5222008   0.15819044  0.19226404  0.08308277 -0.09322134  0.06526828  0.0229102  -0.10194955  0.264865  ]
 [-0.24833201 -0.09000198 -0.13648117  0.16094594  0.09469885  0.05444054  0.5198936   0.15740447  0.19154951  0.08245287 -0.0927262   0.06526451  0.02284352 -0.10112528  0.26431948]
 [-0.24888664 -0.08996573 -0.13690104  0.16139922  0.09433968  0.05466001  0.52093023  0.1579066   0.19152108  0.08261437 -0.0927983   0.0651731   0.02315572 -0.10136916  0.26427284]
 [-0.24533537 -0.0886722  -0.13564785  0.15970953  0.0941559   0.05404833  0.51558906  0.15628374  0.18957154  0.08109745 -0.0915169   0.06623156  0.02365477 -0.09978876  0.262126  ]
 [-0.24534999 -0.08806401 -0.13588504  0.16040085  0.09305093  0.05433495  0.51526123  0.15674545  0.188468    0.08107188 -0.09159077  0.0651986   0.02417978 -0.09917177  0.2616872 ]
 [-0.24455743 -0.08768632 -0.13538736  0.16049212  0.09203725  0.05386385  0.5137467   0.15642902  0.18706578  0.08054781 -0.09156097  0.06402235  0.02424669 -0.09820399  0.26136234]
 [-0.23265375 -0.08218353 -0.13185675  0.15668207  0.08896543  0.05239353  0.49588197  0.15234208  0.17813995  0.07522481 -0.08708647  0.0656707   0.02722708 -0.09155777  0.2532955 ]
 [-0.23512931 -0.08241384 -0.1329158   0.15856338  0.08750527  0.05243782  0.49907732  0.1543348   0.17791054  0.07586143 -0.08817773  0.06410434  0.02732636 -0.09147715  0.2549926 ]
 [-0.23277105 -0.08153214 -0.13184296  0.15747193  0.08705746  0.0520414   0.49512145  0.1528767   0.17630418  0.07494178 -0.08745863  0.06391048  0.02762964 -0.09028026  0.25350663]
 [-0.21808702 -0.07094957 -0.12848888  0.15751454  0.07517853  0.05007335  0.4702357   0.15194379  0.15680934  0.06727361 -0.08324905  0.0590784   0.03371099 -0.07646423  0.24328806]
 [-0.20646594 -0.06812386 -0.12360292  0.1521405   0.07553651  0.04888088  0.45393854  0.14464906  0.15175742  0.06280816 -0.07817449  0.06058402  0.03501006 -0.07263603  0.2352571 ]
 [-0.21255507 -0.06583833 -0.12746863  0.15773883  0.0688136   0.04923511  0.45945182  0.15161471  0.14774726  0.06440102 -0.08237992  0.05573271  0.03663323 -0.06997054  0.2389217 ]
 [-0.16528995 -0.01280152 -0.12040073  0.17461805 -0.00470815  0.04332208  0.3603916   0.16111268  0.04760358  0.03856018 -0.08013424  0.00588038  0.06561659 -0.00112358  0.20313595]
 [-0.11666631  0.02840925 -0.10827135  0.18297811 -0.06181932  0.03506553  0.27052927  0.15999931 -0.0355179   0.01291781 -0.07273655 -0.03293693  0.08821582  0.0553359   0.16947962]
 [-0.11271024  0.09322032 -0.12626936  0.23168223 -0.16509534  0.04153191  0.21165662  0.20496745 -0.14794189  0.00886285 -0.103376   -0.11694791  0.12356007  0.12810712  0.15367736]]
R_hid(hidden representaion to predict r):
[[0.         0.02205251 1.2764281  0.         0.         0.         0.1818997  0.51839226 1.667033   1.9309039  0.         0.543984   2.5320191  0.         0.649835  ]
 [0.20546381 0.09470647 0.7959126  0.         0.         0.         0.86394024 0.68057877 1.8680404  2.169599   0.         0.19471806 2.61747    0.         0.08700575]
 [0.         0.0947698  0.6599326  0.         0.         0.26360872 0.39938405 0.62413335 2.0297315  1.869381   0.         0.7196838  2.797459   0.         0.8306348 ]
 [0.         0.20894378 0.99501413 0.         0.         0.7651895  0.55771613 0.43959126 1.7939984  1.7660093  0.         0.78259087 2.7346995  0.         0.90948105]
 [0.         0.         1.1444743  0.         0.         1.2000189  0.13322653 0.9633662  1.6429789  1.7414349  0.3458263  0.80798864 2.5934598  0.         0.96291995]
 [0.         0.         0.99267495 0.         0.         1.3071722  0.         0.3810566  1.6358618  1.6233928  0.36982077 1.0380813  2.4680407  0.         0.9662931 ]
 [0.         0.         1.068688   0.         0.         1.35554    0.         1.0868367  1.8143499  1.7275904  0.747372   1.0245032  2.105705   0.         1.294461  ]
 [0.         0.         1.4289575  0.2911232  0.         1.062309   0.         1.0775297  1.4316632  1.6787951  0.6077987  1.0742896  2.218372   0.         0.91487426]
 [0.         0.         1.3431456  0.50387055 0.         1.5094641  0.         0.6376622  1.6379716  1.9729244  0.5689977  0.609406   2.528717   0.         0.5785144 ]
 [0.         0.         0.7781202  0.53714776 0.         1.2028605  0.         1.15629    1.6563208  1.9460917  1.0257678  0.9646598  1.7300837  0.         1.0346615 ]
 [0.         0.         1.1326649  0.24485315 0.         1.8436856  0.         0.91338944 1.452274   1.4261442  0.8871821  1.3323778  2.073213   0.         1.249238  ]
 [0.         0.         0.6685702  0.6403224  0.         1.3731333  0.         1.1309155  1.8633868  1.99564    1.0467839  0.65849036 1.8307214  0.         0.97482145]
 [0.         0.         0.44221437 1.4319501  0.         1.419604   0.         1.278088   1.4406573  1.6221867  1.2607566  0.7061747  1.3598726  0.         0.7060909 ]
 [0.         0.         0.86077344 0.96083146 0.         1.8964553  0.         0.8354455  0.70556873 1.2874626  1.2634256  1.1807979  1.315944   0.         0.9630608 ]
 [0.         0.         0.45222905 1.4657447  0.         1.3695183  0.         1.5298396  1.0903678  1.3681452  1.6270489  0.3796681  1.1470191  0.         0.69766927]]
topics:
[[-2.56674916e-01 -9.28752571e-02 -1.39492273e-01  1.64518550e-01  9.57046598e-02  5.63222691e-02  5.32186747e-01  1.60934404e-01  1.96548596e-01  8.64265412e-02 -9.59644690e-02  6.31344318e-02  2.16498654e-02 -1.05359636e-01  2.69038469e-01]
 [ 1.83347389e-02 -1.87970512e-02 -2.09472980e-03  3.95291448e-02  1.33079350e-01  1.49774877e-02 -1.36311591e-01 -2.04152018e-02  1.45248026e-01 -3.79538462e-02  2.21824534e-02 -3.10746450e-02 -5.65048158e-02  2.46106684e-01  1.63603559e-01]
 [ 2.14071330e-02  8.14119577e-02 -9.78341475e-02  1.03826530e-01  1.16912918e-02  1.70943514e-01  1.54236943e-01 -8.64806306e-03 -1.09215481e-02  4.69762273e-02  1.68868639e-02  2.03693495e-03  1.76307648e-01 -2.88561545e-02 -1.05589941e-01]
 [-8.96806270e-02  2.84038156e-01 -1.73888355e-01  3.71288955e-01 -4.70199615e-01  6.03604503e-02  2.81832274e-02  3.23867142e-01 -4.83390599e-01 -5.20472601e-03 -1.90088034e-01 -3.72166455e-01  2.28404835e-01  3.43729198e-01  9.50887054e-02]
 [ 9.01915208e-02 -1.97035879e-01  1.66779339e-01 -3.00283998e-01  8.33670199e-02 -2.43900746e-01 -1.18026026e-01 -4.22821015e-01  2.56276429e-01 -2.18229592e-01  2.96899587e-01  2.17691198e-01  5.97458743e-02  1.44458756e-01  9.78146866e-02]
 [ 2.57359564e-01  4.59190365e-03  4.05434258e-02 -5.28330579e-02  5.04466519e-02 -1.67158514e-01  6.41085654e-02 -1.92236885e-01 -1.61682263e-01 -1.47850290e-02 -3.17898661e-01 -9.12443697e-02 -1.20394938e-01 -3.85427997e-02 -2.13290323e-02]
 [-7.01302523e-03 -1.97345451e-01  1.79193735e-01  4.05783355e-02  2.78749526e-01 -7.10862875e-02  9.18257758e-02  2.71052518e-03  1.60015479e-01 -4.20561656e-02  7.18311667e-02  9.88469645e-02 -1.29105493e-01 -2.30900347e-02  5.13436079e-01]
 [ 4.43656705e-02  2.34565571e-01 -2.78138220e-01 -1.08663850e-01  2.00431928e-01  1.48240522e-01  1.25824660e-01  2.08930418e-01  1.30944505e-01  2.22535226e-02 -1.26477713e-02  7.67215371e-01  2.45868549e-01 -9.02459472e-02 -8.46996307e-02]
 [ 3.40152472e-01 -2.59941351e-02  9.96681675e-02  1.96839333e-01 -1.99501112e-01 -2.10134476e-01  6.75494373e-02  9.93785933e-02 -3.68587554e-01 -3.73628765e-01  2.95142740e-01  6.27403185e-02  1.56398088e-01  1.99755698e-01 -6.40097354e-03]
 [-6.64353371e-02 -2.82337200e-02  1.61599256e-02 -7.47903390e-03  6.15167059e-02 -3.17537673e-02 -2.74920221e-02  5.27861305e-02  6.16017878e-02 -9.95691121e-02  1.76284350e-02  5.38866210e-04 -1.77893024e-02 -3.04936394e-02  2.44490299e-02]]
R:
[[0.97936434 0.00218553 0.0024966  0.00147291 0.00178171 0.00178082 0.00267728 0.00440504 0.00282902 0.00100672]
 [0.9748834  0.0032881  0.00300856 0.00171184 0.00208987 0.00228025 0.00368402 0.00474997 0.00307591 0.00122813]
 [0.9767716  0.0025189  0.00315295 0.00186362 0.001975   0.0017668  0.00282774 0.00457629 0.00335871 0.00118828]
 [0.96558905 0.00374461 0.00513012 0.0024011  0.00276372 0.00284414 0.0046569  0.00678235 0.00417857 0.00190943]
 [0.964758   0.00363098 0.00615487 0.00388736 0.00250868 0.00232598 0.00415417 0.00627845 0.00436267 0.0019388 ]
 [0.9619643  0.00361527 0.00604603 0.00546298 0.002933   0.00289806 0.00449528 0.00562055 0.00463213 0.00233224]
 [0.9241654  0.00782874 0.01456588 0.00991992 0.00472634 0.00493722 0.00894986 0.01198627 0.00905841 0.00386195]
 [0.9314821  0.00670202 0.01077194 0.0123287  0.00448743 0.00391346 0.00736255 0.01062335 0.00909627 0.00323223]
 [0.92310053 0.00700333 0.01317783 0.01335169 0.00540567 0.00483721 0.00899408 0.01121201 0.00896233 0.0039552 ]
 [0.87189347 0.01209557 0.02004519 0.03191552 0.0064906  0.00549498 0.01306223 0.01694662 0.01653507 0.00552086]
 [0.8363244  0.01608148 0.03532724 0.0296391  0.00881698 0.00866298 0.01841335 0.01965444 0.01927261 0.00780735]
 [0.85024524 0.01319286 0.02218194 0.04270856 0.00829974 0.00622378 0.01399844 0.01897639 0.01797115 0.00620197]
 [0.6511395  0.02476386 0.03614443 0.16695873 0.01221571 0.00877248 0.02549383 0.02738237 0.03522474 0.01190428]
 [0.4674541  0.03363185 0.05953336 0.25951138 0.01934459 0.01608446 0.04084449 0.03233717 0.05509554 0.01616307]
 [0.3553486  0.02439594 0.03532324 0.44945034 0.01330257 0.00964135 0.03159931 0.02721575 0.04059283 0.01313014]]
cosine similarity of topic:
[[ 1.00000048e+00  6.85979830e-05 -8.16303291e-05 -1.47984583e-05 -1.22168640e-05 -7.16337527e-05 -1.54326044e-05 -4.69840488e-05 -9.93329450e-05 -1.04110324e-04]
 [ 6.85979830e-05  1.00000012e+00  9.57842640e-05  7.18554948e-05 -3.79507910e-05  6.92665799e-06  3.66996974e-05 -1.62386114e-05  1.30525077e-05  2.79248779e-05]
 [-8.16303291e-05  9.57842640e-05  1.00000000e+00 -6.36235054e-05  7.95453307e-05  1.16829375e-04  6.56564589e-05  4.24585523e-05 -1.83648208e-05 -1.06190841e-04]
 [-1.47984583e-05  7.18554948e-05 -6.36235054e-05  9.99999821e-01  7.98361998e-06  1.59882766e-05  4.78090078e-05 -6.51932787e-05  3.08163690e-05  1.63291350e-06]
 [-1.22168640e-05 -3.79507910e-05  7.95453307e-05  7.98361998e-06  9.99999702e-01  7.28473606e-05  4.31888511e-05  2.56195024e-04  6.82400350e-05 -1.66722224e-04]
 [-7.16337527e-05  6.92665799e-06  1.16829375e-04  1.59882766e-05  7.28473606e-05  1.00000000e+00  1.61407900e-06  9.29212038e-05 -2.50733392e-05  6.94202436e-06]
 [-1.54326044e-05  3.66996974e-05  6.56564589e-05  4.78090078e-05  4.31888511e-05  1.61407900e-06  9.99999940e-01 -9.13395488e-05  4.98740565e-06 -3.13469645e-05]
 [-4.69840488e-05 -1.62386114e-05  4.24585523e-05 -6.51932787e-05  2.56195024e-04  9.29212038e-05 -9.13395488e-05  9.99999940e-01 -4.65289522e-05 -4.60508381e-05]
 [-9.93329450e-05  1.30525077e-05 -1.83648208e-05  3.08163690e-05  6.82400350e-05 -2.50733392e-05  4.98740565e-06 -4.65289522e-05  9.99999583e-01  6.17059504e-06]
 [-1.04110324e-04  2.79248779e-05 -1.06190841e-04  1.63291350e-06 -1.66722224e-04  6.94202436e-06 -3.13469645e-05 -4.60508381e-05  6.17059504e-06  1.00000036e+00]]
